-6.93901219741E+001
-6.58654757099E+001
-6.59461844709E+001
-6.51824870097E+001
-6.67833558597E+001
-6.65222288665E+001
-6.63542860385E+001
-6.64287812361E+001
-6.61270988818E+001
-6.59149489958E+001
-6.59610267431E+001
-6.54385297415E+001
-6.53763497430E+001
-6.56889004851E+001
-6.56049273319E+001
-6.56068978215E+001
-6.57897935513E+001
-6.56331063725E+001
-6.56475185794E+001
-6.55044799443E+001
-6.54721033279E+001
-6.54178432173E+001
-6.57009418915E+001
-6.59253222505E+001
-6.59348141134E+001
-6.58771455198E+001
-6.58200167874E+001
-6.56861207818E+001
-6.57840253787E+001
-6.56966807885E+001
-6.56745625468E+001
-6.56109911201E+001
-6.55136854573E+001
-6.54524505045E+001
-6.53669792995E+001
-6.54507775713E+001
-6.53648158505E+001
-6.53682632956E+001
-6.53007722578E+001
-6.53908547602E+001
-6.56591187251E+001
-6.56093063239E+001
-6.55198160530E+001
-6.55375644844E+001
-6.55784463744E+001
-6.55797089178E+001
-6.55977507263E+001
-6.56929332406E+001
-6.57284155546E+001
-6.56924163342E+001
-6.56104086763E+001
-6.56648233473E+001
-6.56845581142E+001
-6.56870204195E+001
-6.57285820561E+001
-6.57174861373E+001
-6.57284541942E+001
-6.56952026485E+001
-6.56798352021E+001
-6.57410248570E+001
-6.56954162363E+001
-6.57083299944E+001
-6.57684909925E+001
-6.57772434157E+001
-6.57957165493E+001
-6.58305210725E+001
-6.58699275558E+001
-6.58309072744E+001
-6.58058242260E+001
-6.58614887422E+001
-6.58031911378E+001
-6.58095726019E+001
-6.58045892049E+001
-6.57857092348E+001
-6.58820324468E+001
-6.58487274046E+001
-6.58474236414E+001
-6.59093739586E+001
-6.59572690490E+001
-6.58902113023E+001
-6.59185719094E+001
-6.59618485412E+001
-6.60004025969E+001
-6.60017116088E+001
-6.59300728111E+001
-6.59268812361E+001
-6.59454636026E+001
-6.59443139488E+001
-6.59267088824E+001
-6.59164879593E+001
-6.58828700888E+001
-6.58777464354E+001
-6.58932837492E+001
-6.59945399943E+001
-6.59775519047E+001
-6.59633224392E+001
-6.59259236272E+001
-6.59483166042E+001
-6.60129786595E+001
-6.60588268747E+001
-6.61460531471E+001
-6.61236079068E+001
-6.60429542696E+001
-6.60312292438E+001
-6.60543195085E+001
-6.60633886968E+001
-6.60928691381E+001
-6.60911925913E+001
-6.60769162662E+001
-6.60586557151E+001
-6.60681213920E+001
-6.61271641459E+001
-6.61222997389E+001
-6.61010659825E+001
-6.61191229588E+001
-6.61014304852E+001
-6.61646803480E+001
-6.61731330200E+001
-6.61891405581E+001
-6.61427725618E+001
-6.60361376378E+001
-6.60088142033E+001
-6.59451288376E+001
-6.60117649276E+001
-6.59992732421E+001
-6.60077573554E+001
-6.60299165291E+001
-6.60150837863E+001
-6.60088114844E+001
-6.60167425630E+001
-6.60740553651E+001
-6.60982238750E+001
-6.61166741233E+001
-6.61204668304E+001
-6.61465155888E+001
-6.61516592897E+001
-6.61758422961E+001
-6.62125503210E+001
-6.62131629975E+001
-6.62559184761E+001
-6.62464002808E+001
-6.62553462070E+001
-6.62824685652E+001
-6.64052179449E+001
-6.64658728488E+001
-6.64049611263E+001
-6.63542003294E+001
-6.63481303527E+001
-6.63905097495E+001
-6.63520059355E+001
-6.63924684928E+001
-6.63760102838E+001
-6.64276743851E+001
-6.64000081105E+001
-6.63875801604E+001
-6.63335370852E+001
-6.62364627061E+001
-6.62679405206E+001
-6.62621429933E+001
-6.63064834723E+001
-6.63145671630E+001
-6.62967477744E+001
-6.63650657976E+001
-6.63547885544E+001
-6.63272214323E+001
-6.63292873392E+001
-6.63141990901E+001
-6.62478600712E+001
-6.62686198202E+001
-6.61974485463E+001
-6.62801874236E+001
-6.62885429335E+001
-6.62691529834E+001
-6.62980771920E+001
-6.62867364683E+001
-6.62590352128E+001
-6.63377935987E+001
-6.64372888805E+001
-6.64003346931E+001
-6.63451359599E+001
-6.63285090090E+001
-6.63386212431E+001
-6.63014299500E+001
-6.63360263972E+001
-6.62986775888E+001
-6.63448835037E+001
-6.63424020863E+001
-6.63399440495E+001
-6.63435586962E+001
-6.63092264802E+001
-6.64096600490E+001
-6.64821832343E+001
-6.64605561916E+001
-6.64589990675E+001
-6.63780172003E+001
-6.64221317234E+001
-6.64093205604E+001
-6.64045825777E+001
-6.64076317009E+001
-6.63749992358E+001
-6.62856739808E+001
-6.62985569618E+001
-6.62467847350E+001
-6.61462163440E+001
-6.61976455393E+001
-6.62001307845E+001
-6.61280314396E+001
-6.61574813291E+001
-6.61105351373E+001
-6.61272639464E+001
-6.61327421032E+001
-6.61163966772E+001
-6.61024599600E+001
-6.61203585733E+001
-6.60590173768E+001
-6.60984659067E+001
-6.61284595812E+001
-6.61841321115E+001
-6.61947129774E+001
-6.61746026850E+001
-6.61992860833E+001
-6.62658558157E+001
-6.62842035755E+001
-6.62469849580E+001
-6.62315032283E+001
-6.62532130838E+001
-6.62602432334E+001
-6.62606848221E+001
-6.62290137367E+001
-6.61551441255E+001
-6.61408003155E+001
-6.61343484763E+001
-6.60926771339E+001
-6.61329475612E+001
-6.60871780558E+001
-6.61079444180E+001
-6.61256970755E+001
-6.61007381223E+001
-6.61010349528E+001
-6.60966789794E+001
-6.61352428128E+001
-6.61747034273E+001
-6.61543394819E+001
-6.62522932238E+001
-6.61837282084E+001
-6.61848821973E+001
-6.62137202382E+001
-6.62761538434E+001
-6.62839829534E+001
-6.62401605721E+001
-6.62379558556E+001
-6.61307405973E+001
-6.61726990694E+001
-6.61921337471E+001
-6.62125417693E+001
-6.61905925818E+001
-6.61480348851E+001
-6.61258459159E+001
-6.60776301324E+001
-6.60370316419E+001
-6.60434860774E+001
-6.60502434609E+001
-6.60019798694E+001
-6.59667702772E+001
-6.59805663277E+001
-6.59349966338E+001
-6.58935712304E+001
-6.58632400712E+001
-6.59087336410E+001
-6.58729809707E+001
-6.59405667635E+001
-6.59624941538E+001
-6.59564171680E+001
-6.59674432689E+001
-6.59462752603E+001
-6.59355435066E+001
-6.59586958970E+001
-6.60050499861E+001
-6.60059623570E+001
-6.60673343208E+001
-6.60819074711E+001
-6.60459895608E+001
-6.59974573881E+001
-6.59886256153E+001
-6.59798570180E+001
-6.59556736065E+001
-6.59342892775E+001
-6.59307813834E+001
-6.59419119639E+001
-6.59792989331E+001
-6.59257947530E+001
-6.59017697795E+001
-6.58742370625E+001
-6.58529505977E+001
-6.58968207011E+001
-6.58366036416E+001
-6.58942791668E+001
-6.59313852166E+001
-6.59780044491E+001
-6.59460346330E+001
-6.59609641705E+001
-6.59560473748E+001
-6.59642232070E+001
-6.59830831161E+001
-6.60468524941E+001
-6.60229688208E+001
-6.60462158109E+001
-6.60361932609E+001
-6.60529601311E+001
-6.60279863796E+001
-6.60147569386E+001
-6.60348695078E+001
-6.60368496746E+001
-6.59490868485E+001
-6.59286116157E+001
-6.59424992499E+001
-6.59662224431E+001
-6.59370186196E+001
-6.59492237623E+001
-6.59344553997E+001
-6.59373063361E+001
-6.58682844050E+001
-6.58787368721E+001
-6.58644174671E+001
-6.58972352378E+001
-6.58785300912E+001
-6.60812818366E+001
-6.60704672779E+001
-6.59615950931E+001
-6.59263348653E+001
-6.59464783561E+001
-6.60115672836E+001
-6.60042796274E+001
-6.59839580916E+001
-6.60106680850E+001
-6.60225153008E+001
-6.60086924106E+001
-6.60382655418E+001
-6.59944394105E+001
-6.59598088261E+001
-6.59753447343E+001
-6.58950493646E+001
-6.58324020393E+001
-6.58211978677E+001
-6.57938353201E+001
-6.57989234437E+001
-6.58037305100E+001
-6.58245886395E+001
-6.58415344725E+001
-6.58195063421E+001
-6.58702321572E+001
-6.59004347302E+001
-6.59171686040E+001
-6.59591504622E+001
-6.59754423453E+001
-6.59722227942E+001
-6.59589365924E+001
-6.60651243550E+001
-6.60418883873E+001
-6.59755961120E+001
-6.59550670415E+001
-6.59346114602E+001
-6.60308103707E+001
-6.60754112061E+001
-6.60960961246E+001
-6.61361544043E+001
-6.60751474884E+001
-6.60892071625E+001
-6.60132085492E+001
-6.59450138005E+001
-6.59464242378E+001
-6.59342580772E+001
-6.59292718622E+001
-6.58744737931E+001
-6.58719066404E+001
-6.58363602440E+001
-6.58184819444E+001
-6.57947964280E+001
-6.57822823436E+001
-6.57515415754E+001
-6.57441089723E+001
-6.57817752254E+001
-6.57683182804E+001
-6.58193383391E+001
-6.57358912648E+001
-6.57460145574E+001
-6.57344449033E+001
-6.56676531245E+001
-6.57032978802E+001
-6.57266064372E+001
-6.57316122449E+001
-6.57085459102E+001
-6.56703320683E+001
-6.57096067396E+001
-6.56065013430E+001
-6.55884733402E+001
-6.55525038746E+001
-6.55258245269E+001
-6.54432348148E+001
-6.54871263984E+001
-6.54946173633E+001
-6.54844727988E+001
-6.54938177235E+001
-6.55407325733E+001
-6.55351165052E+001
-6.55570318085E+001
-6.55604481143E+001
-6.55319872839E+001
-6.55691115987E+001
-6.57076222519E+001
-6.57097524217E+001
-6.57243174063E+001
-6.57346625360E+001
-6.57830637606E+001
-6.57865309732E+001
-6.58117904404E+001
-6.58567082034E+001
-6.59264437671E+001
-6.59689864505E+001
-6.59157591185E+001
-6.59089532849E+001
-6.58795646209E+001
-6.58536898569E+001
-6.57995061014E+001
-6.58425897049E+001
-6.58346915263E+001
-6.58798600137E+001
-6.58611071286E+001
-6.57912093031E+001
-6.57719322376E+001
-6.57355879448E+001
-6.57337356522E+001
-6.57181181888E+001
-6.56782365218E+001
-6.56448469853E+001
-6.56461017764E+001
-6.56796278259E+001
-6.56756054641E+001
-6.56389343328E+001
-6.55989550241E+001
-6.55591816441E+001
-6.55679248784E+001
-6.56228969646E+001
-6.56071895414E+001
-6.56285241982E+001
-6.54919034323E+001
-6.54738779662E+001
-6.54430832825E+001
-6.54459384793E+001
-6.54227740338E+001
-6.55185657036E+001
-6.55580773178E+001
-6.55863800824E+001
-6.56095557221E+001
-6.55798038092E+001
-6.55095762803E+001
-6.56142027947E+001
-6.56524581859E+001
-6.57178762041E+001
-6.57143183098E+001
-6.57359165056E+001
-6.57265610451E+001
-6.57900887574E+001
-6.57683008289E+001
-6.57931964280E+001
-6.58249919564E+001
-6.58655096425E+001
-6.58454175032E+001
-6.59117288169E+001
-6.60136731870E+001
-6.60179544813E+001
-6.60399939297E+001
-6.60211149781E+001
-6.59454897461E+001
-6.59796839065E+001
-6.60462346608E+001
-6.60562199410E+001
-6.59793554164E+001
-6.59168600102E+001
-6.58922083918E+001
-6.58860255944E+001
-6.59028718697E+001
-6.59239308332E+001
-6.59943100024E+001
-6.60331906231E+001
-6.59678835284E+001
-6.59083416658E+001
-6.58774206540E+001
-6.58332791944E+001
-6.58695201605E+001
-6.59191227337E+001
-6.59079916168E+001
-6.59861375555E+001
-6.59714972433E+001
-6.59916335893E+001
-6.60250876485E+001
-6.60290893798E+001
-6.59630398834E+001
-6.59688584846E+001
-6.59770394570E+001
-6.59642821792E+001
-6.60113705478E+001
-6.59717336751E+001
-6.59523566964E+001
-6.59042189391E+001
-6.59706277494E+001
-6.59308998249E+001
-6.59889364267E+001
-6.59255640510E+001
-6.59526100417E+001
-6.60043219050E+001
-6.60458131267E+001
-6.60632034894E+001
-6.59585518569E+001
-6.59458708333E+001
-6.59045568983E+001
-6.59760854584E+001
-6.60048215031E+001
-6.59966119910E+001
-6.60331973835E+001
-6.60374646595E+001
-6.60682846260E+001
-6.61938284762E+001
-6.61565830944E+001
-6.61823312265E+001
-6.61947559867E+001
-6.62163653114E+001
-6.62041279889E+001
-6.62315835966E+001
-6.62204005877E+001
-6.62216326030E+001
-6.62300199770E+001
-6.62474715134E+001
-6.62780581706E+001
-6.62109200095E+001
-6.62664896628E+001
-6.63221465274E+001
-6.63433565179E+001
-6.63619685154E+001
-6.63478632391E+001
-6.64068362396E+001
-6.64049527640E+001
-6.63843790377E+001
-6.64360558218E+001
-6.65200490857E+001
-6.65259449775E+001
-6.65830834892E+001
-6.65771527916E+001
-6.66153262588E+001
-6.66230248231E+001
-6.65450943219E+001
-6.66631659968E+001
-6.66504239761E+001
-6.67127520375E+001
-6.66235343347E+001
-6.66227629083E+001
-6.66008400166E+001
-6.65810521067E+001
-6.66045865172E+001
-6.65399203062E+001
-6.64532152561E+001
-6.64602302813E+001
-6.64468298561E+001
-6.64762152485E+001
-6.64402417735E+001
-6.64569825740E+001
-6.64566376238E+001
-6.64420984311E+001
-6.63957058026E+001
-6.63095612010E+001
-6.63843068541E+001
-6.63868869700E+001
-6.64223814149E+001
-6.64758896518E+001
-6.65140803087E+001
-6.64652437725E+001
-6.64569507000E+001
-6.64424518055E+001
-6.64207771600E+001
-6.64401655311E+001
-6.64931535788E+001
-6.65167106062E+001
-6.65091677225E+001
-6.64953634167E+001
-6.65773918323E+001
-6.65669077265E+001
-6.65782985243E+001
-6.65750096815E+001
-6.65879406764E+001
-6.66885146420E+001
-6.66874307527E+001
-6.66925895189E+001
-6.67076739734E+001
-6.67051725623E+001
-6.67200934198E+001
-6.67378017835E+001
-6.67651742719E+001
-6.68859757606E+001
-6.68983902681E+001
-6.69077450873E+001
-6.69152603026E+001
-6.68515798407E+001
-6.68398853023E+001
-6.68418653424E+001
-6.67813163292E+001
-6.67899584452E+001
-6.67834822936E+001
-6.66673092722E+001
-6.66477399558E+001
-6.65436772306E+001
-6.65470653499E+001
-6.65257084023E+001
-6.65087906098E+001
-6.64724277661E+001
-6.65021068305E+001
-6.65311295229E+001
-6.65448161901E+001
-6.65583715309E+001
-6.66056907570E+001
-6.65675614755E+001
-6.65066416382E+001
-6.65213726609E+001
-6.65896765691E+001
-6.66021980689E+001
-6.66758891946E+001
-6.66934363402E+001
-6.65895439798E+001
-6.65937934672E+001
-6.65261617639E+001
-6.66205573305E+001
-6.66608613029E+001
-6.66976952290E+001
-6.66579493629E+001
-6.65827708399E+001
-6.65158813778E+001
-6.64791142711E+001
-6.65191855574E+001
-6.66120236297E+001
-6.66136382146E+001
-6.66761104726E+001
-6.67828960317E+001
-6.67429454583E+001
-6.67612388437E+001
-6.66804751126E+001
-6.66949448992E+001
-6.67819835961E+001
-6.68889525650E+001
-6.68866341857E+001
-6.69000692550E+001
-6.69145931235E+001
-6.68839116962E+001
-6.68919376231E+001
-6.68324075429E+001
-6.68426201654E+001
-6.68480155528E+001
-6.68814347891E+001
-6.68127413823E+001
-6.68735767888E+001
-6.67722197055E+001
-6.67761015354E+001
-6.68046426860E+001
-6.67890511694E+001
-6.67640497269E+001
-6.67788258876E+001
-6.67982852928E+001
-6.68209329047E+001
-6.68133907379E+001
-6.67045950746E+001
-6.66753487162E+001
-6.66687118126E+001
-6.66935007983E+001
-6.67565407968E+001
-6.67102523335E+001
-6.66129279434E+001
-6.66470483604E+001
-6.66335609285E+001
-6.66240159603E+001
-6.66645627745E+001
-6.67618641822E+001
-6.68084733146E+001
-6.67807255750E+001
-6.68608886289E+001
-6.69213970404E+001
-6.69274524884E+001
-6.69269435587E+001
-6.70358534272E+001
-6.69789396012E+001
-6.69579980377E+001
-6.69544166852E+001
-6.70152580490E+001
-6.70064006039E+001
-6.69449735761E+001
-6.69480794759E+001
-6.70073489701E+001
-6.69458056149E+001
-6.68395716951E+001
-6.68812545817E+001
-6.68285089492E+001
-6.69055688852E+001
-6.69446232416E+001
-6.70209408901E+001
-6.70740057059E+001
-6.70145463372E+001
-6.69884580530E+001
-6.69470369000E+001
-6.69523949375E+001
-6.70231841382E+001
-6.70044914779E+001
-6.70150678783E+001
-6.70720756671E+001
-6.70850113572E+001
-6.70871040413E+001
-6.71214248867E+001
-6.70984285017E+001
-6.70802286570E+001
-6.70825208431E+001
-6.71316351956E+001
-6.71736686716E+001
-6.71677789752E+001
-6.73522130019E+001
-6.74689608168E+001
-6.74182332084E+001
-6.74719565018E+001
-6.74760116857E+001
-6.74542736286E+001
-6.74581000881E+001
-6.75584241201E+001
-6.76366004334E+001
-6.76111847467E+001
-6.75826254928E+001
-6.76712250982E+001
-6.76153871383E+001
-6.76009392633E+001
-6.76644971176E+001
-6.77091363836E+001
-6.76454351730E+001
-6.77403759160E+001
-6.77573401088E+001
-6.77215721610E+001
-6.78199632973E+001
-6.77573557346E+001
-6.77440486794E+001
-6.77286485204E+001
-6.77744375505E+001
-6.77677918977E+001
-6.77682490749E+001
-6.77257669793E+001
-6.76844242089E+001
-6.75962050336E+001
-6.76237687710E+001
-6.77258599814E+001
-6.77331035218E+001
-6.77438804629E+001
-6.77135710851E+001
-6.76548434727E+001
-6.77905477653E+001
-6.79184964070E+001
-6.79212811987E+001
-6.79537142312E+001
-6.79996408791E+001
-6.80331344432E+001
-6.80622843905E+001
-6.81253505749E+001
-6.81969409147E+001
-6.82425196261E+001
-6.82723218920E+001
-6.82604540971E+001
-6.82860510088E+001
-6.82333579127E+001
-6.82057822573E+001
-6.82314679993E+001
-6.82573487453E+001
-6.82713919236E+001
-6.82460005899E+001
-6.82489652019E+001
-6.81900341349E+001
-6.81231075491E+001
-6.81098429652E+001
-6.80962682335E+001
-6.81482815336E+001
-6.80966167171E+001
-6.80889942885E+001
-6.80624984619E+001
-6.80852773447E+001
-6.80857564042E+001
-6.81358432477E+001
-6.81469465497E+001
-6.81321758637E+001
-6.80415704900E+001
-6.80998156057E+001
-6.81957287803E+001
-6.81536408502E+001
-6.81733358949E+001
-6.81637424882E+001
-6.81885939979E+001
-6.82059954954E+001
-6.81495012747E+001
-6.80179130545E+001
-6.80796524873E+001
-6.81189072280E+001
-6.81521260505E+001
-6.81823755529E+001
-6.82158491992E+001
-6.82389998259E+001
-6.82882547014E+001
-6.82754643769E+001
-6.82587483911E+001
-6.82838494686E+001
-6.82801329890E+001
-6.83179297201E+001
-6.83101424405E+001
-6.83398777620E+001
-6.83424020212E+001
-6.84178719277E+001
-6.84449546212E+001
-6.84632436236E+001
-6.84323872321E+001
-6.84330052217E+001
-6.84785062598E+001
-6.84788112014E+001
-6.85096401839E+001
-6.84993503292E+001
-6.84345749294E+001
-6.84458874667E+001
-6.84248716419E+001
-6.84397879189E+001
-6.84544423303E+001
-6.84998996290E+001
-6.84678601087E+001
-6.84429645316E+001
-6.83759853783E+001
-6.84065698565E+001
-6.83874008712E+001
-6.83884838560E+001
-6.84856294089E+001
-6.84910684368E+001
-6.84183922577E+001
-6.84928643712E+001
-6.84806400453E+001
-6.84749834098E+001
-6.85004148782E+001
-6.85478925522E+001
-6.85597143648E+001
-6.85773163664E+001
-6.85549799718E+001
-6.86182326914E+001
-6.86614936090E+001
-6.86418876395E+001
-6.86793440401E+001
-6.86226559776E+001
-6.86382583232E+001
-6.86186538053E+001
-6.86147843050E+001
-6.86014249296E+001
-6.87123077670E+001
-6.86824030683E+001
-6.86753568196E+001
-6.86093862589E+001
-6.86622168579E+001
-6.87084769074E+001
-6.86455108285E+001
-6.86572166646E+001
-6.86589639570E+001
-6.86303889429E+001
-6.86385800871E+001
-6.86739376473E+001
-6.87370664656E+001
-6.86617997527E+001
-6.86027248368E+001
-6.87464940396E+001
-6.86092095001E+001
-6.86932230724E+001
-6.86953880707E+001
-6.86741384898E+001
-6.86267339548E+001
-6.86359101618E+001
-6.87238340504E+001
-6.86891762879E+001
-6.86222144807E+001
-6.86039864955E+001
-6.86391887250E+001
-6.85443909951E+001
-6.85360992588E+001
-6.85778759135E+001
-6.86316888236E+001
-6.86792942721E+001
-6.87040570741E+001
-6.86589237801E+001
-6.86450941299E+001
-6.86577048223E+001
-6.86048306220E+001
-6.85865226691E+001
-6.86026891185E+001
-6.86539827429E+001
-6.86401709773E+001
-6.86864174825E+001
-6.87320228226E+001
-6.88090301995E+001
-6.88096366057E+001
-6.89214040382E+001
-6.89709366794E+001
-6.88828397389E+001
-6.88743158593E+001
-6.88821629177E+001
-6.88939421035E+001
-6.88931629668E+001
-6.87831509689E+001
-6.86769893156E+001
-6.87006253583E+001
-6.87406299800E+001
-6.86556246498E+001
-6.86787889534E+001
-6.86463977731E+001
-6.86331982542E+001
-6.85970636812E+001
-6.85434553027E+001
-6.85218740946E+001
-6.84896124032E+001
-6.84440238959E+001
-6.84498960492E+001
-6.84731325795E+001
-6.85594091478E+001
-6.85665447770E+001
-6.85740263523E+001
-6.85198317720E+001
-6.84833828322E+001
-6.85101477012E+001
-6.85445576091E+001
-6.85778966054E+001
-6.85899688674E+001
-6.84953809288E+001
-6.84722240752E+001
-6.85007349821E+001
-6.85017805034E+001
-6.85808020042E+001
-6.86393991089E+001
-6.86344500284E+001
-6.86957256117E+001
-6.87355273129E+001
-6.87780944143E+001
-6.87800368026E+001
-6.86574905525E+001
-6.86019992559E+001
-6.86378626705E+001
-6.86626233908E+001
-6.86606975870E+001
-6.86546574696E+001
-6.86152430039E+001
-6.86195777061E+001
-6.86387034185E+001
-6.86633640595E+001
-6.86110211123E+001
-6.85765670212E+001
-6.86603398719E+001
-6.87285364887E+001
-6.87293038440E+001
-6.87975297672E+001
-6.88362040235E+001
-6.88874034745E+001
-6.88995198925E+001
-6.88936043207E+001
-6.89184493947E+001
-6.88685760589E+001
-6.88748647000E+001
-6.87960488508E+001
-6.88925999346E+001
-6.89247129374E+001
-6.89789697004E+001
-6.90154169348E+001
-6.89558727203E+001
-6.89965348406E+001
-6.90252123602E+001
-6.90208375785E+001
-6.91491501102E+001
-6.91110968646E+001
-6.91390831374E+001
-6.90800572849E+001
-6.90753852782E+001
-6.90393543829E+001
-6.90837976472E+001
-6.90678543121E+001
-6.90729087426E+001
-6.90741367781E+001
-6.90902718192E+001
-6.91267777989E+001
-6.90214081839E+001
-6.90238527889E+001
-6.90189431016E+001
-6.89824637187E+001
-6.89614656753E+001
-6.89234798067E+001
-6.88943044836E+001
-6.88670836713E+001
-6.88456488600E+001
-6.88373470869E+001
-6.88130472694E+001
-6.87932273636E+001
-6.87992362225E+001
-6.87780969311E+001
-6.87922951328E+001
-6.88618043650E+001
-6.87938595028E+001
-6.87785221086E+001
-6.87410501265E+001
-6.87699691376E+001
-6.86886843741E+001
-6.87003239762E+001
-6.87513571332E+001
-6.87926365182E+001
-6.87700691914E+001
-6.87123666815E+001
-6.88404763356E+001
-6.88661220209E+001
-6.88394931529E+001
-6.88646305097E+001
-6.89186930598E+001
-6.88704273576E+001
-6.89033058295E+001
-6.89292953714E+001
-6.89312568727E+001
-6.88224861700E+001
-6.87913184240E+001
-6.87267546729E+001
-6.86995300845E+001
-6.86922018439E+001
-6.86681093712E+001
-6.87272366659E+001
-6.86970764413E+001
-6.86574675189E+001
-6.87132028343E+001
-6.87297738161E+001
-6.87293334783E+001
-6.87292679802E+001
-6.87705478513E+001
-6.87487001133E+001
-6.85985500233E+001
-6.85704712674E+001
-6.85874532623E+001
-6.85886214093E+001
-6.86060757583E+001
-6.87512732853E+001
-6.87013801039E+001
-6.86958562853E+001
-6.87312661465E+001
-6.86990218676E+001
-6.87092270764E+001
-6.87121531482E+001
-6.86581093291E+001
-6.86257203776E+001
-6.86121801553E+001
-6.84937824191E+001
-6.84579629328E+001
-6.84593962358E+001
-6.84789545221E+001
-6.84770963603E+001
-6.85854734307E+001
-6.85940721889E+001
-6.86927859606E+001
-6.86490718397E+001
-6.86218842268E+001
-6.85874523710E+001
-6.86056379981E+001
-6.85848851115E+001
-6.85721658023E+001
-6.85695171802E+001
-6.85476945075E+001
-6.85348821963E+001
-6.85536319859E+001
-6.85361947250E+001
-6.85674648340E+001
-6.86327948895E+001
-6.86275178771E+001
-6.85049220342E+001
-6.84413541152E+001
-6.84634030661E+001
-6.85102808586E+001
-6.85623131537E+001
-6.85978624899E+001
-6.85835894752E+001
-6.85971813756E+001
-6.86094616114E+001
-6.86770404016E+001
-6.86871905877E+001
-6.87052112997E+001
-6.88482072203E+001
-6.88011593928E+001
-6.87751117300E+001
-6.87981275864E+001
-6.87797020753E+001
-6.87457944094E+001
-6.87572822943E+001
-6.87220706708E+001
-6.86895273070E+001
-6.86619109830E+001
-6.86531348800E+001
-6.87165791202E+001
-6.86877057547E+001
-6.87237824085E+001
-6.87521904426E+001
-6.87568557392E+001
-6.87604617538E+001
-6.87442635423E+001
-6.87188221775E+001
-6.89025517376E+001
-6.88106254782E+001
-6.87711496479E+001
-6.87881027752E+001
-6.87039323317E+001
-6.86725283969E+001
-6.87020941381E+001
-6.86477890985E+001
-6.87041191482E+001
-6.87475606562E+001
-6.87515122459E+001
-6.88011031096E+001
-6.88419656018E+001
-6.87233877853E+001
-6.86958342212E+001
-6.86764464642E+001
-6.86442861250E+001
-6.86840536886E+001
-6.87244674366E+001
-6.86812514937E+001
-6.87053199040E+001
-6.86126429771E+001
-6.86602851380E+001
-6.86298708610E+001
-6.86406333632E+001
-6.86805171894E+001
-6.86716945556E+001
-6.85982194429E+001
-6.86259634735E+001
-6.87048867145E+001
-6.86981584030E+001
-6.87297446006E+001
-6.86638325107E+001
-6.86373012318E+001
-6.87814601595E+001
-6.88276521155E+001
-6.88282970829E+001
-6.88570975340E+001
-6.88904044639E+001
-6.88592018830E+001
-6.88375209958E+001
-6.90153574568E+001
-6.90364748188E+001
-6.90894096941E+001
-6.90729933812E+001
-6.90578546308E+001
-6.90509045368E+001
-6.90563139217E+001
-6.90263799266E+001
-6.90682547281E+001
-6.90529364738E+001
-6.90854713678E+001
-6.90315082538E+001
-6.90966074634E+001
-6.91637090633E+001
-6.92156158869E+001
-6.91760263119E+001
-6.91752580105E+001
-6.92210383681E+001
-6.91245744020E+001
-6.91609434903E+001
-6.92125240752E+001
-6.91816311432E+001
-6.91599591822E+001
-6.92071746047E+001
-6.91305506547E+001
-6.91217707414E+001
-6.91486710845E+001
-6.91814819253E+001
-6.91647593388E+001
-6.90817034895E+001
-6.91761726554E+001
-6.92066431793E+001
-6.93201910432E+001
-6.92589003833E+001
-6.91736686315E+001
-6.91630277211E+001
-6.90850575885E+001
-6.90999221819E+001
-6.90979778884E+001
-6.91211047415E+001
-6.91100103424E+001
-6.90727325648E+001
-6.91338915249E+001
-6.91008462131E+001
-6.90604849995E+001
-6.90190161060E+001
-6.91303718365E+001
-6.90016367752E+001
-6.89945920968E+001
-6.90045439768E+001
-6.90003944873E+001
-6.90627561601E+001
-6.90598850710E+001
-6.90301826314E+001
-6.90954008340E+001
-6.90878218807E+001
-6.91339020599E+001
-6.92480409899E+001
-6.93147748134E+001
-6.93276941929E+001
-6.93407336733E+001
-6.92779659928E+001
-6.92812685896E+001
-6.92686460787E+001
-6.92063073498E+001
-6.92203083853E+001
-6.92299168946E+001
-6.92794774202E+001
-6.92949880993E+001
-6.94044086533E+001
-6.94221465155E+001
-6.93913847417E+001
-6.94311172085E+001
-6.94182114889E+001
-6.93924695212E+001
-6.94484788180E+001
-6.94731782566E+001
-6.94246288730E+001
-6.93949589984E+001
-6.94112433933E+001
-6.94018535320E+001
-6.94005502180E+001
-6.93838471877E+001
-6.93712650564E+001
-6.94433708591E+001
-6.95392826207E+001
-6.95457379610E+001
-6.95722531460E+001
-6.95079235588E+001
-6.95350461104E+001
-6.94756448082E+001
-6.94450171836E+001
-6.94409576045E+001
-6.93915556610E+001
-6.93656547255E+001
-6.93150409788E+001
-6.92830173620E+001
-6.92461599044E+001
-6.92262878606E+001
-6.92744087097E+001
-6.93064308703E+001
-6.93179453445E+001
-6.92733497984E+001
-6.93040096205E+001
-6.92273580982E+001
-6.92465930639E+001
-6.93435198995E+001
-6.93046802077E+001
-6.92592779951E+001
-6.93526764715E+001
-6.91997881543E+001
-6.91790301880E+001
-6.91825096424E+001
-6.92055818115E+001
-6.91960489315E+001
-6.92582754584E+001
-6.91909674076E+001
-6.92502236065E+001
-6.92543544036E+001
-6.92441449116E+001
-6.92519721447E+001
-6.92202334568E+001
-6.91874427000E+001
-6.91544041346E+001
-6.92053289155E+001
-6.92854277536E+001
-6.92780819717E+001
-6.93285777887E+001
-6.93085192776E+001
-6.93152131042E+001
-6.92740797625E+001
-6.92857309770E+001
-6.92658886099E+001
-6.93110141049E+001
-6.93194525541E+001
-6.93140083457E+001
-6.93286165087E+001
-6.94869085025E+001
-6.94508453338E+001
-6.93866382937E+001
-6.93866342074E+001
-6.93360148246E+001
-6.93424367177E+001
-6.93376509234E+001
-6.91881055248E+001
-6.92277196624E+001
-6.93022357901E+001
-6.92921990625E+001
-6.94211283980E+001
-6.94126173676E+001
-6.94061213356E+001
-6.92587635346E+001
-6.92775325737E+001
-6.92452757830E+001
-6.93557814904E+001
-6.93619539464E+001
-6.93563521777E+001
-6.93228250403E+001
-6.93663138198E+001
-6.94034654716E+001
-6.94769521982E+001
-6.94452326781E+001
-6.95111330017E+001
-6.94237422616E+001
-6.94468349858E+001
-6.93557323702E+001
-6.93911592527E+001
-6.93614423817E+001
-6.93645715073E+001
-6.93790204863E+001
-6.93178896892E+001
-6.92929004306E+001
-6.93294373218E+001
-6.94029816094E+001
-6.93974915639E+001
-6.94471743912E+001
-6.94526345047E+001
-6.95036604458E+001
-6.95048331419E+001
-6.94985186241E+001
-6.94905858061E+001
-6.93969645350E+001
-6.94052276444E+001
-6.93600258142E+001
-6.93811100874E+001
-6.93962162921E+001
-6.94171995529E+001
-6.94037635275E+001
-6.94157918315E+001
-6.94452693793E+001
-6.94187352121E+001
-6.94224280000E+001
-6.95480062596E+001
-6.95446966914E+001
-6.96233721575E+001
-6.96393489278E+001
-6.96497726959E+001
-6.95761436264E+001
-6.95623425496E+001
-6.96108054575E+001
-6.96789040661E+001
-6.97378115100E+001
-6.97217951004E+001
-6.96767192758E+001
-6.96259135510E+001
-6.95924050020E+001
-6.95416228866E+001
-6.95498771114E+001
-6.94936853160E+001
-6.93978166559E+001
-6.93943459812E+001
-6.93721846337E+001
-6.93900219090E+001
-6.93183322100E+001
-6.94084041397E+001
-6.94308972788E+001
-6.94370301326E+001
-6.94569554024E+001
-6.94389722664E+001
-6.94609228863E+001
-6.93903314602E+001
-6.93639224034E+001
-6.94699103212E+001
-6.94732422287E+001
-6.94876574246E+001
-6.95965781433E+001
-6.95862535357E+001
-6.95260721861E+001
-6.95272423419E+001
-6.95667589479E+001
-6.95508965544E+001
-6.95759387329E+001
-6.95534756401E+001
-6.95861379226E+001
-6.95922656454E+001
-6.94657446571E+001
-6.94775889701E+001
-6.94437331728E+001
-6.94428221959E+001
-6.94622285342E+001
-6.94587555927E+001
-6.94779465692E+001
-6.93910913610E+001
-6.93696004179E+001
-6.93766275115E+001
-6.93472385457E+001
-6.93869134630E+001
-6.94397215821E+001
-6.94790668157E+001
-6.94763458558E+001
-6.94597346153E+001
-6.94917174422E+001
-6.94377796387E+001
-6.95681292549E+001
-6.95618631336E+001
-6.96484992832E+001
-6.96449850720E+001
-6.96324595843E+001
-6.96163117625E+001
-6.96611516146E+001
-6.96319609097E+001
-6.96332906682E+001
-6.96139610287E+001
-6.95639944797E+001
-6.96060408517E+001
-6.96959337981E+001
-6.96365241372E+001
-6.97147041255E+001
-6.97433728968E+001
-6.97013114344E+001
-6.96414507206E+001
-6.96349475162E+001
-6.96650767448E+001
-6.97100626551E+001
-6.97449051646E+001
-6.96897208081E+001
-6.96083580897E+001
-6.95962881059E+001
-6.95867862498E+001
-6.96233802343E+001
-6.96342259234E+001
-6.96677801439E+001
-6.96358809510E+001
-6.96259776760E+001
-6.97358017451E+001
-6.97389202599E+001
-6.97892415688E+001
-6.96998384987E+001
-6.95766968425E+001
-6.96066544880E+001
-6.96269821059E+001
-6.96831436394E+001
-6.96399671550E+001
-6.95726837419E+001
-6.96201991811E+001
-6.96306179374E+001
-6.96145615536E+001
-6.95056620358E+001
-6.95153017260E+001
-6.93928529673E+001
-6.94303625182E+001
-6.94815420199E+001
-6.94367791812E+001
-6.93526340802E+001
-6.93945823775E+001
-6.92671838623E+001
-6.92479068902E+001
-6.93115293867E+001
-6.93623534854E+001
-6.93414861361E+001
-6.92763389573E+001
-6.91830160822E+001
-6.92488515580E+001
-6.91859903581E+001
-6.92066901534E+001
-6.91181832502E+001
-6.91245291492E+001
-6.91253204094E+001
-6.91876619389E+001
-6.91392226076E+001
-6.91589889445E+001
-6.92592845389E+001
-6.92962540664E+001
-6.93330760233E+001
-6.92390855917E+001
-6.92121846933E+001
-6.91536995333E+001
-6.91656734538E+001
-6.90950242090E+001
-6.90431323956E+001
-6.90363127296E+001
-6.90922363074E+001
-6.91321203443E+001
-6.91174417120E+001
-6.90525625622E+001
-6.90521572849E+001
-6.91392488246E+001
-6.91932304283E+001
-6.92783717151E+001
-6.92695243487E+001
-6.92296611473E+001
-6.92523565492E+001
-6.92598127945E+001
-6.91665136001E+001
-6.91616128188E+001
-6.90976797134E+001
-6.90616934468E+001
-6.90691315244E+001
-6.90164950887E+001
-6.90726738722E+001
-6.91101796614E+001
-6.90755129174E+001
-6.90039117617E+001
-6.89900140624E+001
-6.89926585992E+001
-6.90729613189E+001
-6.90975375695E+001
-6.91168549507E+001
-6.91952274336E+001
-6.91212312551E+001
-6.91090705490E+001
-6.90592163865E+001
-6.90917349057E+001
-6.91789708214E+001
-6.91705933569E+001
-6.91038924040E+001
-6.91353187131E+001
-6.91372783302E+001
-6.91553268998E+001
-6.91766141110E+001
-6.91522577878E+001
-6.91182581609E+001
-6.91761060312E+001
-6.90919485519E+001
-6.90218352676E+001
-6.90843283282E+001
-6.91139077982E+001
-6.91061021123E+001
-6.90839442122E+001
-6.90877460782E+001
-6.90575210412E+001
-6.91535699247E+001
-6.91752694921E+001
-6.91572316069E+001
-6.91771441321E+001
-6.92088238988E+001
-6.92422743582E+001
-6.91829865674E+001
-6.91707545384E+001
-6.91353954122E+001
-6.92132301920E+001
-6.92114061335E+001
-6.93413470801E+001
-6.93244837003E+001
-6.93324428351E+001
-6.93520866889E+001
-6.94386052804E+001
-6.94487713244E+001
-6.95113786105E+001
-6.95001052893E+001
-6.95331201044E+001
-6.95879643494E+001
-6.95495136849E+001
-6.96091775475E+001
-6.94668486913E+001
-6.94493273430E+001
-6.94535032974E+001
-6.94369877260E+001
-6.93669336081E+001
-6.94152892846E+001
-6.94115647394E+001
-6.94015629669E+001
-6.93586162650E+001
-6.94771039831E+001
-6.94473239454E+001
-6.93488074701E+001
-6.93239019946E+001
-6.93904016590E+001
-6.93757080415E+001
-6.93100696697E+001
-6.93203490704E+001
-6.92970758994E+001
-6.92389410232E+001
-6.91617393229E+001
-6.90948042493E+001
-6.90499929639E+001
-6.90246863835E+001
-6.89595329073E+001
-6.89786728482E+001
-6.88723572794E+001
-6.87730369069E+001
-6.87258519614E+001
-6.86425393895E+001
-6.86311603033E+001
-6.86365584655E+001
-6.84625102885E+001
-6.84388387892E+001
-6.83257223959E+001
-6.83395214991E+001
-6.82905664748E+001
-6.81949247601E+001
-6.81248350101E+001
-6.80326278176E+001
-6.79929219249E+001
-6.80056816426E+001
-6.79546068487E+001
-6.79244640548E+001
-6.78131525837E+001
-6.78050632198E+001
-6.77317560593E+001
-6.76869710865E+001
-6.76314298703E+001
-6.75983328309E+001
-6.75566614040E+001
-6.75418752104E+001
-6.74638478639E+001
-6.74302838037E+001
-6.73651549826E+001
-6.72827064434E+001
-6.71814976751E+001
-6.71030624609E+001
-6.70323861017E+001
-6.70058586388E+001
-6.69144294267E+001
-6.69351111715E+001
-6.68733575001E+001
-6.68293978845E+001
-6.67907824687E+001
-6.67018261639E+001
-6.66146645973E+001
-6.65961589044E+001
-6.65712011277E+001
-6.64674205606E+001
-6.63745487175E+001
-6.63042291354E+001
-6.62763022455E+001
-6.62421791236E+001
-6.62148798725E+001
-6.61410126027E+001
-6.61032966049E+001
-6.60654257942E+001
-6.60647741646E+001
-6.59593365536E+001
-6.58846418962E+001
-6.58048369893E+001
-6.57999671233E+001
-6.57356263220E+001
-6.56141077153E+001
-6.55052488096E+001
-6.53960685717E+001
-6.53215829692E+001
-6.53487418900E+001
-6.53190342933E+001
-6.53156285343E+001
-6.52539565311E+001
-6.52233644646E+001
-6.51583990213E+001
-6.51630039782E+001
-6.51232380936E+001
-6.50715816656E+001
-6.49807957013E+001
-6.48857744228E+001
-6.48202716279E+001
-6.47618514934E+001
-6.47287809296E+001
-6.46831969716E+001
-6.45924529974E+001
-6.45253242437E+001
-6.45490584670E+001
-6.43659601808E+001
-6.43438201445E+001
-6.43209795589E+001
-6.42756530855E+001
-6.42126462342E+001
-6.40878363512E+001
-6.40185987491E+001
-6.39692843486E+001
-6.38442285172E+001
-6.37779465514E+001
-6.36904996688E+001
-6.36682458275E+001
-6.36078108649E+001
-6.35614440956E+001
-6.35018617952E+001
-6.34827457445E+001
-6.34966610914E+001
-6.33934474084E+001
-6.32141737295E+001
-6.31775400790E+001
-6.31902588449E+001
-6.31280015058E+001
-6.30902208831E+001
-6.29629533789E+001
-6.28998106759E+001
-6.28947532282E+001
-6.27938044104E+001
-6.26800312967E+001
-6.26195352666E+001
-6.25573566251E+001
-6.25309914237E+001
-6.24726328215E+001
-6.23426661862E+001
-6.22578755248E+001
-6.20856940543E+001
-6.20382080776E+001
-6.20079901065E+001
-6.19702845430E+001
-6.18774930843E+001
-6.17988552828E+001
-6.16567260349E+001
-6.15951021814E+001
-6.15277331957E+001
-6.14471421450E+001
-6.13875381353E+001
-6.12956974732E+001
-6.12262733491E+001
-6.11984800145E+001
-6.10948075101E+001
-6.10441557463E+001
-6.10324146159E+001
-6.09545433783E+001
-6.08805356723E+001
-6.08644641989E+001
-6.08629578391E+001
-6.07176572716E+001
-6.07033529113E+001
-6.06634189878E+001
-6.05849328809E+001
-6.04791295518E+001
-6.03660835198E+001
-6.03315612043E+001
-6.02823987307E+001
-6.02743572526E+001
-6.03262722732E+001
-6.02931068668E+001
-6.02769978407E+001
-6.02514776196E+001
-6.02245515352E+001
-6.02065331159E+001
-6.01787651124E+001
-6.01793810387E+001
-6.01611018732E+001
-6.01545480655E+001
-6.01508993982E+001
-6.01430145781E+001
-6.01290151311E+001
-6.01167499602E+001
-6.00878896287E+001
-6.00711374037E+001
-6.00462305688E+001
-6.00357418912E+001
-6.00418922269E+001
-6.00665225543E+001
-6.00849798446E+001
-6.01335064839E+001
-6.01239817766E+001
-6.01055498727E+001
-6.00733762796E+001
-6.00797009663E+001
-6.00603782177E+001
-6.00508419210E+001
-6.00466459341E+001
-6.00101715145E+001
-5.99781802636E+001
-6.00077255767E+001
-6.00043642088E+001
-6.00225498334E+001
-6.00431771477E+001
-6.00540052970E+001
-6.00759426217E+001
-6.01095975714E+001
-6.01073848727E+001
-6.01014471074E+001
-6.01316569497E+001
-6.01264591536E+001
-6.00682357051E+001
-6.00729120733E+001
-6.00660360159E+001
-6.01132627633E+001
-6.01349173250E+001
-6.01373601332E+001
-6.01448513464E+001
-6.00565340216E+001
-6.00395249161E+001
-6.00274649413E+001
-5.99921644171E+001
-5.99946831392E+001
-5.99930488238E+001
-5.99810221263E+001
-6.00137942838E+001
-6.00168622798E+001
-6.00294480487E+001
-6.00011829922E+001
-5.99849971569E+001
-5.99913028605E+001
-6.00023633238E+001
-5.99902138468E+001
-6.00340313571E+001
-6.00303938677E+001
-6.00182457634E+001
-6.00434399296E+001
-6.00266190592E+001
-5.99960890782E+001
-6.00079099456E+001
-5.99320496099E+001
-5.99752753310E+001
-5.99477902026E+001
-5.99605976661E+001
-5.99431404438E+001
-5.99737056720E+001
-5.99763962171E+001
-6.00029491711E+001
-5.99999033675E+001
-6.00127869147E+001
-6.00309492074E+001
-5.99672467358E+001
-5.99898988164E+001
-5.99971190052E+001
-5.99790220865E+001
-5.99721303643E+001
-6.00008571603E+001
-6.00101994688E+001
-6.00037595297E+001
-5.99802681039E+001
-6.00003366102E+001
-6.00032302240E+001
-6.00113719051E+001
-5.99981322916E+001
-5.99914220011E+001
-6.00404329357E+001
-6.00927279393E+001
-6.00024320634E+001
-6.00632027647E+001
-6.00473856562E+001
-6.00360151200E+001
-6.00123495135E+001
-5.99943873401E+001
-5.99812359687E+001
-5.99801662439E+001
-5.99715758838E+001
-5.99224091315E+001
-5.99348129405E+001
-5.99087514583E+001
-5.99030755178E+001
-5.98975341151E+001
-5.98827103288E+001
-5.98794114191E+001
-5.98832642369E+001
-5.98857367514E+001
-5.98730524096E+001
-5.98762154897E+001
-5.99012748576E+001
-5.99162086714E+001
-5.99491077857E+001
-5.99458243012E+001
-5.99982868071E+001
-5.99930615276E+001
-6.00090913967E+001
-5.99992033768E+001
-6.00027727384E+001
-6.00041526854E+001
-6.00155716005E+001
-6.00002674700E+001
-5.99754465387E+001
-5.99863736863E+001
-6.00101890857E+001
-6.00359629846E+001
-6.00629961932E+001
-6.00644401150E+001
-6.00733279352E+001
-6.00584404183E+001
-6.00690261792E+001
-6.00782986371E+001
-6.00020862084E+001
-5.99664816346E+001
-6.00031598209E+001
-6.00018760941E+001
-6.00153312710E+001
-6.00368774491E+001
-6.00485719744E+001
-6.00420465604E+001
-6.00199282507E+001
-6.00215252051E+001
-6.00424951927E+001
-6.00072312922E+001
-6.00075806586E+001
-6.00038279539E+001
-6.00150954105E+001
-6.00519880592E+001
-6.00510180364E+001
-6.00504806470E+001
-6.00568306270E+001
-6.00763242501E+001
-6.00536755310E+001
-6.00890348330E+001
-6.00852052151E+001
-6.00693021815E+001
-6.00553714450E+001
-6.00572239924E+001
-6.00391774875E+001
-6.00911214880E+001
-6.00791503679E+001
-6.00669917557E+001
-6.00519627004E+001
-6.00329104949E+001
-5.99972071177E+001
-6.00085858506E+001
-6.00389968841E+001
-6.00320747943E+001
-6.00322883127E+001
-6.00674473299E+001
-6.01160369196E+001
-6.01076315619E+001
-6.01636781086E+001
-6.01458202618E+001
-6.01917217773E+001
-6.02078918564E+001
-6.01781361363E+001
-6.01680514422E+001
-6.01820264356E+001
-6.01910806693E+001
-6.01572019070E+001
-6.01477162074E+001
-6.02198175089E+001
-6.02436824467E+001
-6.03525103517E+001
-6.03543603748E+001
-6.03911895252E+001
-6.04142425447E+001
-6.04063095812E+001
-6.04754483359E+001
-6.04875504308E+001
-6.05356428878E+001
-6.05680508166E+001
-6.06065064913E+001
-6.06347986981E+001
-6.07183993628E+001
-6.07452511976E+001
-6.07602691616E+001
-6.07634397923E+001
-6.07592033957E+001
-6.07834326108E+001
-6.08177690695E+001
-6.08616388688E+001
-6.09264920886E+001
-6.09980774083E+001
-6.10310782154E+001
-6.10855810370E+001
-6.10489039533E+001
-6.11747173012E+001
-6.12078531843E+001
-6.12260446608E+001
-6.12486765285E+001
-6.12826578669E+001
-6.12401716550E+001
-6.12751839783E+001
-6.13036358885E+001
-6.13333170270E+001
-6.13802630107E+001
-6.13880762934E+001
-6.13803729643E+001
-6.13925288075E+001
-6.13802689238E+001
-6.14147082840E+001
-6.14154058636E+001
-6.13890187522E+001
-6.14594620438E+001
-6.14862586195E+001
-6.15362618380E+001
-6.16448461640E+001
-6.16500570560E+001
-6.16726919437E+001
-6.17353467108E+001
-6.17447944546E+001
-6.18218513446E+001
-6.17850289524E+001
-6.17841405582E+001
-6.18267022403E+001
-6.18986090112E+001
-6.19645157491E+001
-6.19545469530E+001
-6.19457177369E+001
-6.20055732787E+001
-6.20173306123E+001
-6.20458316913E+001
-6.20816156807E+001
-6.20743005508E+001
-6.20843073450E+001
-6.20836486099E+001
-6.21052781968E+001
-6.21649459271E+001
-6.22335974972E+001
-6.22091376775E+001
-6.22490286149E+001
-6.22733192802E+001
-6.22647027838E+001
-6.22638195357E+001
-6.22709035981E+001
-6.22884140563E+001
-6.23115552176E+001
-6.23534511531E+001
-6.23657308825E+001
-6.24012897390E+001
-6.24302076637E+001
-6.25145516062E+001
-6.25506031819E+001
-6.25591634023E+001
-6.25598923554E+001
-6.26538587840E+001
-6.26760191742E+001
-6.26934125191E+001
-6.27236271303E+001
-6.27552975108E+001
-6.28022545633E+001
-6.28078997885E+001
-6.28653951177E+001
-6.28984675947E+001
-6.29162353315E+001
-6.29391603815E+001
-6.29951729156E+001
-6.29990572207E+001
-6.30209101792E+001
-6.30874560560E+001
-6.31906259374E+001
-6.33394035481E+001
-6.34455824440E+001
-6.34640373422E+001
-6.34954113862E+001
-6.35586987532E+001
-6.35591474200E+001
-6.35694716623E+001
-6.35977493952E+001
-6.36502285952E+001
-6.36364965798E+001
-6.36775644208E+001
-6.37110176747E+001
-6.37417046601E+001
-6.37513775227E+001
-6.37798058999E+001
-6.37586471559E+001
-6.37615956840E+001
-6.38189985125E+001
-6.38376307329E+001
-6.38345345117E+001
-6.38861412731E+001
-6.39544803407E+001
-6.39923547388E+001
-6.40023445581E+001
-6.40734229640E+001
-6.41633833731E+001
-6.42151983128E+001
-6.42177021715E+001
-6.42242727858E+001
-6.42487887656E+001
-6.42923378901E+001
-6.43844434921E+001
-6.44097601814E+001
-6.44405144276E+001
-6.44356405317E+001
-6.44749261060E+001
-6.44828892434E+001
-6.45010499064E+001
-6.45025941404E+001
-6.45248914913E+001
-6.45260047588E+001
-6.46317038544E+001
-6.46053978632E+001
-6.46208817330E+001
-6.46559395768E+001
-6.47001821246E+001
-6.46930373835E+001
-6.47056983198E+001
-6.47898831444E+001
-6.48166573573E+001
-6.47961609963E+001
-6.47909629517E+001
-6.47001911426E+001
-6.47051841810E+001
-6.47248490185E+001
-6.47414057872E+001
-6.47007760752E+001
-6.46399547280E+001
-6.47087894378E+001
-6.46625270352E+001
-6.47173463071E+001
-6.47225290814E+001
-6.47742123131E+001
-6.47203110226E+001
-6.46995328663E+001
-6.47240483787E+001
-6.47315718423E+001
-6.47336704588E+001
-6.47084826993E+001
-6.46759601250E+001
-6.46815847368E+001
-6.47532184735E+001
-6.47485133161E+001
-6.47774097877E+001
-6.47368278401E+001
-6.47674757679E+001
-6.46837928670E+001
-6.47048655671E+001
-6.47468029533E+001
-6.47703380338E+001
-6.47534357783E+001
-6.48125294142E+001
-6.48107460223E+001
-6.47628285102E+001
-6.47709523768E+001
-6.47658834327E+001
-6.47964371434E+001
-6.48257557040E+001
-6.48845538669E+001
-6.49531203293E+001
-6.49349486520E+001
-6.49849684515E+001
-6.50070153519E+001
-6.50657755583E+001
-6.50814353070E+001
-6.50999007631E+001
-6.50160611285E+001
-6.49985903256E+001
-6.49834543377E+001
-6.49872977302E+001
-6.50375173723E+001
-6.49909734170E+001
-6.50637289824E+001
-6.50894973564E+001
-6.50854116750E+001
-6.50515072109E+001
-6.51493021215E+001
-6.51735518186E+001
-6.51777578339E+001
-6.51499673780E+001
-6.51405377484E+001
-6.51900582668E+001
-6.51762664758E+001
-6.52048749810E+001
-6.52112614748E+001
-6.52458137240E+001
-6.52716709973E+001
-6.52489507774E+001
-6.52278559199E+001
-6.52406343211E+001
-6.52837225915E+001
-6.53099444513E+001
-6.53087018399E+001
-6.52687881746E+001
-6.53367560739E+001
-6.53839675190E+001
-6.53820421705E+001
-6.53676672999E+001
-6.54017154004E+001
-6.53810673229E+001
-6.53982189076E+001
-6.53357445525E+001
-6.53245078560E+001
-6.53309324981E+001
-6.53399952930E+001
-6.52958795328E+001
-6.52709507856E+001
-6.52971450757E+001
-6.53035898245E+001
-6.52861163645E+001
-6.52518858548E+001
-6.52955142402E+001
-6.52755325516E+001
-6.52990183434E+001
-6.53191926105E+001
-6.52870988165E+001
-6.52859753967E+001
-6.52751600800E+001
-6.52953905766E+001
-6.52368804820E+001
-6.51585636585E+001
-6.50545268396E+001
-6.49712534602E+001
-6.49680191840E+001
-6.49707471222E+001
-6.49144097671E+001
-6.49158855608E+001
-6.49344247488E+001
-6.49285652708E+001
-6.48904852917E+001
-6.48990908841E+001
-6.48778920709E+001
-6.48849711236E+001
-6.49187353687E+001
-6.49468476880E+001
-6.49432612404E+001
-6.50190958218E+001
-6.51007769064E+001
-6.51980626602E+001
-6.52376780512E+001
-6.52725064318E+001
-6.52842587474E+001
-6.52323197208E+001
-6.52270800132E+001
-6.52573382915E+001
-6.51947972938E+001
-6.51194526464E+001
-6.51645111182E+001
-6.51996010597E+001
-6.52324274265E+001
-6.53086709610E+001
-6.53061025814E+001
-6.52514671518E+001
-6.52387913862E+001
-6.52474380484E+001
-6.52603282704E+001
-6.52440862641E+001
-6.52545470844E+001
-6.52276219076E+001
-6.52045171212E+001
-6.52081115134E+001
-6.51995724786E+001
-6.51477634079E+001
-6.51680556724E+001
-6.51482248516E+001
-6.51256773986E+001
-6.50790239972E+001
-6.51720637784E+001
-6.51860500735E+001
-6.52250108025E+001
-6.52374664823E+001
-6.52266702550E+001
-6.52348885386E+001
-6.53251840334E+001
-6.53293469711E+001
-6.53526287334E+001
-6.53442364946E+001
-6.54218826064E+001
-6.54811902711E+001
-6.54716747198E+001
-6.55572859316E+001
-6.55363415901E+001
-6.54741114878E+001
-6.54184099640E+001
-6.54483167287E+001
-6.55333444740E+001
-6.54890396418E+001
-6.56202144824E+001
-6.56300666569E+001
-6.56902427774E+001
-6.57304661328E+001
-6.57220721499E+001
-6.56684281416E+001
-6.56276306557E+001
-6.56420146756E+001
-6.57107306666E+001
-6.57034953239E+001
-6.57267316721E+001
-6.56980219804E+001
-6.56476026247E+001
-6.56529277983E+001
-6.56403145517E+001
-6.56700004773E+001
-6.56989152348E+001
-6.57222937026E+001
-6.57483932646E+001
-6.57267306578E+001
-6.57141169837E+001
-6.57043009032E+001
-6.57157320996E+001
-6.56859164675E+001
-6.57074463607E+001
-6.56502391739E+001
-6.56862200838E+001
-6.56670355874E+001
-6.56170999230E+001
-6.55860710429E+001
-6.56031610637E+001
-6.55880434072E+001
-6.55765575192E+001
-6.55233560752E+001
-6.54989761836E+001
-6.55003351327E+001
-6.55165385956E+001
-6.55694175640E+001
-6.55326929716E+001
-6.55728951258E+001
-6.54367699085E+001
-6.54182456769E+001
-6.53978350328E+001
-6.53699045939E+001
-6.53400237333E+001
-6.53955024517E+001
-6.53570429224E+001
-6.54068170466E+001
-6.54506234312E+001
-6.54398832662E+001
-6.54513491167E+001
-6.54114264549E+001
-6.53907081213E+001
-6.53969448557E+001
-6.53457235882E+001
-6.53549225872E+001
-6.53687811161E+001
-6.53934988495E+001
-6.53596658687E+001
-6.53267963303E+001
-6.53088503087E+001
-6.52952568761E+001
-6.53216101322E+001
-6.52887087846E+001
-6.52687275246E+001
-6.52723346448E+001
-6.52810679576E+001
-6.52449769592E+001
-6.52351003826E+001
-6.52015553212E+001
-6.51991165574E+001
-6.51807038857E+001
-6.52106558824E+001
-6.52169025911E+001
-6.52946105171E+001
-6.52406180987E+001
-6.52169176934E+001
-6.51650019696E+001
-6.51373544716E+001
-6.51436780849E+001
-6.51234878211E+001
-6.51178176520E+001
-6.50732617424E+001
-6.50468229977E+001
-6.51052750869E+001
-6.51487926105E+001
-6.52366720919E+001
-6.52410219607E+001
-6.52154439636E+001
-6.52263881260E+001
-6.52987140442E+001
-6.52963840181E+001
-6.53137357057E+001
-6.53559067763E+001
-6.53694694844E+001
-6.54299045942E+001
-6.54301327283E+001
-6.54253620038E+001
-6.54559827377E+001
-6.54866599043E+001
-6.54497147689E+001
-6.53798313255E+001
-6.52350009170E+001
-6.52152925531E+001
-6.51791199104E+001
-6.51564274706E+001
-6.51445326961E+001
-6.51415327348E+001
-6.51366865376E+001
-6.51554516136E+001
-6.51772768950E+001
-6.51079721962E+001
-6.50573505469E+001
-6.50904257937E+001
-6.50467193036E+001
-6.50273789172E+001
-6.50497282363E+001
-6.50370040658E+001
-6.50231808974E+001
-6.50107686396E+001
-6.50344144947E+001
-6.50245884738E+001
-6.50835258748E+001
-6.50976548933E+001
-6.51239366333E+001
-6.51399707281E+001
-6.51519445744E+001
-6.51328411821E+001
-6.51849906321E+001
-6.51822031248E+001
-6.52285530678E+001
-6.51484589534E+001
-6.51854163640E+001
-6.51191615890E+001
-6.50888148204E+001
-6.50792002861E+001
-6.50504588356E+001
-6.50056348925E+001
-6.50113825867E+001
-6.49317102806E+001
-6.50035534343E+001
-6.50266240801E+001
-6.49657759209E+001
-6.49594258847E+001
-6.48741406293E+001
-6.48796895309E+001
-6.49651687114E+001
-6.49616806816E+001
-6.49146528863E+001
-6.48346018349E+001
-6.48318394916E+001
-6.46920232404E+001
-6.46980751822E+001
-6.46860260131E+001
-6.47272720692E+001
-6.47103796375E+001
-6.46645801415E+001
-6.46627295237E+001
-6.46253331278E+001
-6.45860493641E+001
-6.45920200219E+001
-6.45472659942E+001
-6.45634872100E+001
-6.46005067035E+001
-6.46032836727E+001
-6.46168997516E+001
-6.45800367630E+001
-6.46047655778E+001
-6.46100104167E+001
-6.45776427667E+001
-6.45743739191E+001
-6.45499927468E+001
-6.45368872402E+001
-6.45273555572E+001
-6.47006628986E+001
-6.46835756642E+001
-6.46676824395E+001
-6.46363487287E+001
-6.45640246044E+001
-6.45873389035E+001
-6.46133058036E+001
-6.46324543331E+001
-6.46531944395E+001
-6.46869794631E+001
-6.46869605972E+001
-6.46714616693E+001
-6.47170125582E+001
-6.46962531396E+001
-6.46380712037E+001
-6.46555200805E+001
-6.46079828727E+001
-6.46451395735E+001
-6.46264681015E+001
-6.46335885265E+001
-6.46619747972E+001
-6.46661951189E+001
-6.45562496686E+001
-6.45777353138E+001
-6.45585848510E+001
-6.45011508910E+001
-6.45032022417E+001
-6.44971401007E+001
-6.45162292606E+001
-6.45130083245E+001
-6.44967939808E+001
-6.44854787600E+001
-6.44504140825E+001
-6.44586691923E+001
-6.44737038588E+001
-6.44802529231E+001
-6.45019887757E+001
-6.45360448003E+001
-6.45450128837E+001
-6.44962667739E+001
-6.45553067236E+001
-6.45396292883E+001
-6.45141971936E+001
-6.45075371743E+001
-6.45551003072E+001
-6.45794757318E+001
-6.45776955467E+001
-6.46058348665E+001
-6.46532424508E+001
-6.46153964417E+001
-6.45807614072E+001
-6.44981848266E+001
-6.45141822230E+001
-6.45563264449E+001
-6.45588001876E+001
-6.45563440070E+001
-6.45809167700E+001
-6.46182643857E+001
-6.46462626401E+001
-6.46172399339E+001
-6.46471799101E+001
-6.46303466819E+001
-6.45982819705E+001
-6.45063199553E+001
-6.44843685498E+001
-6.44732747126E+001
-6.44738535463E+001
-6.44145300867E+001
-6.43770866947E+001
-6.43698319823E+001
-6.43497026764E+001
-6.43447767910E+001
-6.42803357500E+001
-6.42521647023E+001
-6.42267499711E+001
-6.41973907748E+001
-6.41439399805E+001
-6.41356137195E+001
-6.41703023849E+001
-6.41767348813E+001
-6.41636163350E+001
-6.41668647277E+001
-6.41760990957E+001
-6.41742975757E+001
-6.41773440543E+001
-6.41812728287E+001
-6.42477426398E+001
-6.42320442823E+001
-6.42164510545E+001
-6.42464788562E+001
-6.42187652973E+001
-6.42189849442E+001
-6.42310704225E+001
-6.41772136531E+001
-6.42181421613E+001
-6.42016829221E+001
-6.41930325600E+001
-6.41688399581E+001
-6.41768536105E+001
-6.41011012314E+001
-6.41137857334E+001
-6.40909487157E+001
-6.40624193055E+001
-6.40419897664E+001
-6.40262011227E+001
-6.39936889301E+001
-6.40050287388E+001
-6.39786543680E+001
-6.39426063702E+001
-6.38699973382E+001
-6.38740448559E+001
-6.38925721020E+001
-6.39396643166E+001
-6.39376492178E+001
-6.38809946638E+001
-6.38885381481E+001
-6.39266026654E+001
-6.38514705993E+001
-6.37720822697E+001
-6.38009990780E+001
-6.37239397506E+001
-6.37454843263E+001
-6.37365076036E+001
-6.36847186154E+001
-6.36812874209E+001
-6.37088319050E+001
-6.37011530816E+001
-6.37268509215E+001
-6.37104436711E+001
-6.37271404995E+001
-6.37207412836E+001
-6.36563807194E+001
-6.37084516012E+001
-6.36850422546E+001
-6.36899441533E+001
-6.37404679506E+001
-6.37225646567E+001
-6.37792973359E+001
-6.38207841976E+001
-6.38684690565E+001
-6.39639756888E+001
-6.39734555184E+001
-6.39656879013E+001
-6.39258723582E+001
-6.39045889711E+001
-6.38749749769E+001
-6.39268984777E+001
-6.39050483505E+001
-6.39468738552E+001
-6.39488776670E+001
-6.39207880102E+001
-6.37089219447E+001
-6.37053154725E+001
-6.36968011609E+001
-6.36961394017E+001
-6.37263232701E+001
-6.37373077063E+001
-6.37390436637E+001
-6.37024459667E+001
-6.36995632690E+001
-6.36868728463E+001
-6.37836585710E+001
-6.37978492869E+001
-6.37760796028E+001
-6.37127381463E+001
-6.37168572955E+001
-6.37278840730E+001
-6.37167194134E+001
-6.36714804155E+001
-6.36886248907E+001
-6.36721336968E+001
-6.37049479169E+001
-6.36961443389E+001
-6.37456090261E+001
-6.37913432782E+001
-6.37300709189E+001
-6.37312609806E+001
-6.37325068611E+001
-6.36924465596E+001
-6.36744684221E+001
-6.36776250736E+001
-6.36751476840E+001
-6.37116265764E+001
-6.37482566611E+001
-6.37455373614E+001
-6.37527916084E+001
-6.36969523109E+001
-6.36520066436E+001
-6.36389925620E+001
-6.36798309424E+001
-6.36687259735E+001
-6.36633848034E+001
-6.36726499140E+001
-6.36603444907E+001
-6.36700732264E+001
-6.35900717193E+001
-6.35694550743E+001
-6.35609343983E+001
-6.35243401400E+001
-6.34487904328E+001
-6.34190148682E+001
-6.34426280014E+001
-6.35097072736E+001
-6.34882664221E+001
-6.34501233353E+001
-6.34694361391E+001
-6.34808692234E+001
-6.34524598024E+001
-6.33885661375E+001
-6.33912464034E+001
-6.34060350530E+001
-6.33780970950E+001
-6.33535187110E+001
-6.33110122558E+001
-6.33383109549E+001
-6.33351025647E+001
-6.33629758993E+001
-6.33572179445E+001
-6.33701387331E+001
-6.33918405356E+001
-6.33739058358E+001
-6.33475073423E+001
-6.33673232106E+001
-6.33538087019E+001
-6.33770112708E+001
-6.33622829445E+001
-6.33808199815E+001
-6.33784133333E+001
-6.33553868893E+001
-6.33422994681E+001
-6.33062800690E+001
-6.33383326140E+001
-6.33601277836E+001
-6.33276937529E+001
-6.33159815082E+001
-6.32761697271E+001
-6.32477923899E+001
-6.31494687638E+001
-6.31495312374E+001
-6.31706006369E+001
-6.30999734023E+001
-6.30637385070E+001
-6.30114284565E+001
-6.29871127258E+001
-6.29851814747E+001
-6.29827691766E+001
-6.29834883420E+001
-6.29984703106E+001
-6.29888601722E+001
-6.29781316870E+001
-6.29777515021E+001
-6.29566059335E+001
-6.29410697925E+001
-6.29456154460E+001
-6.28971345229E+001
-6.29254348149E+001
-6.29036554390E+001
-6.28807882967E+001
-6.28939960271E+001
-6.29271591871E+001
-6.29372330253E+001
-6.29011645534E+001
-6.28562372624E+001
-6.27835630791E+001
-6.27704212778E+001
-6.27803639627E+001
-6.27616788565E+001
-6.27605485681E+001
-6.27987029763E+001
-6.28290190962E+001
-6.27820693098E+001
-6.28231500609E+001
-6.28817569134E+001
-6.28587813809E+001
-6.28531199505E+001
-6.28455794371E+001
-6.28365846272E+001
-6.28318149580E+001
-6.28040918355E+001
-6.28553957554E+001
-6.28152581994E+001
-6.27619835740E+001
-6.27294549227E+001
-6.26937680187E+001
-6.27292470902E+001
-6.27384772254E+001
-6.26876703675E+001
-6.26741955397E+001
-6.26206035900E+001
-6.25894935819E+001
-6.25382144484E+001
-6.23864043083E+001
-6.23256762495E+001
-6.23194013122E+001
-6.23108905580E+001
-6.22888910368E+001
-6.22763148175E+001
-6.22357195699E+001
-6.22652548044E+001
-6.22421116274E+001
-6.22058572778E+001
-6.21839782877E+001
-6.21911757758E+001
-6.22333641640E+001
-6.22731645775E+001
-6.22807498632E+001
-6.22421620385E+001
-6.22192428806E+001
-6.21511313604E+001
-6.21498423623E+001
-6.21337227410E+001
-6.21226058253E+001
-6.20105392651E+001
-6.19831670049E+001
-6.19616368178E+001
-6.19464370782E+001
-6.19291618640E+001
-6.18964394143E+001
-6.19219075156E+001
-6.19355653522E+001
-6.19174146368E+001
-6.19504153001E+001
-6.19126361878E+001
-6.19052143935E+001
-6.18412240830E+001
-6.17724833015E+001
-6.17960614531E+001
-6.18159217160E+001
-6.17972016703E+001
-6.18003066195E+001
-6.18237521568E+001
-6.18198593501E+001
-6.18513480842E+001
-6.18315906525E+001
-6.18356638994E+001
-6.18421436896E+001
-6.18440421098E+001
-6.18365384815E+001
-6.18429965555E+001
-6.17998188633E+001
-6.17563567594E+001
-6.17619206693E+001
-6.17234717757E+001
-6.17017462343E+001
-6.17152188503E+001
-6.16995989776E+001
-6.17812039711E+001
-6.17623459229E+001
-6.17430619762E+001
-6.17535511803E+001
-6.18084385830E+001
-6.18541945070E+001
-6.18625993891E+001
-6.17798115861E+001
-6.18398093033E+001
-6.18229107900E+001
-6.18124510289E+001
-6.17602355526E+001
-6.17577964323E+001
-6.18098002852E+001
-6.17664048493E+001
-6.17690900765E+001
-6.17791545367E+001
-6.17591310262E+001
-6.18077770167E+001
-6.17861048023E+001
-6.17909810294E+001
-6.17649563716E+001
-6.17664486374E+001
-6.17292588924E+001
-6.17156548638E+001
-6.17196025139E+001
-6.17623205168E+001
-6.17286055192E+001
-6.16963061553E+001
-6.16754471854E+001
-6.16498511389E+001
-6.16056542468E+001
-6.16214533882E+001
-6.16452699533E+001
-6.16433313656E+001
-6.16707079961E+001
-6.16074789845E+001
-6.15790034253E+001
-6.15725850749E+001
-6.16082470355E+001
-6.16377082420E+001
-6.16715122869E+001
-6.16772501361E+001
-6.16579030526E+001
-6.16629605915E+001
-6.17451814488E+001
-6.17493430781E+001
-6.17268089389E+001
-6.17553412957E+001
-6.17307175797E+001
-6.17070778745E+001
-6.16829703053E+001
-6.16820377232E+001
-6.16744588669E+001
-6.16618903474E+001
-6.16692754320E+001
-6.16538418878E+001
-6.16506686669E+001
-6.16363928000E+001
-6.16682532172E+001
-6.16622456017E+001
-6.16604774925E+001
-6.16785366599E+001
-6.17002449871E+001
-6.16948203752E+001
-6.16784163679E+001
-6.16814153220E+001
-6.16916968593E+001
-6.17175437526E+001
-6.17035080306E+001
-6.16997518957E+001
-6.17251844864E+001
-6.17080975366E+001
-6.16872726911E+001
-6.16613437234E+001
-6.16931579651E+001
-6.16860356618E+001
-6.15844666490E+001
-6.15911668083E+001
-6.16090305634E+001
-6.16281878869E+001
-6.16226201237E+001
-6.16294039498E+001
-6.16363368078E+001
-6.16053285444E+001
-6.16280350005E+001
-6.16895980854E+001
-6.17265774349E+001
-6.17328127499E+001
-6.16928642145E+001
-6.16483470050E+001
-6.16129043820E+001
-6.16519143291E+001
-6.16118977215E+001
-6.16169196921E+001
-6.16193176176E+001
-6.16294463953E+001
-6.16733474472E+001
-6.16704840700E+001
-6.16957416686E+001
-6.16954559746E+001
-6.17146770314E+001
-6.17100903528E+001
-6.16937919043E+001
-6.16689573706E+001
-6.16916649924E+001
-6.16737624585E+001
-6.16852823320E+001
-6.16278184638E+001
-6.16025265571E+001
-6.15748901777E+001
-6.15755798206E+001
-6.16012801222E+001
-6.16102852588E+001
-6.16355669788E+001
-6.16183185380E+001
-6.16493831100E+001
-6.16617237073E+001
-6.16471409678E+001
-6.16692052392E+001
-6.16851663325E+001
-6.17171411722E+001
-6.17234283649E+001
-6.16724322781E+001
-6.16740140601E+001
-6.16803786027E+001
-6.16360412514E+001
-6.16444988901E+001
-6.16588804949E+001
-6.16608594806E+001
-6.17412299328E+001
-6.17122210872E+001
-6.17007968778E+001
-6.16678920531E+001
-6.16608407739E+001
-6.16468246408E+001
-6.16631464812E+001
-6.16403535804E+001
-6.16462514297E+001
-6.16171404186E+001
-6.15947319123E+001
-6.15872977783E+001
-6.16156828034E+001
-6.16061131040E+001
-6.16331899675E+001
-6.16404435803E+001
-6.16312589915E+001
-6.16415519263E+001
-6.16923018810E+001
-6.16897227240E+001
-6.16774528869E+001
-6.16232771402E+001
-6.16507566669E+001
-6.16674484978E+001
-6.16596995590E+001
-6.16432410368E+001
-6.17205624615E+001
-6.17830907692E+001
-6.18298125881E+001
-6.18051267669E+001
-6.18419791459E+001
-6.18166301443E+001
-6.18575676110E+001
-6.19045181570E+001
-6.19118311311E+001
-6.20215301120E+001
-6.20516724198E+001
-6.20401730108E+001
-6.20727477041E+001
-6.20654743046E+001
-6.20614195791E+001
-6.20928268502E+001
-6.21638694708E+001
-6.21499029051E+001
-6.21613672998E+001
-6.22861583295E+001
-6.24355885908E+001
-6.24431971167E+001
-6.24377181000E+001
-6.24418816878E+001
-6.24724327168E+001
-6.24993022628E+001
-6.24926284456E+001
-6.25102725083E+001
-6.25197398047E+001
-6.25060383956E+001
-6.25197376928E+001
-6.25758227336E+001
-6.26551558754E+001
-6.27635354459E+001
-6.27414648809E+001
-6.27894911755E+001
-6.27805720062E+001
-6.28271624839E+001
-6.28810709324E+001
-6.29114067110E+001
-6.28755034610E+001
-6.28965731018E+001
-6.29576787038E+001
-6.29200857385E+001
-6.30053389287E+001
-6.30745076827E+001
-6.30896104403E+001
-6.30938275056E+001
-6.30988918964E+001
-6.31487281554E+001
-6.31460527778E+001
-6.31621341540E+001
-6.31948561924E+001
-6.31749355917E+001
-6.32210259594E+001
-6.32167641449E+001
-6.32204212680E+001
-6.32512586094E+001
-6.31807184008E+001
-6.31881561544E+001
-6.31793676248E+001
-6.31629122178E+001
-6.32113464362E+001
-6.32712794850E+001
-6.33136998615E+001
-6.33508983794E+001
-6.33255848719E+001
-6.33333632126E+001
-6.33706916298E+001
-6.33762644070E+001
-6.34173933187E+001
-6.34610223274E+001
-6.35502572922E+001
-6.35574360088E+001
-6.36044640998E+001
-6.35991122932E+001
-6.36135246902E+001
-6.36313460768E+001
-6.37001746158E+001
-6.37071379296E+001
-6.37823022864E+001
-6.37429598713E+001
-6.38054536333E+001
-6.38230655318E+001
-6.38681678420E+001
-6.38886640575E+001
-6.39662865998E+001
-6.39344883558E+001
-6.40003285004E+001
-6.40140237701E+001
-6.40322236546E+001
-6.40873600809E+001
-6.41216993311E+001
-6.41162406021E+001
-6.40883611073E+001
-6.40760931115E+001
-6.40593794632E+001
-6.41123153336E+001
-6.41215198014E+001
-6.42255259424E+001
-6.42489261984E+001
-6.42614949414E+001
-6.42679229325E+001
-6.43152458161E+001
-6.43328387017E+001
-6.43786527187E+001
-6.44070528028E+001
-6.43994506542E+001
-6.44311437892E+001
-6.44768890761E+001
-6.45139720777E+001
-6.45029172349E+001
-6.45388209836E+001
-6.45569930848E+001
-6.46108593244E+001
-6.46500462555E+001
-6.46078740807E+001
-6.46262182843E+001
-6.46872022206E+001
-6.47340951200E+001
-6.47832359352E+001
-6.48064581287E+001
-6.48149041173E+001
-6.48177378615E+001
-6.48556212691E+001
-6.47776751759E+001
-6.48236395150E+001
-6.48246071386E+001
-6.50040221262E+001
-6.50108872015E+001
-6.50161624847E+001
-6.50286340988E+001
-6.50807389399E+001
-6.50593018896E+001
-6.50477726924E+001
-6.50947025877E+001
-6.51161295832E+001
-6.50865218638E+001
-6.51146301146E+001
-6.51680950126E+001
-6.51638857643E+001
-6.51818096041E+001
-6.51901155533E+001
-6.51961143299E+001
-6.52232087631E+001
-6.52505054142E+001
-6.53080379135E+001
-6.53156980862E+001
-6.53192198617E+001
-6.53498712532E+001
-6.53524734944E+001
-6.52656673254E+001
-6.52415348981E+001
-6.52297813401E+001
-6.52573241172E+001
-6.53217539695E+001
-6.53290711595E+001
-6.53558823973E+001
-6.53514475272E+001
-6.53263023332E+001
-6.53436396997E+001
-6.53377052665E+001
-6.53696401576E+001
-6.53488448398E+001
-6.53949795866E+001
-6.54256472411E+001
-6.54542400603E+001
-6.54370534034E+001
-6.54541952400E+001
-6.54636596065E+001
-6.53669087816E+001
-6.52597858294E+001
-6.53256551106E+001
-6.53503597794E+001
-6.54903505748E+001
-6.54742064435E+001
-6.54885875591E+001
-6.55407630239E+001
-6.55148746948E+001
-6.55171821416E+001
-6.55114181845E+001
-6.54885684013E+001
-6.55009932786E+001
-6.54749073377E+001
-6.54026565961E+001
-6.53587418103E+001
-6.53048045169E+001
-6.53069244931E+001
-6.52938093582E+001
-6.52575973165E+001
-6.52328717303E+001
-6.52440871090E+001
-6.52384894164E+001
-6.52985294922E+001
-6.53789748702E+001
-6.53223800951E+001
-6.52584298447E+001
-6.52818558565E+001
-6.53177479194E+001
-6.54423780931E+001
-6.54279098393E+001
-6.54567216592E+001
-6.55675676111E+001
-6.55296657538E+001
-6.56153930003E+001
-6.55691100317E+001
-6.56081231293E+001
-6.56110453722E+001
-6.55629708022E+001
-6.56049395310E+001
-6.55905663915E+001
-6.56045098693E+001
-6.56564607522E+001
-6.56498520227E+001
-6.56085024705E+001
-6.56517077936E+001
-6.56536977739E+001
-6.56943049151E+001
-6.56945777836E+001
-6.56982623075E+001
-6.57692347520E+001
-6.57266318018E+001
-6.56761032255E+001
-6.56442541380E+001
-6.56829223030E+001
-6.56680266174E+001
-6.56695008460E+001
-6.57478750750E+001
-6.57730453032E+001
-6.57203541212E+001
-6.57249991287E+001
-6.56557402077E+001
-6.57225432475E+001
-6.56470209625E+001
-6.57255897690E+001
-6.56760962193E+001
-6.57203710117E+001
-6.57211885399E+001
-6.57367277350E+001
-6.57414227047E+001
-6.57485881347E+001
-6.57479894898E+001
-6.57427434053E+001
-6.57148184055E+001
-6.57046520123E+001
-6.57523514595E+001
-6.57546737943E+001
-6.57890692594E+001
-6.57317969016E+001
-6.57546846083E+001
-6.57133044639E+001
-6.56970367711E+001
-6.57246163053E+001
-6.57223284264E+001
-6.57044559363E+001
-6.57229348057E+001
-6.57315524115E+001
-6.57646538854E+001
-6.57481838994E+001
-6.57968872186E+001
-6.57813191849E+001
-6.57799493638E+001
-6.57623271868E+001
-6.57650404045E+001
-6.57799454301E+001
-6.57115453902E+001
-6.57283558551E+001
-6.58178793615E+001
-6.58013398716E+001
-6.57608765717E+001
-6.57252698393E+001
-6.57256055446E+001
-6.57159530667E+001
-6.57915015447E+001
-6.57911142001E+001
-6.57586276344E+001
-6.57764247278E+001
-6.57832232516E+001
-6.58159133328E+001
-6.56972885720E+001
-6.57353503050E+001
-6.58009698447E+001
-6.58264094537E+001
-6.57995357779E+001
-6.58192264075E+001
-6.58567309163E+001
-6.58885891851E+001
-6.59007699079E+001
-6.59494065142E+001
-6.59393883598E+001
-6.59330446970E+001
-6.59314995822E+001
-6.60633917983E+001
-6.61271619572E+001
-6.61341939609E+001
-6.61647090214E+001
-6.62305891677E+001
-6.62127440759E+001
-6.62098643442E+001
-6.61955422922E+001
-6.62020695719E+001
-6.61828013028E+001
-6.61898780275E+001
-6.62000709986E+001
-6.62178961019E+001
-6.61831716877E+001
-6.61271564245E+001
-6.61391458550E+001
-6.60958046343E+001
-6.61752727899E+001
-6.61623238236E+001
-6.60654747400E+001
-6.60890456909E+001
-6.60866813438E+001
-6.61051037171E+001
-6.60115837037E+001
-6.59938177059E+001
-6.59833232576E+001
-6.59209482834E+001
-6.59231087945E+001
-6.60085655544E+001
-6.59673582109E+001
-6.60202076985E+001
-6.59394392136E+001
-6.59129188785E+001
-6.58079738025E+001
-6.58129252532E+001
-6.57956333477E+001
-6.57967614976E+001
-6.58416927188E+001
-6.58470984841E+001
-6.58436529551E+001
-6.58356350941E+001
-6.57688266073E+001
-6.57410546997E+001
-6.57362545265E+001
-6.57844536607E+001
-6.58109402682E+001
-6.58411448681E+001
-6.58093637164E+001
-6.57888733799E+001
-6.57820016605E+001
-6.57548845624E+001
-6.57241164556E+001
-6.56464703451E+001
-6.55860380061E+001
-6.56039765153E+001
-6.55909518175E+001
-6.55606421278E+001
-6.55041868373E+001
-6.54003728312E+001
-6.54143818232E+001
-6.54015558521E+001
-6.53545702236E+001
-6.53910766087E+001
-6.53685931209E+001
-6.53616687635E+001
-6.53022138039E+001
-6.53131770096E+001
-6.53310208770E+001
-6.53158834837E+001
-6.53549343588E+001
-6.53692235940E+001
-6.53336215920E+001
-6.53139033112E+001
-6.52653191186E+001
-6.51831320884E+001
-6.51551076268E+001
-6.51118331556E+001
-6.51157166077E+001
-6.50919820462E+001
-6.50153468662E+001
-6.50002873186E+001
-6.50624142118E+001
-6.50167154271E+001
-6.49981658618E+001
-6.49419066456E+001
-6.49086864531E+001
-6.49263280043E+001
-6.48877274184E+001
-6.48793502658E+001
-6.48685452927E+001
-6.48196111496E+001
-6.47446943999E+001
-6.47398489646E+001
-6.46263414217E+001
-6.46628872569E+001
-6.47447478788E+001
-6.46892622993E+001
-6.46845725737E+001
-6.47057205189E+001
-6.46808659452E+001
-6.46378892445E+001
-6.46229142469E+001
-6.46200714326E+001
-6.46733998226E+001
-6.46349419653E+001
-6.46238103179E+001
-6.46092962196E+001
-6.46560389726E+001
-6.46077437541E+001
-6.45623385831E+001
-6.45561645646E+001
-6.45299655018E+001
-6.45085200336E+001
-6.45101920783E+001
-6.44501355152E+001
-6.44464470231E+001
-6.43672500874E+001
-6.43556341916E+001
-6.43269531242E+001
-6.43213637023E+001
-6.43036040010E+001
-6.43217249727E+001
-6.43039046090E+001
-6.42896554741E+001
-6.42991184773E+001
-6.42449353029E+001
-6.41530292352E+001
-6.41584431308E+001
-6.41518186674E+001
-6.41173173202E+001
-6.40439513673E+001
-6.40346883680E+001
-6.39606297855E+001
-6.39534940051E+001
-6.39344710173E+001
-6.39287069496E+001
-6.39131606558E+001
-6.39214903914E+001
-6.38996867515E+001
-6.39064249997E+001
-6.38771787172E+001
-6.38291253054E+001
-6.38417628681E+001
-6.38127929094E+001
-6.37743704857E+001
-6.36814985991E+001
-6.36280930842E+001
-6.36096318734E+001
-6.36404140993E+001
-6.36497648206E+001
-6.36687707319E+001
-6.35271197056E+001
-6.34995679007E+001
-6.35017126357E+001
-6.34546597977E+001
-6.33835126029E+001
-6.33801850979E+001
-6.33633319626E+001
-6.33722391696E+001
-6.33459419101E+001
-6.33532362697E+001
-6.33323869489E+001
-6.32892877603E+001
-6.33025551424E+001
-6.33138288470E+001
-6.32718922551E+001
-6.32529384358E+001
-6.32549815972E+001
-6.31387269456E+001
-6.31408026906E+001
-6.31340725874E+001
-6.31021751894E+001
-6.30768963633E+001
-6.30742731892E+001
-6.31121717094E+001
-6.30963725822E+001
-6.31294248376E+001
-6.31277655183E+001
-6.31471914579E+001
-6.30892942299E+001
-6.31315285076E+001
-6.30449853912E+001
-6.30391294963E+001
-6.30867767780E+001
-6.30644451013E+001
-6.30287515854E+001
-6.30313331714E+001
-6.29894507619E+001
-6.29458575616E+001
-6.29176540364E+001
-6.29193865065E+001
-6.29091815682E+001
-6.29274972638E+001
-6.29892669199E+001
-6.30130286855E+001
-6.30075614681E+001
-6.29735875039E+001
-6.29071015045E+001
-6.29428214593E+001
-6.29827859572E+001
-6.29889249228E+001
-6.30242234769E+001
-6.30460510714E+001
-6.30780102207E+001
-6.31218088835E+001
-6.31023321203E+001
-6.31252726390E+001
-6.31577218702E+001
-6.31406297181E+001
-6.31097935875E+001
-6.30994204916E+001
-6.30751726387E+001
-6.30042770863E+001
-6.29768008152E+001
-6.29613403748E+001
-6.29646278553E+001
-6.29381710809E+001
-6.29258776159E+001
-6.29173177605E+001
-6.29433796575E+001
-6.29161072563E+001
-6.28989526066E+001
-6.28805679786E+001
-6.28955251013E+001
-6.29086116002E+001
-6.29525634903E+001
-6.29733393425E+001
-6.29903982409E+001
-6.30124292811E+001
-6.29699138439E+001
-6.30162316450E+001
-6.30338538384E+001
-6.30241321134E+001
-6.30281116875E+001
-6.30244704505E+001
-6.30568118036E+001
-6.31036106062E+001
-6.29913573712E+001
-6.29772423641E+001
-6.30249800205E+001
-6.30670555284E+001
-6.31645743373E+001
-6.31902924400E+001
-6.32046439323E+001
-6.32029665554E+001
-6.32351894584E+001
-6.30988990341E+001
-6.31927569684E+001
-6.31562512816E+001
-6.31504289179E+001
-6.31905354668E+001
-6.32016498273E+001
-6.31691420327E+001
-6.31779021995E+001
-6.31191570373E+001
-6.31127252191E+001
-6.31102030744E+001
-6.30932743610E+001
-6.30379520355E+001
-6.30486701023E+001
-6.30817064424E+001
-6.31063543919E+001
-6.31198488448E+001
-6.31149591300E+001
-6.30979974758E+001
-6.31285317535E+001
-6.31341779530E+001
-6.31988845252E+001
-6.32118057684E+001
-6.32624644523E+001
-6.32017874461E+001
-6.32024757889E+001
-6.32225051054E+001
-6.32201676266E+001
-6.32660748556E+001
-6.32659837348E+001
-6.33182842197E+001
-6.33461746909E+001
-6.33735317480E+001
-6.34438422291E+001
-6.34397129246E+001
-6.34607187875E+001
-6.34896693312E+001
-6.34740035704E+001
-6.35179179018E+001
-6.35520524549E+001
-6.35585899671E+001
-6.35585613708E+001
-6.35267044470E+001
-6.35215954937E+001
-6.35089692830E+001
-6.34673802421E+001
-6.34757910267E+001
-6.34421081600E+001
-6.34984890672E+001
-6.35480373450E+001
-6.35758635553E+001
-6.35795073592E+001
-6.35821474220E+001
-6.35454782040E+001
-6.35207626592E+001
-6.35220386078E+001
-6.35555185249E+001
-6.35092600305E+001
-6.34573143296E+001
-6.34616051539E+001
-6.34889977845E+001
-6.34714988434E+001
-6.34939195687E+001
-6.34982199395E+001
-6.35080970437E+001
-6.34880281854E+001
-6.35049817471E+001
-6.34840317598E+001
-6.34442947969E+001
-6.34105516029E+001
-6.34300220027E+001
-6.34874257453E+001
-6.35117210213E+001
-6.34945356428E+001
-6.35024209445E+001
-6.34984978778E+001
-6.34997294181E+001
-6.35087946202E+001
-6.34743682500E+001
-6.34840289640E+001
-6.34875794132E+001
-6.34579676170E+001
-6.34668881041E+001
-6.34410944756E+001
-6.34033944295E+001
-6.34179449037E+001
-6.34026792984E+001
-6.33757299023E+001
-6.33348135682E+001
-6.33853892632E+001
-6.34206183288E+001
-6.34304741155E+001
-6.34583833461E+001
-6.34809053008E+001
-6.34514330900E+001
-6.34703043310E+001
-6.35186669788E+001
-6.35475326056E+001
-6.34807386377E+001
-6.34449105155E+001
-6.34281236909E+001
-6.34279989948E+001
-6.34559398714E+001
-6.34762798165E+001
-6.34752438081E+001
-6.34651148402E+001
-6.34365058217E+001
-6.34848962117E+001
-6.34492430217E+001
-6.33703706418E+001
-6.33887975427E+001
-6.33541292436E+001
-6.33637509845E+001
-6.33811730588E+001
-6.34256590537E+001
-6.34209579752E+001
-6.34576513284E+001
-6.34755622099E+001
-6.34686341398E+001
-6.34636204346E+001
-6.34766594646E+001
-6.35457501297E+001
-6.35852203012E+001
-6.36335168441E+001
-6.36799522843E+001
-6.36844468573E+001
-6.36977348797E+001
-6.37241784257E+001
-6.36939927218E+001
-6.37098973684E+001
-6.36762233063E+001
-6.36228060095E+001
-6.36280258223E+001
-6.36066548156E+001
-6.36261189902E+001
-6.35833854210E+001
-6.35601715743E+001
-6.34761686012E+001
-6.34776830899E+001
-6.34511653484E+001
-6.34194065762E+001
-6.34520643321E+001
-6.34941415169E+001
-6.34828149463E+001
-6.34453044392E+001
-6.33973423898E+001
-6.33295973344E+001
-6.33014657307E+001
-6.32993282840E+001
-6.32860310478E+001
-6.32521846992E+001
-6.33091358259E+001
-6.32263118498E+001
-6.32905594933E+001
-6.32008677539E+001
-6.31684957603E+001
-6.31648156621E+001
-6.31793184661E+001
-6.31497331692E+001
-6.31994147835E+001
-6.32322302788E+001
-6.32168988508E+001
-6.32177872852E+001
-6.32118710456E+001
-6.32200130858E+001
-6.32468896658E+001
-6.32178957593E+001
-6.32457197257E+001
-6.32383785392E+001
-6.32237031757E+001
-6.32062639577E+001
-6.31685551247E+001
-6.31366894197E+001
-6.31554103818E+001
-6.30784094638E+001
-6.30906649262E+001
-6.31190859692E+001
-6.30669574044E+001
-6.30618317902E+001
-6.30112094637E+001
-6.30241692125E+001
-6.29618789612E+001
-6.29377759619E+001
-6.29342620249E+001
-6.28799633720E+001
-6.29077841012E+001
-6.28977660109E+001
-6.28705619344E+001
-6.28944203611E+001
-6.28357332587E+001
-6.28323882804E+001
-6.28232343701E+001
-6.28027113475E+001
-6.27847466819E+001
-6.27750857233E+001
-6.27336240377E+001
-6.27422458588E+001
-6.27178253199E+001
-6.27210399787E+001
-6.26574974998E+001
-6.25912514315E+001
-6.26130875213E+001
-6.26318374638E+001
-6.26467134384E+001
-6.26425501364E+001
-6.26266845366E+001
-6.25963860113E+001
-6.25746414111E+001
-6.26491699727E+001
-6.26447636400E+001
-6.26089862737E+001
-6.25714325717E+001
-6.25618228116E+001
-6.25284312655E+001
-6.25093591021E+001
-6.25208989158E+001
-6.25428583895E+001
-6.25214848921E+001
-6.25309364927E+001
-6.25465801354E+001
-6.26256950784E+001
-6.26130189935E+001
-6.26392569124E+001
-6.26314859584E+001
-6.26430844695E+001
-6.26113494666E+001
-6.26322216378E+001
-6.26029774854E+001
-6.26006131755E+001
-6.26140726423E+001
-6.26452455972E+001
-6.26453627825E+001
-6.25925906164E+001
-6.25982629046E+001
-6.25790986051E+001
-6.25998986507E+001
-6.25458359539E+001
-6.25668533041E+001
-6.25763013192E+001
-6.25690274249E+001
-6.24986945268E+001
-6.24803093539E+001
-6.24663512516E+001
-6.24326030823E+001
-6.24117381304E+001
-6.24108748345E+001
-6.23799277482E+001
-6.23651922907E+001
-6.23594929898E+001
-6.23619766328E+001
-6.23534202301E+001
-6.23494797928E+001
-6.23653873721E+001
-6.23516553689E+001
-6.23067551889E+001
-6.22546793788E+001
-6.22600615566E+001
-6.22350806300E+001
-6.21892830775E+001
-6.21674612416E+001
-6.21856777712E+001
-6.21846191023E+001
-6.22018494488E+001
-6.21632437869E+001
-6.21524263640E+001
-6.21471724460E+001
-6.21201021896E+001
-6.20864553410E+001
-6.20805712993E+001
-6.20845976157E+001
-6.20667510362E+001
-6.20315024398E+001
-6.19768256013E+001
-6.20596783227E+001
-6.20226071276E+001
-6.19429296887E+001
-6.19396147584E+001
-6.19253366547E+001
-6.19349631445E+001
-6.19420030801E+001
-6.19474720358E+001
-6.19390120491E+001
-6.19662531413E+001
-6.20279330885E+001
-6.20376630595E+001
-6.20247554642E+001
-6.19945461476E+001
-6.19847920130E+001
-6.20114323864E+001
-6.19936268717E+001
-6.20144120043E+001
-6.20107352881E+001
-6.19233346902E+001
-6.19371583987E+001
-6.19488835333E+001
-6.19627363038E+001
-6.19748718407E+001
-6.19541589114E+001
-6.19510057848E+001
-6.19612050088E+001
-6.19872424575E+001
-6.19738255248E+001
-6.19293506150E+001
-6.18968286448E+001
-6.18380626008E+001
-6.18515597762E+001
-6.18415124920E+001
-6.18341182733E+001
-6.18402231929E+001
-6.18156829707E+001
-6.18184894020E+001
-6.18269445081E+001
-6.18775474908E+001
-6.18994695937E+001
-6.18898037410E+001
-6.19012421590E+001
-6.19002619310E+001
-6.19468159720E+001
-6.19076685521E+001
-6.19057107908E+001
-6.19095601419E+001
-6.19052229900E+001
-6.19430590943E+001
-6.19724148566E+001
-6.19390102636E+001
-6.19308887579E+001
-6.19228896968E+001
-6.19201974130E+001
-6.19236865392E+001
-6.18968615264E+001
-6.19121083740E+001
-6.18636396887E+001
-6.18623805312E+001
-6.18673309320E+001
-6.19265508369E+001
-6.19427788255E+001
-6.19056409875E+001
-6.18731001035E+001
-6.18594084179E+001
-6.18266023739E+001
-6.18222107925E+001
-6.18132330123E+001
-6.18227794559E+001
-6.18249864880E+001
-6.18328973967E+001
-6.18405308552E+001
-6.18535045939E+001
-6.18261625535E+001
-6.18280830516E+001
-6.18085760239E+001
-6.18246601345E+001
-6.18464982780E+001
-6.18001252357E+001
-6.17991195493E+001
-6.17886055109E+001
-6.17766987468E+001
-6.17489906509E+001
-6.17575236733E+001
-6.17507304238E+001
-6.16630678051E+001
-6.16766274383E+001
-6.17144130155E+001
-6.17304574010E+001
-6.17149666420E+001
-6.17302228723E+001
-6.17186353067E+001
-6.17110627764E+001
-6.16947702255E+001
-6.16795980791E+001
-6.16769698516E+001
-6.16500405775E+001
-6.15894477645E+001
-6.15668770010E+001
-6.14713404323E+001
-6.14499351601E+001
-6.14507895811E+001
-6.14443270498E+001
-6.14125975604E+001
-6.14347932133E+001
-6.14263475058E+001
-6.14437747058E+001
-6.14374875466E+001
-6.14466296523E+001
-6.14596108323E+001
-6.14515501576E+001
-6.14333389021E+001
-6.13963033225E+001
-6.14247528605E+001
-6.13965069559E+001
-6.13892462285E+001
-6.13945893450E+001
-6.14443549116E+001
-6.14453038002E+001
-6.14405644379E+001
-6.14353381935E+001
-6.14897499678E+001
-6.15249513063E+001
-6.15699218289E+001
-6.15568337486E+001
-6.15305347594E+001
-6.15270396659E+001
-6.15668786693E+001
-6.15720045959E+001
-6.15474803613E+001
-6.15900060940E+001
-6.15820581110E+001
-6.15981432072E+001
-6.15867612589E+001
-6.16466009414E+001
-6.16368188229E+001
-6.16681856887E+001
-6.16867286762E+001
-6.16841302731E+001
-6.16734432929E+001
-6.16974967763E+001
-6.17012261409E+001
-6.16788926449E+001
-6.16644458787E+001
-6.16590024608E+001
-6.16630658107E+001
-6.16584406868E+001
-6.16771294227E+001
-6.16993454671E+001
-6.17030018984E+001
-6.16034932220E+001
-6.15797265801E+001
-6.15838259413E+001
-6.15647015012E+001
-6.15719504615E+001
-6.15479361148E+001
-6.15476240629E+001
-6.15338811051E+001
-6.15366007165E+001
-6.15247776793E+001
-6.14203175598E+001
-6.14316288961E+001
-6.14223586376E+001
-6.14578910909E+001
-6.14943520585E+001
-6.15182600991E+001
-6.15407427717E+001
-6.14906457917E+001
-6.14978732379E+001
-6.15283366646E+001
-6.14701946904E+001
-6.15056681877E+001
-6.14532127104E+001
-6.14412931850E+001
-6.14944236631E+001
-6.14958509489E+001
-6.14676553271E+001
-6.14939036204E+001
-6.15224815134E+001
-6.15194941592E+001
-6.15281061169E+001
-6.15362317563E+001
-6.15832822301E+001
-6.15676232506E+001
-6.15696444539E+001
-6.15377427028E+001
-6.15754725694E+001
-6.16379249507E+001
-6.16532916101E+001
-6.16321039412E+001
-6.16625030329E+001
-6.17127533068E+001
-6.17574720833E+001
-6.17108470117E+001
-6.16805937548E+001
-6.16992336046E+001
-6.17799567910E+001
-6.17984240450E+001
-6.18565957464E+001
-6.18678290095E+001
-6.19010806441E+001
-6.19255926884E+001
-6.19082334201E+001
-6.19532317435E+001
-6.20471453928E+001
-6.20966197540E+001
-6.21391176740E+001
-6.21339949951E+001
-6.22987479509E+001
-6.23370956409E+001
-6.24472839822E+001
-6.24549648939E+001
-6.25109193370E+001
-6.26091691964E+001
-6.26814294881E+001
-6.27445910163E+001
-6.28725176734E+001
-6.29545859724E+001
-6.30130775141E+001
-6.30667628785E+001
-6.30817349264E+001
-6.31492971129E+001
-6.31945808325E+001
-6.31986201221E+001
-6.32088915637E+001
-6.32415324404E+001
-6.32819727012E+001
-6.33100488846E+001
-6.33163623359E+001
-6.34191327000E+001
-6.34413798047E+001
-6.35600326035E+001
-6.35735753421E+001
-6.36162754213E+001
-6.36102546182E+001
-6.36599507397E+001
-6.36786877204E+001
-6.36857734397E+001
-6.36963812557E+001
-6.36871761926E+001
-6.37739289804E+001
-6.38849619325E+001
-6.39444508902E+001
-6.39608933845E+001
-6.40094683727E+001
-6.41033164675E+001
-6.41172517356E+001
-6.41317629862E+001
-6.41650699272E+001
-6.42370884733E+001
-6.42511123552E+001
-6.42865576752E+001
-6.43208189875E+001
-6.43656877494E+001
-6.44118062019E+001
-6.44443202672E+001
-6.44690175173E+001
-6.45074257303E+001
-6.44598141073E+001
-6.44887153638E+001
-6.44894159741E+001
-6.45293632695E+001
-6.45435895812E+001
-6.46235076207E+001
-6.46662803205E+001
-6.47183442018E+001
-6.47531933968E+001
-6.47637240272E+001
-6.49230942410E+001
-6.49765992220E+001
-6.50672483384E+001
-6.51354759626E+001
-6.51074173368E+001
-6.51052341877E+001
-6.51217982960E+001
-6.51742057032E+001
-6.51960967958E+001
-6.52398535927E+001
-6.53583644003E+001
-6.53689443164E+001
-6.54780830719E+001
-6.54689412961E+001
-6.55256293131E+001
-6.55991696918E+001
-6.56616392015E+001
-6.56867229934E+001
-6.57222492983E+001
-6.57355689112E+001
-6.57379737349E+001
-6.57821230672E+001
-6.58567025900E+001
-6.58592134615E+001
-6.59558013355E+001
-6.59921627161E+001
-6.60936595505E+001
-6.61730799363E+001
-6.61955901960E+001
-6.62874440973E+001
-6.62704475699E+001
-6.63019486509E+001
-6.64502621539E+001
-6.64816165541E+001
-6.65314158596E+001
-6.65768957426E+001
-6.66208529590E+001
-6.66563269295E+001
-6.66713690570E+001
-6.67088538789E+001
-6.67746368124E+001
-6.68391985287E+001
-6.69018369156E+001
-6.69724836074E+001
-6.69920719190E+001
-6.70453503387E+001
-6.70366316778E+001
-6.70523783352E+001
-6.70479370018E+001
-6.70982573477E+001
-6.71541089216E+001
-6.71851869492E+001
-6.72276132847E+001
-6.72521192769E+001
-6.72667555574E+001
-6.73354587298E+001
-6.73753288599E+001
-6.73245290935E+001
-6.73909077217E+001
-6.74359549562E+001
-6.74812959029E+001
-6.75061039824E+001
-6.75975178215E+001
-6.76552509485E+001
-6.77050829340E+001
-6.77736484182E+001
-6.78677161243E+001
-6.80177741938E+001
-6.80640693669E+001
-6.80813438980E+001
-6.79924086987E+001
-6.79834698824E+001
-6.80458534283E+001
-6.80671366442E+001
-6.80618770065E+001
-6.80079927815E+001
-6.80066986997E+001
-6.80450510522E+001
-6.80685552469E+001
-6.80316035843E+001
-6.80252110554E+001
-6.80299731032E+001
-6.79937735609E+001
-6.80359147425E+001
-6.80056761520E+001
-6.80654346626E+001
-6.81028725036E+001
-6.80270669738E+001
-6.80101774866E+001
-6.80011515403E+001
-6.81315206497E+001
-6.80020592063E+001
-6.80265149285E+001
-6.79751503682E+001
-6.79711251009E+001
-6.79368620678E+001
-6.79427034842E+001
-6.79512862099E+001
-6.79787230337E+001
-6.78950963523E+001
-6.80043655077E+001
-6.80106681797E+001
-6.80018880188E+001
-6.79965611542E+001
-6.80398124835E+001
-6.80632699571E+001
-6.80726646218E+001
-6.81648037395E+001
-6.82596668144E+001
-6.82893915008E+001
-6.82955258728E+001
-6.83460913613E+001
-6.83229135656E+001
-6.83834411439E+001
-6.82731190050E+001
-6.83226891354E+001
-6.84151347168E+001
-6.85213613445E+001
-6.85166737884E+001
-6.86209581226E+001
-6.86622157544E+001
-6.87403332604E+001
-6.87426006971E+001
-6.87069166473E+001
-6.86224809548E+001
-6.86059893869E+001
-6.87514277238E+001
-6.87731844888E+001
-6.87399333137E+001
-6.87775628694E+001
-6.88478959094E+001
-6.88486516003E+001
-6.88646356438E+001
-6.89315637954E+001
-6.89587716800E+001
-6.90031151903E+001
-6.90186780283E+001
-6.90952815599E+001
-6.90660201241E+001
-6.90933736450E+001
-6.90699813379E+001
-6.90949865465E+001
-6.91492912341E+001
-6.92844922120E+001
-6.92817351941E+001
-6.93078345037E+001
-6.93033720019E+001
-6.93002929299E+001
-6.93361195713E+001
-6.93026207913E+001
-6.93376694887E+001
-6.91933765831E+001
-6.91790875067E+001
-6.91811598611E+001
-6.91481445733E+001
-6.91806710473E+001
-6.92293816100E+001
-6.92504363580E+001
-6.92828824894E+001
-6.92703609733E+001
-6.92589853555E+001
-6.91203878142E+001
-6.91512383968E+001
-6.90990950092E+001
-6.91805960903E+001
-6.91740426847E+001
-6.91960498304E+001
-6.92410942627E+001
-6.92345804068E+001
-6.92951651167E+001
-6.92654375029E+001
-6.93016265773E+001
-6.93536861621E+001
-6.93365880799E+001
-6.94034169994E+001
-6.93598856410E+001
-6.93377470163E+001
-6.94276381636E+001
-6.94543788308E+001
-6.94744590109E+001
-6.94555789573E+001
-6.96087987680E+001
-6.96119775379E+001
-6.95220626060E+001
-6.95833265540E+001
-6.96233303795E+001
-6.97813123690E+001
-6.98086599599E+001
-6.99124573741E+001
-6.99022447061E+001
-6.98904999051E+001
-6.99192441538E+001
-6.99562183375E+001
-6.99299537257E+001
-6.99519265979E+001
-6.99866967441E+001
-6.99813053839E+001
-6.99794777819E+001
-6.99722214334E+001
-7.00007387793E+001
-6.99547562752E+001
-6.99561739632E+001
-6.99570967160E+001
-6.99186038618E+001
-6.99673835247E+001
-6.99509419112E+001
-6.99617206813E+001
-6.99561371372E+001
-7.00273620556E+001
-6.99703429217E+001
-7.00473427401E+001
-7.00032906571E+001
-7.00096250773E+001
-6.99796742713E+001
-6.99890236049E+001
-6.99668307847E+001
-6.99039425373E+001
-6.98404509033E+001
-6.97437329559E+001
-6.97478023078E+001
-6.97450140920E+001
-6.98136143724E+001
-6.98630486115E+001
-6.98047368432E+001
-6.97891765496E+001
-6.98046387689E+001
-6.98013842743E+001
-6.98282739569E+001
-6.98315614598E+001
-6.98290037508E+001
-6.98472895775E+001
-6.98979090421E+001
-7.00116655372E+001
-7.00899547273E+001
-6.99887413038E+001
-7.01116334313E+001
-7.01116559781E+001
-7.00949990383E+001
-7.01089587410E+001
-7.00955409457E+001
-7.01114300612E+001
-7.00433816554E+001
-7.00987184784E+001
-7.01023981836E+001
-7.00607012877E+001
-7.00233226544E+001
-7.00147961212E+001
-6.99675431565E+001
-6.99795012533E+001
-6.99916475849E+001
-6.99721763841E+001
-6.98489031567E+001
-6.98058506652E+001
-6.98010477822E+001
-6.98016746754E+001
-6.97338964781E+001
-6.96621463124E+001
-6.96825233403E+001
-6.96052195368E+001
-6.95133756509E+001
-6.95468911829E+001
-6.95862696428E+001
-6.95772619989E+001
-6.95514875483E+001
-6.94880898164E+001
-6.95039777662E+001
-6.94575995364E+001
-6.93263449397E+001
-6.93018378011E+001
-6.92694052877E+001
-6.91994527230E+001
-6.91542855500E+001
-6.90724068037E+001
-6.91085259211E+001
-6.91128811771E+001
-6.91086889603E+001
-6.91159859447E+001
-6.90591998857E+001
-6.91332171131E+001
-6.91339472340E+001
-6.90934009390E+001
-6.90416061796E+001
-6.90891521035E+001
-6.90823380894E+001
-6.90338501356E+001
-6.90549531607E+001
-6.90350601855E+001
-6.90633205749E+001
-6.89756501750E+001
-6.90402985497E+001
-6.90096047639E+001
-6.90162434470E+001
-6.91210608475E+001
-6.90807892343E+001
-6.89766814149E+001
-6.90275221784E+001
-6.90753361209E+001
-6.90312700209E+001
-6.90015245560E+001
-6.89519727598E+001
-6.89757300104E+001
-6.89487387231E+001
-6.89281727014E+001
-6.89394363489E+001
-6.89138792947E+001
-6.89302981329E+001
-6.89247052886E+001
-6.89181064367E+001
-6.88697029908E+001
-6.88213456505E+001
-6.88102318519E+001
-6.87855368946E+001
-6.88115462511E+001
-6.87707910399E+001
-6.88167427279E+001
-6.87693921379E+001
-6.88798503048E+001
-6.87936920971E+001
-6.87258760573E+001
-6.87507182806E+001
-6.86567288977E+001
-6.87015038903E+001
-6.87040286371E+001
-6.86288258686E+001
-6.86699899459E+001
-6.85906746212E+001
-6.85613322440E+001
-6.85909860822E+001
-6.84963021936E+001
-6.84760497591E+001
-6.84589573934E+001
-6.84620289953E+001
-6.83275892058E+001
-6.83326068230E+001
-6.83101621412E+001
-6.82252557539E+001
-6.81590042630E+001
-6.80244382313E+001
-6.79804630538E+001
-6.78548503791E+001
-6.78496772426E+001
-6.79063650510E+001
-6.78085143426E+001
-6.77829036898E+001
-6.77733646707E+001
-6.77677031398E+001
-6.77326641482E+001
-6.77379549660E+001
-6.77646218371E+001
-6.77771856600E+001
-6.77765000409E+001
-6.77933118949E+001
-6.77927259994E+001
-6.77798628432E+001
-6.78145665946E+001
-6.77814610042E+001
-6.78465228957E+001
-6.78575880666E+001
-6.79220618235E+001
-6.79120883695E+001
-6.79511894944E+001
-6.78859281259E+001
-6.78480884829E+001
-6.78109800611E+001
-6.77766507251E+001
-6.77420257580E+001
-6.77494341701E+001
-6.77153559522E+001
-6.77127313579E+001
-6.77334740010E+001
-6.77273913233E+001
-6.77197891652E+001
-6.76943080848E+001
-6.76104431870E+001
-6.76531335071E+001
-6.76381598458E+001
-6.75933194321E+001
-6.75851523576E+001
-6.75869356309E+001
-6.76741267144E+001
-6.77570570693E+001
-6.77968644675E+001
-6.77614540224E+001
-6.76361650477E+001
-6.76355461248E+001
-6.76595522570E+001
-6.75740818240E+001
-6.76743741446E+001
-6.76954295314E+001
-6.76692407922E+001
-6.77223248903E+001
-6.77343003279E+001
-6.76828331197E+001
-6.76981351615E+001
-6.77364075463E+001
-6.78174293920E+001
-6.77771694004E+001
-6.77486253338E+001
-6.77770867134E+001
-6.77879968840E+001
-6.77429149758E+001
-6.78277889898E+001
-6.78053923357E+001
-6.77848430162E+001
-6.77682652521E+001
-6.78164999747E+001
-6.78582502353E+001
-6.79695964770E+001
-6.79441647436E+001
-6.79567920175E+001
-6.79975244573E+001
-6.79382158288E+001
-6.79066731427E+001
-6.78993114819E+001
-6.79584161430E+001
-6.80100336858E+001
-6.80834356887E+001
-6.81535827597E+001
-6.81722761607E+001
-6.81978503862E+001
-6.82334958641E+001
-6.82058916612E+001
-6.82522509353E+001
-6.82293072577E+001
-6.82363989052E+001
-6.82685509285E+001
-6.82899546408E+001
-6.83242416298E+001
-6.82374824840E+001
-6.80916487764E+001
-6.81077694122E+001
-6.81838433106E+001
-6.82005583586E+001
-6.81276204464E+001
-6.81035613746E+001
-6.81337898735E+001
-6.80724809800E+001
-6.80113105745E+001
-6.80313633085E+001
-6.80673899897E+001
-6.80890072522E+001
-6.81066483780E+001
-6.81043365554E+001
-6.80490832605E+001
-6.82149525286E+001
-6.82797169414E+001
-6.82251078601E+001
-6.81747952096E+001
-6.81753135240E+001
-6.81977429444E+001
-6.81859568214E+001
-6.82239077185E+001
-6.82468699483E+001
-6.83338111977E+001
-6.83299153825E+001
-6.82700711617E+001
-6.82616940956E+001
-6.82477106915E+001
-6.83057179948E+001
-6.83041810548E+001
-6.82667345371E+001
-6.83042773611E+001
-6.83096511800E+001
-6.82808619240E+001
-6.83281682644E+001
-6.82357097356E+001
-6.82077602487E+001
-6.81757929463E+001
-6.82812540217E+001
-6.82747524255E+001
-6.82838262582E+001
-6.83431821196E+001
-6.82924143994E+001
-6.82695712661E+001
-6.82182963641E+001
-6.81509312746E+001
-6.82135645663E+001
-6.82980176634E+001
-6.82549006945E+001
-6.82533217758E+001
-6.82834788008E+001
-6.83366047000E+001
-6.83282343950E+001
-6.83501171225E+001
-6.84273617942E+001
-6.84326722235E+001
-6.84290993155E+001
-6.84686081684E+001
-6.83972215264E+001
-6.83890056103E+001
-6.84167765594E+001
-6.84977952053E+001
-6.84354370801E+001
-6.84985199278E+001
-6.84691091449E+001
-6.84884342033E+001
-6.84514615069E+001
-6.84092223773E+001
-6.84294151392E+001
-6.84028900593E+001
-6.83516529169E+001
-6.83464928930E+001
-6.83584555389E+001
-6.83529820240E+001
-6.83621392244E+001
-6.84009400948E+001
-6.84555706091E+001
-6.84421426428E+001
-6.83896369088E+001
-6.83656456341E+001
-6.84029520562E+001
-6.83910555580E+001
-6.83913410246E+001
-6.84189560898E+001
-6.84299780014E+001
-6.84192059154E+001
-6.84103180366E+001
-6.84306607463E+001
-6.84371335816E+001
-6.84458827663E+001
-6.84238657597E+001
-6.84013263686E+001
-6.84019033777E+001
-6.83718275380E+001
-6.84165782021E+001
-6.85119944316E+001
-6.85138315070E+001
-6.85788744968E+001
-6.86365356688E+001
-6.86096744151E+001
-6.85013521146E+001
-6.84145107647E+001
-6.83510018646E+001
-6.83176839594E+001
-6.82966704257E+001
-6.82943340099E+001
-6.83241791942E+001
-6.83807705247E+001
-6.82522952115E+001
-6.82276184275E+001
-6.82256251809E+001
-6.82058661371E+001
-6.81794419114E+001
-6.81880061969E+001
-6.81596620252E+001
-6.80954900272E+001
-6.80306987343E+001
-6.81596008452E+001
-6.82109520533E+001
-6.82157631566E+001
-6.81864092717E+001
-6.81412963017E+001
-6.80446347444E+001
-6.80581264283E+001
-6.80353196460E+001
-6.80203601428E+001
-6.80205545080E+001
-6.79529718987E+001
-6.78733935070E+001
-6.78521204913E+001
-6.78814300455E+001
-6.78536779696E+001
-6.78895223574E+001
-6.78629203937E+001
-6.78467793412E+001
-6.78003400637E+001
-6.77502152537E+001
-6.76501553143E+001
-6.75734155504E+001
-6.75983929405E+001
-6.75331586488E+001
-6.75527532466E+001
-6.75704071289E+001
-6.76182115088E+001
-6.76157319112E+001
-6.75869211660E+001
-6.75114659863E+001
-6.74879943529E+001
-6.74511327394E+001
-6.74281036951E+001
-6.75298799238E+001
-6.75209153410E+001
-6.74488534358E+001
-6.74950744463E+001
-6.74843193010E+001
-6.74443121446E+001
-6.73944231278E+001
-6.73715941126E+001
-6.73657026978E+001
-6.72983101065E+001
-6.72102422709E+001
-6.71214515780E+001
-6.70816106807E+001
-6.70639730824E+001
-6.70097495736E+001
-6.68066692119E+001
-6.66834583734E+001
-6.66393061996E+001
-6.66080253177E+001
-6.65736586150E+001
-6.65440726746E+001
-6.65063972466E+001
-6.64262959214E+001
-6.64225587329E+001
-6.62992681807E+001
-6.62333277236E+001
-6.62261658365E+001
-6.61737571258E+001
-6.61181266231E+001
-6.59979916121E+001
-6.59718116416E+001
-6.59944276816E+001
-6.59505387666E+001
-6.59096366412E+001
-6.58946928844E+001
-6.58478158209E+001
-6.58564257001E+001
-6.58202535589E+001
-6.57418153696E+001
-6.56700469692E+001
-6.56822277248E+001
-6.56156011386E+001
-6.55569949460E+001
-6.55508462049E+001
-6.55404133204E+001
-6.55488809294E+001
-6.55268335093E+001
-6.54400762396E+001
-6.53544767299E+001
-6.53745866859E+001
-6.52819458713E+001
-6.51913791310E+001
-6.51130517228E+001
-6.50333881411E+001
-6.49903290185E+001
-6.48842562558E+001
-6.48364243249E+001
-6.48303700873E+001
-6.47581485044E+001
-6.47423245246E+001
-6.47172931438E+001
-6.46775915720E+001
-6.46080885621E+001
-6.46065408460E+001
-6.45677465682E+001
-6.45267764437E+001
-6.44825718434E+001
-6.44373905848E+001
-6.44416363716E+001
-6.43555729831E+001
-6.43770535888E+001
-6.43793025946E+001
-6.43323896128E+001
-6.43139207758E+001
-6.42794666712E+001
-6.42330161681E+001
-6.41601620787E+001
-6.40313536740E+001
-6.39505600922E+001
-6.39255619250E+001
-6.38563078306E+001
-6.37482401090E+001
-6.37027489181E+001
-6.36482581073E+001
-6.36219873493E+001
-6.35806409198E+001
-6.35442564987E+001
-6.35302513471E+001
-6.34918101059E+001
-6.34613076659E+001
-6.34187361963E+001
-6.33701301769E+001
-6.33455668949E+001
-6.32880406100E+001
-6.32349651208E+001
-6.31696362746E+001
-6.30003964071E+001
-6.30012537359E+001
-6.29243795257E+001
-6.28511440402E+001
-6.28371148034E+001
-6.27732704021E+001
-6.27235590429E+001
-6.27027998239E+001
-6.26941938809E+001
-6.26567844524E+001
-6.25651427538E+001
-6.24945881551E+001
-6.24308794948E+001
-6.24013633320E+001
-6.23070906552E+001
-6.22842134237E+001
-6.22321685086E+001
-6.22136449594E+001
-6.21903090901E+001
-6.21407481426E+001
-6.21123450432E+001
-6.20969428762E+001
-6.19321279527E+001
-6.18947616952E+001
-6.18334355785E+001
-6.17923031504E+001
-6.18112744764E+001
-6.18098177712E+001
-6.17557092733E+001
-6.17715044492E+001
-6.17493323447E+001
-6.16658701342E+001
-6.16247071373E+001
-6.16132069944E+001
-6.15932062858E+001
-6.15425961472E+001
-6.15040149401E+001
-6.14481236394E+001
-6.14334036990E+001
-6.14251337816E+001
-6.13593215861E+001
-6.13050848099E+001
-6.12632080688E+001
-6.12767943366E+001
-6.12372552851E+001
-6.11853372477E+001
-6.10997952285E+001
-6.10677079381E+001
-6.09955145095E+001
-6.10393128947E+001
-6.10013490928E+001
-6.09892875412E+001
-6.09511507539E+001
-6.09361380338E+001
-6.09223514434E+001
-6.08477065233E+001
-6.08041495316E+001
-6.07697077923E+001
-6.07098982702E+001
-6.07097181289E+001
-6.07276570333E+001
-6.07249457318E+001
-6.07472863233E+001
-6.07465519370E+001
-6.07124345898E+001
-6.07164037835E+001
-6.07258155519E+001
-6.07304127070E+001
-6.06761513751E+001
-6.06709130889E+001
-6.06517255103E+001
-6.06927278492E+001
-6.07060889877E+001
-6.06964155077E+001
-6.07326912860E+001
-6.06897619490E+001
-6.06938550667E+001
-6.07044277069E+001
-6.06707173454E+001
-6.07059149124E+001
-6.07193621643E+001
-6.07028956699E+001
-6.07137529798E+001
-6.07582683128E+001
-6.07551764277E+001
-6.07857220000E+001
-6.07410124405E+001
-6.07329257738E+001
-6.07616499122E+001
-6.07422624944E+001
-6.07251964633E+001
-6.07164243132E+001
-6.07466274813E+001
-6.07050662730E+001
-6.06441266402E+001
-6.05881942122E+001
-6.05528236682E+001
-6.05354485028E+001
-6.05378350448E+001
-6.04864306988E+001
-6.04855293204E+001
-6.04683868338E+001
-6.04707061803E+001
-6.04609243769E+001
-6.04127017906E+001
-6.04140183190E+001
-6.03806157177E+001
-6.03687648589E+001
-6.03788941961E+001
-6.03466323466E+001
-6.03051334451E+001
-6.03207664855E+001
-6.02910895357E+001
-6.03265072895E+001
-6.03274811754E+001
-6.03576873860E+001
-6.03277917308E+001
-6.02915600901E+001
-6.02761678305E+001
-6.02736651303E+001
-6.02428777938E+001
-6.02505844116E+001
-6.02623762800E+001
-6.02230978580E+001
-6.02309744142E+001
-6.01980704414E+001
-6.01867393283E+001
-6.01959034019E+001
-6.01797869195E+001
-6.02035372157E+001
-6.02050655256E+001
-6.01913028060E+001
-6.02219272898E+001
-6.02145127994E+001
-6.02411884815E+001
-6.02874931902E+001
-6.03087042996E+001
-6.03199226130E+001
-6.03624539929E+001
-6.03495469691E+001
-6.03416944890E+001
-6.03395967410E+001
-6.03398799056E+001
-6.03139489392E+001
-6.03146736788E+001
-6.03191408096E+001
-6.03269657814E+001
-6.03378426207E+001
-6.03465685818E+001
-6.03916099243E+001
-6.04016402760E+001
-6.04462771572E+001
-6.04181858162E+001
-6.04621017308E+001
-6.04840711962E+001
-6.04914491101E+001
-6.05107485244E+001
-6.05026438453E+001
-6.05148675877E+001
-6.05191812158E+001
-6.05268705193E+001
-6.05299892084E+001
-6.05819547486E+001
-6.05936631323E+001
-6.06101147721E+001
-6.06628771388E+001
-6.06466272181E+001
-6.07114139350E+001
-6.06966376785E+001
-6.06922856090E+001
-6.06753835085E+001
-6.06757289077E+001
-6.06610014569E+001
-6.06734499907E+001
-6.06547690545E+001
-6.06588134755E+001
-6.06441108146E+001
-6.06354914761E+001
-6.06501938667E+001
-6.06876470965E+001
-6.06927726269E+001
-6.07045573138E+001
-6.07171757701E+001
-6.07506356097E+001
-6.07316250668E+001
-6.07312074437E+001
-6.07199484254E+001
-6.07262807339E+001
-6.07255722758E+001
-6.06952922369E+001
-6.06571735290E+001
-6.07043674840E+001
-6.07173095208E+001
-6.07705725340E+001
-6.07597107391E+001
-6.07671491560E+001
-6.07836609889E+001
-6.08026635362E+001
-6.07849524387E+001
-6.07700951790E+001
-6.07170162255E+001
-6.07254131521E+001
-6.07431868054E+001
-6.07703822571E+001
-6.07592235507E+001
-6.07378366954E+001
-6.07132034834E+001
-6.06814224946E+001
-6.06784152766E+001
-6.06570752138E+001
-6.06602915700E+001
-6.06942018919E+001
-6.06942892542E+001
-6.06936203205E+001
-6.06888155021E+001
-6.06872258240E+001
-6.07249637478E+001
-6.07099028420E+001
-6.07150254332E+001
-6.07388484387E+001
-6.07298292530E+001
-6.07179145370E+001
-6.06797629003E+001
-6.07135977454E+001
-6.07241548704E+001
-6.06980922291E+001
-6.07202042347E+001
-6.07303315968E+001
-6.07314566927E+001
-6.08061633386E+001
-6.07671418246E+001
-6.07554911570E+001
-6.07808055147E+001
-6.07897912502E+001
-6.07699151266E+001
-6.07694013214E+001
-6.07411804540E+001
-6.07660582103E+001
-6.08018386634E+001
-6.07608176791E+001
-6.07982906132E+001
-6.07878774215E+001
-6.07585985577E+001
-6.07064829723E+001
-6.06930517344E+001
-6.07123784849E+001
-6.07598372699E+001
-6.07628719437E+001
-6.07890882026E+001
-6.07781459614E+001
-6.08452205841E+001
-6.08338547266E+001
-6.08291537528E+001
-6.08398619330E+001
-6.08020675507E+001
-6.08351421487E+001
-6.08743217281E+001
-6.08788103153E+001
-6.08816338035E+001
-6.08705010127E+001
-6.08739395284E+001
-6.08982592772E+001
-6.08826291585E+001
-6.08854912562E+001
-6.08914339489E+001
-6.09003048174E+001
-6.08702236570E+001
-6.08937850760E+001
-6.09019514874E+001
-6.09006992350E+001
-6.08986242594E+001
-6.09352720072E+001
-6.09276980255E+001
-6.09328340970E+001
-6.09385073429E+001
-6.09619015194E+001
-6.09617804945E+001
-6.09965346719E+001
-6.09936161452E+001
-6.10059061402E+001
-6.10039579267E+001
-6.10704334018E+001
-6.10721404104E+001
-6.10848579133E+001
-6.11045990384E+001
-6.10704759476E+001
-6.10222628447E+001
-6.10302863363E+001
-6.10347015191E+001
-6.09903143786E+001
-6.09894897811E+001
-6.10051847471E+001
-6.10440521873E+001
-6.10221488648E+001
-6.10314507804E+001
-6.10752784821E+001
-6.10944308147E+001
-6.10785047869E+001
-6.10767640764E+001
-6.11049735965E+001
-6.10925416990E+001
-6.10901979861E+001
-6.10621645728E+001
-6.10943998060E+001
-6.10496430195E+001
-6.10159809914E+001
-6.09955457188E+001
-6.10139065998E+001
-6.10232395733E+001
-6.09986872365E+001
-6.10031592423E+001
-6.10009383974E+001
-6.10085601640E+001
-6.09531712166E+001
-6.09245700765E+001
-6.08908554311E+001
-6.09142366825E+001
-6.09326155288E+001
-6.08488275105E+001
-6.08610145406E+001
-6.08507647633E+001
-6.08962062609E+001
-6.08852434156E+001
-6.08965661687E+001
-6.08980975103E+001
-6.09161126790E+001
-6.09201981892E+001
-6.09122576782E+001
-6.09048180749E+001
-6.08931391064E+001
-6.08756122024E+001
-6.08609034726E+001
-6.08451695891E+001
-6.08245819588E+001
-6.08136957387E+001
-6.08493370453E+001
-6.08528541048E+001
-6.08838012981E+001
-6.08954595391E+001
-6.08877195295E+001
-6.09125498419E+001
-6.09139722327E+001
-6.08800619271E+001
-6.08620870530E+001
-6.08444381379E+001
-6.08347359871E+001
-6.08177552736E+001
-6.07901673235E+001
-6.07632415838E+001
-6.07530860227E+001
-6.07425522596E+001
-6.07507121667E+001
-6.07305760806E+001
-6.07391391966E+001
-6.07335360606E+001
-6.07132248919E+001
-6.07271169764E+001
-6.07302256548E+001
-6.07453374898E+001
-6.07562634404E+001
-6.07510239835E+001
-6.07192168665E+001
-6.06630992741E+001
-6.06343794073E+001
-6.06159634925E+001
-6.06228479438E+001
-6.06396997409E+001
-6.06403417123E+001
-6.06804570471E+001
-6.06867082006E+001
-6.06775109462E+001
-6.06534300672E+001
-6.06802749194E+001
-6.06724651715E+001
-6.06828046377E+001
-6.06912512918E+001
-6.06983414650E+001
-6.07299694673E+001
-6.07257055848E+001
-6.07124930762E+001
-6.06063536688E+001
-6.06059801597E+001
-6.06091780124E+001
-6.06176994273E+001
-6.05996389024E+001
-6.06066798546E+001
-6.06072334445E+001
-6.05969816776E+001
-6.05783455257E+001
-6.05550092117E+001
-6.05432851814E+001
-6.05393499239E+001
-6.05499866119E+001
-6.05883476406E+001
-6.05724721884E+001
-6.05867777700E+001
-6.05765590348E+001
-6.05386590008E+001
-6.05453731418E+001
-6.05119747548E+001
-6.04972541967E+001
-6.04697585915E+001
-6.04770539714E+001
-6.04990266087E+001
-6.05066474494E+001
-6.05443413973E+001
-6.05416769329E+001
-6.05242731351E+001
-6.05118548512E+001
-6.04902843367E+001
-6.04956015516E+001
-6.05433230751E+001
-6.05428787769E+001
-6.05374962695E+001
-6.05543377910E+001
-6.05348186032E+001
-6.05705790722E+001
-6.05587020190E+001
-6.05485786056E+001
-6.05561455958E+001
-6.05819447224E+001
-6.05661461991E+001
-6.05628795124E+001
-6.05741973279E+001
-6.05527582540E+001
-6.05922548397E+001
-6.05783558328E+001
-6.05774817680E+001
-6.05422739749E+001
-6.05325148190E+001
-6.05097584681E+001
-6.04979964756E+001
-6.04413099564E+001
-6.04342891243E+001
-6.04010879392E+001
-6.03980991687E+001
-6.04229902829E+001
-6.04309271024E+001
-6.04202421395E+001
-6.04244234278E+001
-6.04117509257E+001
-6.04262696764E+001
-6.04146114794E+001
-6.03785844855E+001
-6.03741323494E+001
-6.03622402001E+001
-6.03305698438E+001
-6.03099813601E+001
-6.03412217430E+001
-6.03312029395E+001
-6.03536133611E+001
-6.03245439257E+001
-6.03150403951E+001
-6.03272281264E+001
-6.02677833603E+001
-6.02883442609E+001
-6.03796876208E+001
-6.04043542056E+001
-6.03873266558E+001
-6.04055102656E+001
-6.04695098673E+001
-6.04606119865E+001
-6.05161481276E+001
-6.05761414190E+001
-6.06096113759E+001
-6.05962027874E+001
-6.06046496890E+001
-6.05723378671E+001
-6.05538729960E+001
-6.05872763057E+001
-6.05605797887E+001
-6.05745740229E+001
-6.05461389681E+001
-6.05481927482E+001
-6.05217843565E+001
-6.05283714278E+001
-6.04981591225E+001
-6.04774267751E+001
-6.04939775043E+001
-6.05079815757E+001
-6.04852121425E+001
-6.04541431924E+001
-6.04613507846E+001
-6.04353708306E+001
-6.04425408833E+001
-6.04184198353E+001
-6.03916003259E+001
-6.04011502789E+001
-6.03757583397E+001
-6.03691240596E+001
-6.03860022161E+001
-6.03639452440E+001
-6.03864675312E+001
-6.03941048296E+001
-6.04000879120E+001
-6.03718685606E+001
-6.03958204235E+001
-6.03991219378E+001
-6.04317907931E+001
-6.04388062102E+001
-6.04482666875E+001
-6.04338026821E+001
-6.04121980948E+001
-6.04247235018E+001
-6.03948845034E+001
-6.04591467802E+001
-6.04655119245E+001
-6.05089356784E+001
-6.04888575158E+001
-6.05106645198E+001
-6.04993640978E+001
-6.04997926459E+001
-6.05056611419E+001
-6.05175527474E+001
-6.05368771297E+001
-6.05444913494E+001
-6.05325409810E+001
-6.05127945194E+001
-6.05315695798E+001
-6.04865003291E+001
-6.04509124498E+001
-6.04878767135E+001
-6.05031272558E+001
-6.04967786180E+001
-6.04966700718E+001
-6.04372956254E+001
-6.04342216230E+001
-6.03988745484E+001
-6.03508211793E+001
-6.03539107945E+001
-6.03512100668E+001
-6.03870895765E+001
-6.04430670202E+001
-6.04517279368E+001
-6.04235136275E+001
-6.04262364998E+001
-6.04098424990E+001
-6.04189247710E+001
-6.04034806907E+001
-6.04304011856E+001
-6.04477735837E+001
-6.04817115621E+001
-6.04528091059E+001
-6.04665508163E+001
-6.04497970807E+001
-6.04799804012E+001
-6.04660490381E+001
-6.04574479934E+001
-6.04597271821E+001
-6.04458422964E+001
-6.04671419809E+001
-6.05401669401E+001
-6.05200125974E+001
-6.05169875844E+001
-6.04914758828E+001
-6.04754721768E+001
-6.04455124693E+001
-6.04483140132E+001
-6.04569082101E+001
-6.04710593504E+001
-6.04731989843E+001
-6.04628605577E+001
-6.04351793785E+001
-6.04141746821E+001
-6.04262955087E+001
-6.04497626671E+001
-6.04281014254E+001
-6.03594481750E+001
-6.03661581656E+001
-6.03730529804E+001
-6.03707610937E+001
-6.03344073022E+001
-6.03295875599E+001
-6.03101650702E+001
-6.02911090356E+001
-6.03336297627E+001
-6.03190142144E+001
-6.02962996876E+001
-6.03249918144E+001
-6.03337367377E+001
-6.03343175963E+001
-6.03592191096E+001
-6.03365913049E+001
-6.03374618846E+001
-6.03497595726E+001
-6.03577141154E+001
-6.03336471400E+001
-6.03292853276E+001
-6.03086051407E+001
-6.02925642911E+001
-6.02819169130E+001
-6.03082844552E+001
-6.03119303208E+001
-6.03072447707E+001
-6.03165513119E+001
-6.03608060715E+001
-6.03653951236E+001
-6.03597708125E+001
-6.03438528470E+001
-6.03248278908E+001
-6.03285912288E+001
-6.03018036227E+001
-6.03185718613E+001
-6.03195997426E+001
-6.02719071285E+001
-6.02968721114E+001
-6.02664886385E+001
-6.02366349807E+001
-6.02144702354E+001
-6.02011161109E+001
-6.01707465725E+001
-6.00857103016E+001
-6.01042689302E+001
-6.00311032470E+001
-5.99697387950E+001
-5.99454537256E+001
-5.99280994997E+001
-5.99383476954E+001
-5.99376624071E+001
-5.99315325006E+001
-5.99049844037E+001
-5.99409266140E+001
-5.99279694415E+001
-5.99073871044E+001
-5.99113001652E+001
-5.99091501865E+001
-5.98889527311E+001
-5.99195456233E+001
-5.99206946910E+001
-5.99245121392E+001
-5.99002879224E+001
-5.99344807237E+001
-5.99393720232E+001
-5.99371781643E+001
-5.99561392110E+001
-5.99411979414E+001
-5.99835551515E+001
-5.99829688895E+001
-5.99663475036E+001
-5.99629692743E+001
-5.99282490047E+001
-5.99376972758E+001
-5.99314173435E+001
-5.99178290917E+001
-5.99092882493E+001
-5.99257854127E+001
-5.99226852158E+001
-5.98966082765E+001
-5.98915142914E+001
-5.99312503785E+001
-5.99194120008E+001
-5.99316996086E+001
-5.99182145707E+001
-5.99547061410E+001
-5.99518891484E+001
-5.99727579818E+001
-5.99125066967E+001
-5.99226748227E+001
-5.98889860310E+001
-5.99068526577E+001
-5.98999874415E+001
-5.99119065023E+001
-5.98953977880E+001
-5.98886947384E+001
-5.98672174132E+001
-5.98425346210E+001
-5.98376519590E+001
-5.98550415641E+001
-5.98726692140E+001
-5.98157857396E+001
-5.97969418923E+001
-5.98170174863E+001
-5.97914507282E+001
-5.97745034107E+001
-5.97775677920E+001
-5.97740579886E+001
-5.98321161052E+001
-5.98156336449E+001
-5.98371007545E+001
-5.98810754710E+001
-5.98904015678E+001
-5.99111631996E+001
-5.99246362708E+001
-5.98873684645E+001
-5.98882096427E+001
-5.98843340986E+001
-5.98953947608E+001
-5.99060054413E+001
-5.98967743966E+001
-5.99459160732E+001
-5.99220246626E+001
-5.99235938369E+001
-5.99263825703E+001
-5.99126320545E+001
-5.99066940589E+001
-5.99137098803E+001
-5.99138232598E+001
-5.99166385330E+001
-5.99630169545E+001
-5.99491010840E+001
-5.99578194775E+001
-5.99431895261E+001
-5.98914207978E+001
-5.98951154716E+001
-5.99186456997E+001
-5.99210241807E+001
-5.99342815457E+001
-5.99586307446E+001
-5.99428789483E+001
-5.99291235892E+001
-5.99330887502E+001
-5.99385579619E+001
-5.99318500362E+001
-5.99266485928E+001
-5.99252471703E+001
-5.99366017951E+001
-5.99125596977E+001
-5.99084109072E+001
-5.99459570563E+001
-5.99447447450E+001
-5.99214892815E+001
-5.99134130800E+001
-5.99173061421E+001
-5.99377549652E+001
-5.99594253273E+001
-5.99383447914E+001
-5.99089417641E+001
-5.98830414944E+001
-5.98930396659E+001
-5.98555727333E+001
-5.98685244645E+001
-5.98620881424E+001
-5.98205754810E+001
-5.98305911386E+001
-5.98360530265E+001
-5.97982310718E+001
-5.97943379429E+001
-5.98257871415E+001
-5.98209812942E+001
-5.98251263239E+001
-5.98076905025E+001
-5.97951070886E+001
-5.97572188912E+001
-5.97154964484E+001
-5.97040403953E+001
-5.97148528967E+001
-5.96628909902E+001
-5.96500776503E+001
-5.96421132083E+001
-5.96565514356E+001
-5.96702864739E+001
-5.96696310065E+001
-5.96373769537E+001
-5.96292856698E+001
-5.96290912721E+001
-5.96656760374E+001
-5.96497309562E+001
-5.96712663756E+001
-5.96352132689E+001
-5.96778331171E+001
-5.97104195709E+001
-5.97488697824E+001
-5.97828692186E+001
-5.97989340600E+001
-5.98232912236E+001
-5.97897908632E+001
-5.98170864094E+001
-5.98328192662E+001
-5.98205118115E+001
-5.98071477088E+001
-5.98158920046E+001
-5.98423099287E+001
-5.98419855380E+001
-5.98397297921E+001
-5.98539439077E+001
-5.98439168082E+001
-5.98441964734E+001
-5.98474103001E+001
-5.98346871558E+001
-5.98498930328E+001
-5.99220747251E+001
-5.99322437367E+001
-5.98873150513E+001
-5.98874239364E+001
-5.98889824807E+001
-5.98708627992E+001
-5.98733859629E+001
-5.98239650200E+001
-5.97992236802E+001
-5.98042253556E+001
-5.98497773483E+001
-5.98822735864E+001
-5.98651592769E+001
-5.98657661953E+001
-5.98926427567E+001
-5.98907270814E+001
-5.98941639929E+001
-5.98766024383E+001
-5.98693042061E+001
-5.98487551607E+001
-5.97829008795E+001
-5.98193323830E+001
-5.98283689565E+001
-5.98402605066E+001
-5.98073680215E+001
-5.98411699801E+001
-5.98321628675E+001
-5.98266541689E+001
-5.98328200316E+001
-5.98133081236E+001
-5.97900182482E+001
-5.97861646552E+001
-5.97969845610E+001
-5.97977587402E+001
-5.98651356203E+001
-5.98689435820E+001
-5.98881610008E+001
-5.98660466327E+001
-5.98171081760E+001
-5.97993334604E+001
-5.98126016098E+001
-5.98427896283E+001
-5.98325042520E+001
-5.98311065632E+001
-5.98516689224E+001
-5.98480254661E+001
-5.98730452308E+001
-5.98276069424E+001
-5.98255245996E+001
-5.98427678110E+001
-5.97917970827E+001
-5.97844856899E+001
-5.97623295458E+001
-5.97795622813E+001
-5.98216292826E+001
-5.98080492073E+001
-5.98094902393E+001
-5.98144280435E+001
-5.98072640733E+001
-5.98540564557E+001
-5.98560050475E+001
-5.98592679730E+001
-5.98590612563E+001
-5.98315559508E+001
-5.98603663226E+001
-5.98850409286E+001
-5.98783615018E+001
-5.98747746287E+001
-5.98680762657E+001
-5.98374630016E+001
-5.98530706539E+001
-5.98477515982E+001
-5.98563783660E+001
-5.98582319119E+001
-5.98416722488E+001
-5.98063704840E+001
-5.98175807681E+001
-5.98332182101E+001
-5.98125902985E+001
-5.97945811156E+001
-5.97676047167E+001
-5.97621481621E+001
-5.97865154835E+001
-5.98095949866E+001
-5.97975800745E+001
-5.98104612158E+001
-5.97918760020E+001
-5.97774651817E+001
-5.98293572403E+001
-5.98179234380E+001
-5.98252884207E+001
-5.98335822113E+001
-5.98199577517E+001
-5.98326811186E+001
-5.98647599583E+001
-5.98600772255E+001
-5.99105914868E+001
-5.99227077373E+001
-5.99437949189E+001
-5.99447655743E+001
-5.99626841830E+001
-5.99889639181E+001
-6.00001375396E+001
-6.00197918112E+001
-6.00707404949E+001
-6.00442569135E+001
-6.00672531070E+001
-6.00857152946E+001
-6.00650662787E+001
-6.00524106131E+001
-6.00695304552E+001
-6.01061002236E+001
-6.01468574123E+001
-6.01883126429E+001
-6.02214000530E+001
-6.02453853902E+001
-6.02446125136E+001
-6.02841635683E+001
-6.03135031935E+001
-6.03327788395E+001
-6.03215611599E+001
-6.03010449016E+001
-6.02911140715E+001
-6.02937952310E+001
-6.02992816508E+001
-6.03195021682E+001
-6.03169763590E+001
-6.03038953692E+001
-6.02751738762E+001
-6.02417530048E+001
-6.01941561330E+001
-6.01761140381E+001
-6.01293593845E+001
-6.01275782497E+001
-6.01007746113E+001
-6.00953802874E+001
-6.01033528920E+001
-6.00578292832E+001
-6.00723363105E+001
-6.00719582969E+001
-6.00894655604E+001
-6.00694733359E+001
-6.00349441681E+001
-6.00129368400E+001
-6.00108719192E+001
-6.00135371571E+001
-6.00128335919E+001
-6.00226807996E+001
-6.00349744622E+001
-5.99950335636E+001
-5.99647970253E+001
-5.98879646427E+001
-5.98782268582E+001
-5.98868365500E+001
-5.99177149216E+001
-5.99139771743E+001
-5.99332750078E+001
-5.99471443751E+001
-5.99574108218E+001
-5.99392699240E+001
-5.99306847742E+001
-5.99293510693E+001
-5.98863634774E+001
-5.98568939074E+001
-5.99047958451E+001
-5.99200774555E+001
-5.99003273290E+001
-5.99385912641E+001
-5.99548545247E+001
-5.99423881599E+001
-5.99680220567E+001
-6.00094666538E+001
-5.99949872747E+001
-5.99824253896E+001
-5.99950666750E+001
-6.00050865681E+001
-5.99882752693E+001
-5.99698325123E+001
-5.99496605893E+001
-5.99534745789E+001
-5.99998659258E+001
-6.00220489786E+001
-6.00211781796E+001
-5.99930734402E+001
-5.99805979836E+001
-5.99149561374E+001
-5.99202608318E+001
-5.99130511101E+001
-5.99189847393E+001
-5.99421798154E+001
-5.99607212960E+001
-5.99557581793E+001
-5.99481877808E+001
-5.99365553539E+001
-5.99147065693E+001
-5.99158504039E+001
-5.98984869621E+001
-5.98766242831E+001
-5.98834411111E+001
-5.99034508439E+001
-5.98760245761E+001
-5.98905310883E+001
-5.98808643557E+001
-5.98614963578E+001
-5.98320968431E+001
-5.97725997508E+001
-5.97821164175E+001
-5.97851895947E+001
-5.97593738021E+001
-5.97428608055E+001
-5.96784272594E+001
-5.96648202368E+001
-5.96400912576E+001
-5.96087206507E+001
-5.96210388797E+001
-5.96284179948E+001
-5.95839482749E+001
-5.95816681231E+001
-5.95690448821E+001
-5.95647055920E+001
-5.95864201917E+001
-5.95839054604E+001
-5.95998983082E+001
-5.95807374243E+001
-5.95595998472E+001
-5.95677361517E+001
-5.95839598598E+001
-5.95987160171E+001
-5.95675828682E+001
-5.95763950579E+001
-5.96252887318E+001
-5.96302928281E+001
-5.96333701444E+001
-5.96312503524E+001
-5.96190557553E+001
-5.96343942942E+001
-5.96101399526E+001
-5.96133781539E+001
-5.96128897201E+001
-5.95709630796E+001
-5.95446213978E+001
-5.95278268964E+001
-5.95389729025E+001
-5.95605498745E+001
-5.95466675187E+001
-5.95055415366E+001
-5.94785420767E+001
-5.94557431746E+001
-5.94554068012E+001
-5.94490287713E+001
-5.94396737456E+001
-5.94065867408E+001
-5.93476263148E+001
-5.93684340461E+001
-5.93786974666E+001
-5.93079966056E+001
-5.93188717601E+001
-5.93348189761E+001
-5.93170821697E+001
-5.92910503253E+001
-5.93114185174E+001
-5.92742824937E+001
-5.92459773977E+001
-5.92075073446E+001
-5.91864048889E+001
-5.91868705017E+001
-5.91921475464E+001
-5.91610546257E+001
-5.91234419887E+001
-5.90895639016E+001
-5.90684436555E+001
-5.90822364740E+001
-5.91285814999E+001
-5.91492037839E+001
-5.91626671253E+001
-5.91502364272E+001
-5.91162477985E+001
-5.91220582770E+001
-5.91352048945E+001
-5.91300139411E+001
-5.91523659061E+001
-5.91426390869E+001
-5.91183088209E+001
-5.91423886316E+001
-5.91424811562E+001
-5.91302312554E+001
-5.91112997975E+001
-5.91403024546E+001
-5.91583829214E+001
-5.91423874692E+001
-5.91355490111E+001
-5.90995554875E+001
-5.91092155332E+001
-5.91400896640E+001
-5.91615447667E+001
-5.91489824381E+001
-5.91335834316E+001
-5.91263139105E+001
-5.91110905523E+001
-5.91008707349E+001
-5.91203279167E+001
-5.91376569455E+001
-5.91315303887E+001
-5.91567770439E+001
-5.92085801109E+001
-5.91810817009E+001
-5.92054433571E+001
-5.92113199029E+001
-5.92064494845E+001
-5.92015215996E+001
-5.92294531455E+001
-5.92655054939E+001
-5.92115693510E+001
-5.92310221335E+001
-5.92437211315E+001
-5.91943782699E+001
-5.91470621374E+001
-5.91591029710E+001
-5.90956498414E+001
-5.90932569874E+001
-5.91180717539E+001
-5.91174829284E+001
-5.90961814553E+001
-5.90786056751E+001
-5.90733421913E+001
-5.90558269071E+001
-5.90493145103E+001
-5.90419645961E+001
-5.90331291873E+001
-5.90433184938E+001
-5.89947620347E+001
-5.89690516249E+001
-5.89515639886E+001
-5.89213113733E+001
-5.89340775141E+001
-5.89467673588E+001
-5.89656914715E+001
-5.89912582691E+001
-5.89818028535E+001
-5.89858418989E+001
-5.90030780223E+001
-5.89814268831E+001
-5.89861466199E+001
-5.89541556719E+001
-5.89924770394E+001
-5.90033109324E+001
-5.90050837563E+001
-5.89947177086E+001
-5.89984546346E+001
-5.89855264083E+001
-5.89776774939E+001
-5.89969461114E+001
-5.90157881173E+001
-5.90388724750E+001
-5.90719821853E+001
-5.90698238702E+001
-5.90723550021E+001
-5.90921923315E+001
-5.91153784037E+001
-5.91574047468E+001
-5.91645292751E+001
-5.91730136611E+001
-5.91422729710E+001
-5.91715404816E+001
-5.91742317489E+001
-5.91946397528E+001
-5.91675103058E+001
-5.91657895895E+001
-5.91811138893E+001
-5.92107469229E+001
-5.92452773351E+001
-5.92017239875E+001
-5.91820452569E+001
-5.91611027317E+001
-5.91767390593E+001
-5.91914619898E+001
-5.91906414990E+001
-5.92111113216E+001
-5.91874571418E+001
-5.91799712400E+001
-5.92053418604E+001
-5.91688269535E+001
-5.91553358967E+001
-5.91503260662E+001
-5.91261341340E+001
-5.91328807833E+001
-5.91405786248E+001
-5.91619919687E+001
-5.92022892495E+001
-5.92163034466E+001
-5.92080619383E+001
-5.92752786412E+001
-5.93163239584E+001
-5.93133240810E+001
-5.93099096992E+001
-5.93181262019E+001
-5.93177061146E+001
-5.93217755946E+001
-5.93280447672E+001
-5.93003348291E+001
-5.92767685701E+001
-5.92592503484E+001
-5.92577144917E+001
-5.92937552343E+001
-5.92887808214E+001
-5.92539512797E+001
-5.92711490805E+001
-5.92789447505E+001
-5.92555401363E+001
-5.92528671566E+001
-5.93043678537E+001
-5.92833334791E+001
-5.93097637814E+001
-5.93347074756E+001
-5.93211860484E+001
-5.93196510396E+001
-5.93023931856E+001
-5.92949147326E+001
-5.93189608531E+001
-5.93723155553E+001
-5.93672087183E+001
-5.93596542400E+001
-5.93614577571E+001
-5.93323018224E+001
-5.93121806546E+001
-5.92996668675E+001
-5.92924642989E+001
-5.93169197620E+001
-5.93112890605E+001
-5.93507289955E+001
-5.93763485254E+001
-5.93737426804E+001
-5.94034596382E+001
-5.94231369540E+001
-5.94141850069E+001
-5.94134325586E+001
-5.94297128090E+001
-5.94463305221E+001
-5.94278364511E+001
-5.93965636065E+001
-5.93865362450E+001
-5.93974307118E+001
-5.94210366612E+001
-5.94385954982E+001
-5.94143357610E+001
-5.94056284564E+001
-5.94105722397E+001
-5.93899184727E+001
-5.94000705510E+001
-5.94282796140E+001
-5.94398142835E+001
-5.94625054796E+001
-5.94236764367E+001
-5.94202923996E+001
-5.93950109625E+001
-5.93384032101E+001
-5.93297748681E+001
-5.93052323178E+001
-5.92894118541E+001
-5.93039665311E+001
-5.93462343077E+001
-5.93518400610E+001
-5.93451168833E+001
-5.93765128820E+001
-5.94122036044E+001
-5.94452937825E+001
-5.94852027029E+001
-5.94692766895E+001
-5.95057114089E+001
-5.95399233764E+001
-5.95679490726E+001
-5.95651484361E+001
-5.96232544768E+001
-5.96029925657E+001
-5.96096515112E+001
-5.96325778413E+001
-5.96454859707E+001
-5.96795155200E+001
-5.96901928037E+001
-5.97035388559E+001
-5.97070996833E+001
-5.97496573841E+001
-5.97121816476E+001
-5.97298855765E+001
-5.97667098832E+001
-5.97959657849E+001
-5.98309990890E+001
-5.98476837922E+001
-5.98456967497E+001
-5.98672025495E+001
-5.98801223240E+001
-5.98901838882E+001
-5.99135879185E+001
-5.99452088791E+001
-5.99603337453E+001
-5.99415427671E+001
-5.99541263108E+001
-5.99320903729E+001
-5.99500174370E+001
-5.99403140313E+001
-5.99641374206E+001
-5.99910456021E+001
-5.99781398480E+001
-6.00030140168E+001
-6.00379073431E+001
-6.00385605776E+001
-6.00306813373E+001
-6.01104947470E+001
-6.00967758615E+001
-6.00931706817E+001
-6.00650380322E+001
-6.00602203438E+001
-6.00740554215E+001
-6.01066543655E+001
-6.00942793578E+001
-6.00958765354E+001
-6.01048323601E+001
-6.01282898627E+001
-6.01553762960E+001
-6.01632377812E+001
-6.01488758434E+001
-6.01308820917E+001
-6.02621019880E+001
-6.02746099032E+001
-6.02732962425E+001
-6.02809029284E+001
-6.02906871170E+001
-6.03023915768E+001
-6.03164779132E+001
-6.03469883144E+001
-6.03530000577E+001
-6.03398068259E+001
-6.03467864602E+001
-6.03587060189E+001
-6.03581972530E+001
-6.03860588548E+001
-6.04114756676E+001
-6.04240482747E+001
-6.04177656505E+001
-6.03608843431E+001
-6.03517726248E+001
-6.03580084517E+001
-6.03148107550E+001
-6.03071687144E+001
-6.02839187332E+001
-6.02918101987E+001
-6.02950050342E+001
-6.02825372543E+001
-6.03131572213E+001
-6.03186971208E+001
-6.03341201926E+001
-6.03468057769E+001
-6.03946998125E+001
-6.04252991975E+001
-6.04110071021E+001
-6.04463791992E+001
-6.04736623912E+001
-6.04822967570E+001
-6.04691980952E+001
-6.04865980750E+001
-6.05455616809E+001
-6.05128158490E+001
-6.05269997112E+001
-6.05239968417E+001
-6.05255148605E+001
-6.05393778698E+001
-6.05463140487E+001
-6.05478196014E+001
-6.05614216895E+001
-6.05583071564E+001
-6.05042499606E+001
-6.05393977216E+001
-6.05480805736E+001
-6.06033594370E+001
-6.05952312864E+001
-6.05879824379E+001
-6.05908331666E+001
-6.06117254562E+001
-6.06191447830E+001
-6.06050174898E+001
-6.05533380714E+001
-6.05519155938E+001
-6.05660543281E+001
-6.05736489308E+001
-6.05924684085E+001
-6.05864978143E+001
-6.05663159835E+001
-6.06058592176E+001
-6.06494713205E+001
-6.06423540054E+001
-6.07060861736E+001
-6.07739407279E+001
-6.07815055664E+001
-6.07718396358E+001
-6.07578745230E+001
-6.07632051137E+001
-6.07762066565E+001
-6.07965446960E+001
-6.08333334802E+001
-6.08340881930E+001
-6.08046857603E+001
-6.07953171379E+001
-6.07797888127E+001
-6.08201180980E+001
-6.08688218738E+001
-6.08940430937E+001
-6.09065124085E+001
-6.09366781066E+001
-6.09213494551E+001
-6.09408841852E+001
-6.09396228979E+001
-6.09125851071E+001
-6.09250013839E+001
-6.09107106084E+001
-6.08930090797E+001
-6.08580950507E+001
-6.08240860239E+001
-6.08131009464E+001
-6.08580519562E+001
-6.08297804515E+001
-6.08100354831E+001
-6.08017707080E+001
-6.07974785217E+001
-6.07445314727E+001
-6.07587064919E+001
-6.07532381793E+001
-6.07269621722E+001
-6.07488599096E+001
-6.07233768958E+001
-6.06997449209E+001
-6.07106428264E+001
-6.07246446220E+001
-6.07269953942E+001
-6.07538058833E+001
-6.07502794495E+001
-6.07129573752E+001
-6.06880407649E+001
-6.06690035024E+001
-6.06646485352E+001
-6.06366125290E+001
-6.06204257298E+001
-6.06320176981E+001
-6.06421111116E+001
-6.07174506064E+001
-6.07074403585E+001
-6.07037875756E+001
-6.06909627338E+001
-6.06927462040E+001
-6.07155813924E+001
-6.07166324935E+001
-6.07150734030E+001
-6.06978654059E+001
-6.06655290051E+001
-6.06713286829E+001
-6.06430001215E+001
-6.05844950402E+001
-6.05902413028E+001
-6.06074937246E+001
-6.05126984790E+001
-6.04896524933E+001
-6.05021120127E+001
-6.04919393482E+001
-6.04769010981E+001
-6.04776729615E+001
-6.04504751393E+001
-6.04718135291E+001
-6.04664025089E+001
-6.04374788898E+001
-6.04289308270E+001
-6.04047588187E+001
-6.04056872883E+001
-6.04117705831E+001
-6.04146797549E+001
-6.02932117194E+001
-6.02899668833E+001
-6.03086770163E+001
-6.02913386588E+001
-6.02775983050E+001
-6.02761348557E+001
-6.02497949430E+001
-6.02362015209E+001
-6.02245738726E+001
-6.02056599649E+001
-6.02059065738E+001
-6.01981982558E+001
-6.02021290508E+001
-6.01771223889E+001
-6.01941085384E+001
-6.02006243368E+001
-6.01834676829E+001
-6.02602254029E+001
-6.02777951064E+001
-6.02888462189E+001
-6.02992105930E+001
-6.02795001916E+001
-6.02876056552E+001
-6.02871656450E+001
-6.02737071645E+001
-6.02646514976E+001
-6.02276694179E+001
-6.02209732181E+001
-6.02130017742E+001
-6.02557708945E+001
-6.02254524236E+001
-6.02840338488E+001
-6.02988093180E+001
-6.02489979036E+001
-6.02610462750E+001
-6.02424700427E+001
-6.02789170147E+001
-6.02796424145E+001
-6.02388229056E+001
-6.02524065258E+001
-6.02470356453E+001
-6.02534159996E+001
-6.02446791285E+001
-6.02694149494E+001
-6.03093475163E+001
-6.03628212045E+001
-6.03727865620E+001
-6.03709409674E+001
-6.03933665149E+001
-6.03732410387E+001
-6.03606730213E+001
-6.03261238774E+001
-6.03177256335E+001
-6.03553076221E+001
-6.03811571139E+001
-6.03769119086E+001
-6.03887410095E+001
-6.04093552733E+001
-6.04243999161E+001
-6.04247946702E+001
-6.03961533227E+001
-6.03607438407E+001
-6.03610814062E+001
-6.03953131498E+001
-6.03889579742E+001
-6.03502203446E+001
-6.03161075475E+001
-6.03381576879E+001
-6.03204732088E+001
-6.02646787160E+001
-6.02650658543E+001
-6.02998769396E+001
-6.03006348960E+001
-6.03196493944E+001
-6.03034619551E+001
-6.03817671848E+001
-6.03759501415E+001
-6.03877656163E+001
-6.04318617897E+001
-6.04183947134E+001
-6.03945901070E+001
-6.03922041269E+001
-6.03808758420E+001
-6.03700039169E+001
-6.03649427236E+001
-6.03361193704E+001
-6.03456558273E+001
-6.03700180128E+001
-6.03842979516E+001
-6.04134016194E+001
-6.03918617975E+001
-6.03812531719E+001
-6.04027000364E+001
-6.03999195076E+001
-6.03946746644E+001
-6.03946597134E+001
-6.03502258222E+001
-6.03500383390E+001
-6.03433365447E+001
-6.03397624940E+001
-6.03581832809E+001
-6.03810836955E+001
-6.03949213243E+001
-6.04090237301E+001
-6.04062460964E+001
-6.03750889281E+001
-6.03710563807E+001
-6.03880408621E+001
-6.03923886067E+001
-6.03984697025E+001
-6.03748668035E+001
-6.03850830919E+001
-6.04150433270E+001
-6.04636463082E+001
-6.04648239083E+001
-6.04323601170E+001
-6.04416953613E+001
-6.04593262228E+001
-6.04810731004E+001
-6.04714838210E+001
-6.04573019790E+001
-6.03986817488E+001
-6.03886076824E+001
-6.04191726845E+001
-6.04148005322E+001
-6.03903644645E+001
-6.04136321797E+001
-6.04044916674E+001
-6.04251243626E+001
-6.04524620206E+001
-6.04577781025E+001
-6.04687943792E+001
-6.04562037152E+001
-6.05516088242E+001
-6.05639739893E+001
-6.05498083981E+001
-6.06005199573E+001
-6.06221801629E+001
-6.05892226279E+001
-6.06264253600E+001
-6.06291394041E+001
-6.06290779871E+001
-6.06607735552E+001
-6.06398017265E+001
-6.06722662668E+001
-6.07340872317E+001
-6.07323725127E+001
-6.08142763110E+001
-6.08360564398E+001
-6.08185839386E+001
-6.08456915415E+001
-6.08725689139E+001
-6.08626996401E+001
-6.08779369889E+001
-6.09104808150E+001
-6.09306060659E+001
-6.09186714843E+001
-6.09525215340E+001
-6.09503798656E+001
-6.09679794416E+001
-6.09821494254E+001
-6.09855724140E+001
-6.10272727357E+001
-6.10568012813E+001
-6.10713690934E+001
-6.11185497100E+001
-6.10938345134E+001
-6.11266663216E+001
-6.10570535624E+001
-6.10401391344E+001
-6.10547868293E+001
-6.10771234967E+001
-6.10974248693E+001
-6.11224655005E+001
-6.11138710239E+001
-6.11396148276E+001
-6.11427779239E+001
-6.11551714637E+001
-6.11665898098E+001
-6.11898449501E+001
-6.11821200636E+001
-6.12151626025E+001
-6.11358919386E+001
-6.11143452056E+001
-6.11351771907E+001
-6.11276360193E+001
-6.11534130774E+001
-6.11326061447E+001
-6.11330579478E+001
-6.11230622609E+001
-6.11175842560E+001
-6.11348398337E+001
-6.11190959888E+001
-6.11259584262E+001
-6.10887843640E+001
-6.10264539562E+001
-6.09885519603E+001
-6.10147163459E+001
-6.10626669650E+001
-6.10640871444E+001
-6.11225551748E+001
-6.11329734987E+001
-6.11280964430E+001
-6.11411091525E+001
-6.11325172723E+001
-6.11352543361E+001
-6.11869062290E+001
-6.11560657636E+001
-6.11356806035E+001
-6.11530049376E+001
-6.11436774059E+001
-6.11907224521E+001
-6.12317214574E+001
-6.12071279678E+001
-6.11833515004E+001
-6.11988233066E+001
-6.11904274861E+001
-6.11964946341E+001
-6.12111805494E+001
-6.12076880332E+001
-6.12014721527E+001
-6.11902078041E+001
-6.11660620330E+001
-6.11801664226E+001
-6.11698139114E+001
-6.11698651660E+001
-6.11136290861E+001
-6.11139442178E+001
-6.11001130584E+001
-6.11008559606E+001
-6.11359215066E+001
-6.11937674774E+001
-6.12124729841E+001
-6.12069508280E+001
-6.12058915921E+001
-6.12032035826E+001
-6.12544411582E+001
-6.12442550306E+001
-6.12317981465E+001
-6.12526151783E+001
-6.12332770302E+001
-6.12449141583E+001
-6.12428274439E+001
-6.12352311859E+001
-6.12701180200E+001
-6.12855738266E+001
-6.12854640905E+001
-6.13311075349E+001
-6.13190570906E+001
-6.13242328308E+001
-6.13256708808E+001
-6.13229949575E+001
-6.12910835520E+001
-6.12697877030E+001
-6.12675708687E+001
-6.12930407694E+001
-6.12891568196E+001
-6.12764899616E+001
-6.12931019629E+001
-6.12684372493E+001
-6.12311230192E+001
-6.12412043680E+001
-6.12374988120E+001
-6.12014976791E+001
-6.11649515123E+001
-6.11605598432E+001
-6.11973436609E+001
-6.11673404865E+001
-6.11531003084E+001
-6.11819523648E+001
-6.11690704547E+001
-6.11928263410E+001
-6.11473623627E+001
-6.11455093692E+001
-6.11306059621E+001
-6.11515773352E+001
-6.11760560315E+001
-6.11471136338E+001
-6.11742681873E+001
-6.11812380394E+001
-6.11777662608E+001
-6.11967819589E+001
-6.11909255598E+001
-6.12121022555E+001
-6.11242646396E+001
-6.11424678487E+001
-6.11321178548E+001
-6.11072025036E+001
-6.11040681407E+001
-6.11208527870E+001
-6.11014195339E+001
-6.11494874062E+001
-6.11541475152E+001
-6.11773301116E+001
-6.12014160260E+001
-6.11688413980E+001
-6.11574853814E+001
-6.11592535906E+001
-6.10927794095E+001
-6.10657083939E+001
-6.10840240482E+001
-6.10639266717E+001
-6.10800253288E+001
-6.12129626225E+001
-6.11825778257E+001
-6.11635832115E+001
-6.11425560193E+001
-6.11634592971E+001
-6.11675254006E+001
-6.11840381434E+001
-6.11942425716E+001
-6.11973533668E+001
-6.11895050367E+001
-6.11593109791E+001
-6.11259892688E+001
-6.11281437411E+001
-6.10120897798E+001
-6.10559244138E+001
-6.10797252138E+001
-6.11053018011E+001
-6.11067042944E+001
-6.11359065889E+001
-6.11064601150E+001
-6.10856901814E+001
-6.10778193825E+001
-6.10775598271E+001
-6.10883925773E+001
-6.11131510833E+001
-6.11051294189E+001
-6.11371870518E+001
-6.11036006716E+001
-6.10920208058E+001
-6.10891267834E+001
-6.10996168152E+001
-6.11264014550E+001
-6.11386054014E+001
-6.11409104235E+001
-6.11367228748E+001
-6.11962668654E+001
-6.12220538264E+001
-6.12351623822E+001
-6.12427572496E+001
-6.12226686139E+001
-6.12327584352E+001
-6.12291974407E+001
-6.12565152468E+001
-6.12941983589E+001
-6.12986335578E+001
-6.12625195343E+001
-6.12162096477E+001
-6.12309822554E+001
-6.12068083939E+001
-6.12423388732E+001
-6.12339490591E+001
-6.12358164838E+001
-6.12822948191E+001
-6.12633472591E+001
-6.12166628279E+001
-6.12091118247E+001
-6.12469157370E+001
-6.12312248766E+001
-6.12696613645E+001
-6.12727392029E+001
-6.12592618130E+001
-6.12889208262E+001
-6.13341377306E+001
-6.13416726853E+001
-6.13728014302E+001
-6.13716067522E+001
-6.13402123410E+001
-6.13319551356E+001
-6.13587046365E+001
-6.13663017629E+001
-6.13627781235E+001
-6.13636244361E+001
-6.13833411597E+001
-6.13944530172E+001
-6.13898460236E+001
-6.13939346665E+001
-6.13886132513E+001
-6.13957488579E+001
-6.13668202923E+001
-6.13267081208E+001
-6.13371909070E+001
-6.13705615074E+001
-6.14015251172E+001
-6.14066664933E+001
-6.13941044727E+001
-6.14038820433E+001
-6.13912225263E+001
-6.13463015817E+001
-6.13640817486E+001
-6.13851921464E+001
-6.13764282737E+001
-6.13777053050E+001
-6.13633791755E+001
-6.13625822199E+001
-6.14672257110E+001
-6.14859848525E+001
-6.14935763859E+001
-6.15095670145E+001
-6.15184830119E+001
-6.15043371542E+001
-6.15040152337E+001
-6.15347338395E+001
-6.15671352176E+001
-6.15489293047E+001
-6.15914218677E+001
-6.16387535618E+001
-6.16445606542E+001
-6.16778332985E+001
-6.17112107255E+001
-6.17337063827E+001
-6.17186186972E+001
-6.17491779593E+001
-6.17591282523E+001
-6.17562933374E+001
-6.17611873138E+001
-6.17901835724E+001
-6.18117660224E+001
-6.18392178485E+001
-6.18436447379E+001
-6.18145445518E+001
-6.18926662267E+001
-6.18822818277E+001
-6.18987026405E+001
-6.18951907664E+001
-6.19166770562E+001
-6.19428335347E+001
-6.19321547013E+001
-6.19183337233E+001
-6.19072974157E+001
-6.18874103649E+001
-6.18837933716E+001
-6.18818497194E+001
-6.19034523594E+001
-6.18758084661E+001
-6.19063967926E+001
-6.18914324073E+001
-6.19056594373E+001
-6.19732179900E+001
-6.19584143890E+001
-6.19323704405E+001
-6.19336144763E+001
-6.19206005554E+001
-6.19265309493E+001
-6.19278741802E+001
-6.19144014532E+001
-6.19710132315E+001
-6.20033131840E+001
-6.19886999810E+001
-6.19664541267E+001
-6.19376974653E+001
-6.19046985514E+001
-6.18158063836E+001
-6.17799474421E+001
-6.17701467347E+001
-6.17525164180E+001
-6.17154190384E+001
-6.16385373317E+001
-6.15921230959E+001
-6.15485670403E+001
-6.15051840596E+001
-6.14784162018E+001
-6.14445641733E+001
-6.14218545268E+001
-6.13665410965E+001
-6.13623182184E+001
-6.12939675974E+001
-6.12279347936E+001
-6.11922128729E+001
-6.11562732885E+001
-6.10879501081E+001
-6.10599318498E+001
-6.10344950428E+001
-6.09983031545E+001
-6.09775309911E+001
-6.09059584224E+001
-6.08564953658E+001
-6.08353748696E+001
-6.07634861387E+001
-6.07453451296E+001
-6.06893791382E+001
-6.06359764901E+001
-6.06133910159E+001
-6.05755090085E+001
-6.04933051293E+001
-6.04441605413E+001
-6.04020568350E+001
-6.02989788106E+001
-6.02420359067E+001
-6.02100230381E+001
-6.01648196473E+001
-6.01347139422E+001
-6.01006602085E+001
-6.00551663477E+001
-6.00062486890E+001
-5.99622526703E+001
-5.99200293858E+001
-5.98771609211E+001
-5.98372763553E+001
-5.97886024607E+001
-5.97304970698E+001
-5.96472638832E+001
-5.96195111070E+001
-5.95790257562E+001
-5.94918082839E+001
-5.94626359373E+001
-5.94359205688E+001
-5.94146947478E+001
-5.93568793780E+001
-5.93326036610E+001
-5.92797824182E+001
-5.92102416319E+001
-5.91690133710E+001
-5.91104852010E+001
-5.90332749042E+001
-5.90016477189E+001
-5.89512731223E+001
-5.89109224134E+001
-5.88826611392E+001
-5.88415777883E+001
-5.88073807568E+001
-5.87932278540E+001
-5.87621010491E+001
-5.87227595484E+001
-5.86666471570E+001
-5.86219697182E+001
-5.85483557070E+001
-5.85196236800E+001
-5.85000601981E+001
-5.84372537948E+001
-5.84029208079E+001
-5.83830645857E+001
-5.83143377985E+001
-5.82371657960E+001
-5.81627024458E+001
-5.81275606931E+001
-5.80850392193E+001
-5.80814373158E+001
-5.80523875729E+001
-5.80336929947E+001
-5.79772296433E+001
-5.79190580619E+001
-5.79085091399E+001
-5.78620388724E+001
-5.78262941328E+001
-5.77965509051E+001
-5.76765059992E+001
-5.76002840781E+001
-5.75888932282E+001
-5.75499818290E+001
-5.75033610043E+001
-5.74687087432E+001
-5.74321971599E+001
-5.73745452983E+001
-5.73259051406E+001
-5.72958062377E+001
-5.72485302397E+001
-5.71982379563E+001
-5.71312423092E+001
-5.70749377412E+001
-5.70195248491E+001
-5.69698218975E+001
-5.69585806122E+001
-5.68972929339E+001
-5.68682579613E+001
-5.68350617114E+001
-5.68044508524E+001
-5.67296810225E+001
-5.66841583358E+001
-5.65978669673E+001
-5.65606382671E+001
-5.65194397675E+001
-5.64290301393E+001
-5.64180706069E+001
-5.63854943955E+001
-5.63513004342E+001
-5.62803201282E+001
-5.62238415983E+001
-5.61877128548E+001
-5.61612359183E+001
-5.61205275995E+001
-5.60922466733E+001
-5.60564392206E+001
-5.60042185199E+001
-5.59549662601E+001
-5.59158232640E+001
-5.58589950193E+001
-5.58314790467E+001
-5.57877338945E+001
-5.57060758979E+001
-5.56835384079E+001
-5.56904042726E+001
-5.56576387066E+001
-5.56040932221E+001
-5.55434906871E+001
-5.55144272146E+001
-5.54410373866E+001
-5.53503368469E+001
-5.53036013917E+001
-5.52849192668E+001
-5.52593311338E+001
-5.52545187948E+001
-5.52286457744E+001
-5.51713600634E+001
-5.51791594417E+001
-5.51593062841E+001
-5.51558601954E+001
-5.51533317061E+001
-5.51523457300E+001
-5.51454338486E+001
-5.51597450454E+001
-5.51557294756E+001
-5.51871686785E+001
-5.51959219471E+001
-5.51882631568E+001
-5.51950474068E+001
-5.52078333411E+001
-5.52081202415E+001
-5.52078510726E+001
-5.52177073257E+001
-5.52283012622E+001
-5.52103879394E+001
-5.52134507772E+001
-5.52185361509E+001
-5.52111778827E+001
-5.52183905891E+001
-5.52233945650E+001
-5.52452087919E+001
-5.52579966946E+001
-5.52604421835E+001
-5.52753363609E+001
-5.52871133012E+001
-5.53063094318E+001
-5.53055665767E+001
-5.52857896823E+001
-5.53082618521E+001
-5.53161459385E+001
-5.53270697901E+001
-5.53461357681E+001
-5.53581137440E+001
-5.53583244045E+001
-5.53731564971E+001
-5.53594147318E+001
-5.53626199320E+001
-5.53621636645E+001
-5.53889769610E+001
-5.53849187504E+001
-5.53885470311E+001
-5.53817373683E+001
-5.54077254035E+001
-5.54019906114E+001
-5.53962421700E+001
-5.54225912797E+001
-5.54099074652E+001
-5.54139422934E+001
-5.54248626359E+001
-5.54081224727E+001
-5.54012639034E+001
-5.53947218654E+001
-5.53975695322E+001
-5.53979721723E+001
-5.54050607388E+001
-5.54027336996E+001
-5.54012682065E+001
-5.54021164089E+001
-5.54153936364E+001
-5.54026218858E+001
-5.54281511226E+001
-5.54381270621E+001
-5.54264185598E+001
-5.54231916368E+001
-5.54153877574E+001
-5.54096470190E+001
-5.54180143699E+001
-5.54231042504E+001
-5.54221686412E+001
-5.54065206467E+001
-5.54281209583E+001
-5.54321168329E+001
-5.54406599711E+001
-5.54300963487E+001
-5.54607789656E+001
-5.54721362583E+001
-5.54765175995E+001
-5.54681943283E+001
-5.54868461423E+001
-5.54986834899E+001
-5.54889682502E+001
-5.54723061380E+001
-5.54758786663E+001
-5.54974497103E+001
-5.54946028742E+001
-5.54914076910E+001
-5.54905313206E+001
-5.54856499954E+001
-5.54740740404E+001
-5.54650957209E+001
-5.54440861521E+001
-5.54636949706E+001
-5.54377190175E+001
-5.54440654339E+001
-5.54556299544E+001
-5.54859122121E+001
-5.54949766536E+001
-5.54962220559E+001
-5.54747634628E+001
-5.54792195887E+001
-5.54747818015E+001
-5.54561412952E+001
-5.54574328604E+001
-5.54586334364E+001
-5.54587765185E+001
-5.54676559939E+001
-5.54473265034E+001
-5.54371375306E+001
-5.54324258320E+001
-5.54725279381E+001
-5.54499053342E+001
-5.54760160286E+001
-5.54767110545E+001
-5.54607610540E+001
-5.54490299446E+001
-5.54643286383E+001
-5.54591046269E+001
-5.54456700219E+001
-5.54409622181E+001
-5.54441847086E+001
-5.54447454490E+001
-5.54410563918E+001
-5.54476985995E+001
-5.54474077104E+001
-5.54708440903E+001
-5.54882851279E+001
-5.55095963334E+001
-5.55036960560E+001
-5.55101253814E+001
-5.54999918890E+001
-5.54941900974E+001
-5.54988814578E+001
-5.54988751102E+001
-5.54761600784E+001
-5.54818635564E+001
-5.54262984490E+001
-5.54077051487E+001
-5.54036816500E+001
-5.54067150037E+001
-5.54195656037E+001
-5.54397613698E+001
-5.54419698929E+001
-5.54408396453E+001
-5.54190966068E+001
-5.54127791271E+001
-5.54208650305E+001
-5.54245459703E+001
-5.54187556331E+001
-5.54240085287E+001
-5.54241495734E+001
-5.54331625331E+001
-5.54339376801E+001
-5.54275989513E+001
-5.54271290484E+001
-5.54234559321E+001
-5.54298360891E+001
-5.54164401209E+001
-5.54184126992E+001
-5.54408092906E+001
-5.54435944389E+001
-5.54457174221E+001
-5.54502093295E+001
-5.54554955276E+001
-5.54324872844E+001
-5.54296534921E+001
-5.54262689491E+001
-5.54122240964E+001
-5.54037607872E+001
-5.54134838473E+001
-5.53979700731E+001
-5.53869046890E+001
-5.53837847606E+001
-5.53840099939E+001
-5.53842570959E+001
-5.53667139510E+001
-5.53595169055E+001
-5.53412803842E+001
-5.53443458249E+001
-5.53609304042E+001
-5.53559661421E+001
-5.53396033905E+001
-5.53246429520E+001
-5.52987553880E+001
-5.52784158478E+001
-5.52604606639E+001
-5.52306280908E+001
-5.52380319707E+001
-5.52117519226E+001
-5.52185627051E+001
-5.51907569523E+001
-5.51815841696E+001
-5.51702069581E+001
-5.51789452589E+001
-5.51537487188E+001
-5.51497027616E+001
-5.51446823817E+001
-5.51354283534E+001
-5.51353060391E+001
-5.51085785721E+001
-5.50745644321E+001
-5.50881790812E+001
-5.50966884747E+001
-5.50895879220E+001
-5.50783495014E+001
-5.50661028299E+001
-5.50423627446E+001
-5.50529383985E+001
-5.50321157614E+001
-5.50208022445E+001
-5.50000985887E+001
-5.49807455316E+001
-5.49358135536E+001
-5.49141146746E+001
-5.49090419998E+001
-5.48901815310E+001
-5.48822692618E+001
-5.48669621237E+001
-5.48494266839E+001
-5.48252574721E+001
-5.48067826474E+001
-5.48195015020E+001
-5.48047907971E+001
-5.47735137068E+001
-5.47442384102E+001
-5.47527100885E+001
-5.47171454611E+001
-5.46887811649E+001
-5.46911583594E+001
-5.46827202177E+001
-5.46607972990E+001
-5.46368008639E+001
-5.46089382286E+001
-5.45995123475E+001
-5.45684795673E+001
-5.45390029864E+001
-5.45201169926E+001
-5.45140747619E+001
-5.45219079082E+001
-5.45186139485E+001
-5.44981075295E+001
-5.44829345232E+001
-5.44718188248E+001
-5.44346564176E+001
-5.44558818559E+001
-5.44245402665E+001
-5.44067486768E+001
-5.43700599961E+001
-5.43666522767E+001
-5.43512733113E+001
-5.43347971638E+001
-5.43104298274E+001
-5.42906173414E+001
-5.42935993656E+001
-5.42906154975E+001
-5.42838393311E+001
-5.42706401188E+001
-5.42499561359E+001
-5.42504451931E+001
-5.42489235900E+001
-5.42581893175E+001
-5.42025175672E+001
-5.41987480851E+001
-5.41892897109E+001
-5.41736271606E+001
-5.41781991749E+001
-5.41776644427E+001
-5.41611045495E+001
-5.41664609274E+001
-5.41672636573E+001
-5.41493338649E+001
-5.41168194572E+001
-5.41021840918E+001
-5.41026683086E+001
-5.40848376190E+001
-5.40636046124E+001
-5.40256419496E+001
-5.40079272825E+001
-5.39834729116E+001
-5.39714924823E+001
-5.39523655051E+001
-5.39611879145E+001
-5.39530923412E+001
-5.39592973718E+001
-5.39407938398E+001
-5.39194046532E+001
-5.39179180018E+001
-5.39162721762E+001
-5.38979132842E+001
-5.38934811741E+001
-5.38829308274E+001
-5.38656725151E+001
-5.38547263760E+001
-5.38496031712E+001
-5.38196327969E+001
-5.38185362782E+001
-5.38146986247E+001
-5.37936629608E+001
-5.37977932801E+001
-5.37846505105E+001
-5.37877340303E+001
-5.37697499143E+001
-5.37465533827E+001
-5.37421108996E+001
-5.37352887039E+001
-5.37295156253E+001
-5.37139928043E+001
-5.37034972615E+001
-5.36896591256E+001
-5.36811518127E+001
-5.36580537091E+001
-5.36496753348E+001
-5.36407488502E+001
-5.36216151344E+001
-5.35980640624E+001
-5.35974012482E+001
-5.35860964578E+001
-5.35780815241E+001
-5.35902774979E+001
-5.35874015897E+001
-5.35626080849E+001
-5.35648153507E+001
-5.35505625898E+001
-5.35222646894E+001
-5.35042921870E+001
-5.34750936625E+001
-5.34757120826E+001
-5.34709502427E+001
-5.34781790902E+001
-5.34645596222E+001
-5.34471417778E+001
-5.34376170805E+001
-5.34417191336E+001
-5.34556166903E+001
-5.34565542861E+001
-5.34646357289E+001
-5.34611610753E+001
-5.34731003310E+001
-5.34722443702E+001
-5.34788209772E+001
-5.34891278486E+001
-5.34828629008E+001
-5.34712898089E+001
-5.34625191721E+001
-5.34428413833E+001
-5.34433198654E+001
-5.34317486300E+001
-5.34300879523E+001
-5.34276212080E+001
-5.34271833763E+001
-5.34327489719E+001
-5.34436845349E+001
-5.34337958290E+001
-5.33958758169E+001
-5.33961791254E+001
-5.33899598028E+001
-5.33777093799E+001
-5.33764622022E+001
-5.33514165054E+001
-5.33571476594E+001
-5.33601592046E+001
-5.33614047071E+001
-5.33742286560E+001
-5.33770262924E+001
-5.33865646522E+001
-5.33818972642E+001
-5.33896701185E+001
-5.33917700747E+001
-5.33859122191E+001
-5.33851463761E+001
-5.33987550710E+001
-5.34212176855E+001
-5.34082014600E+001
-5.34122518362E+001
-5.34316011621E+001
-5.34316506240E+001
-5.34237819811E+001
-5.34279000838E+001
-5.34293099430E+001
-5.34230571421E+001
-5.34155718933E+001
-5.34166528421E+001
-5.34218754116E+001
-5.34396175711E+001
-5.34224518802E+001
-5.34293592023E+001
-5.34221887664E+001
-5.34305151528E+001
-5.34411370511E+001
-5.34242465005E+001
-5.34233293881E+001
-5.34531989467E+001
-5.34697197871E+001
-5.34680866173E+001
-5.34672220459E+001
-5.34588713066E+001
-5.34559459771E+001
-5.34604681103E+001
-5.34663834104E+001
-5.34628600424E+001
-5.34808578126E+001
-5.34869031238E+001
-5.35029409642E+001
-5.35079754734E+001
-5.35058909609E+001
-5.35125958223E+001
-5.35240452158E+001
-5.35392873191E+001
-5.35506226216E+001
-5.35459035186E+001
-5.35559015935E+001
-5.35397112319E+001
-5.35428890090E+001
-5.35456756798E+001
-5.35554475125E+001
-5.35639127724E+001
-5.35711142869E+001
-5.35768435345E+001
-5.35686651253E+001
-5.35589225158E+001
-5.35528966415E+001
-5.35568251746E+001
-5.35739945957E+001
-5.35747588189E+001
-5.35758685745E+001
-5.35813803093E+001
-5.35938876512E+001
-5.36191649135E+001
-5.36088358099E+001
-5.36175446541E+001
-5.36236452525E+001
-5.36489786800E+001
-5.36521276817E+001
-5.36673068855E+001
-5.36844826124E+001
-5.36910082856E+001
-5.37062196624E+001
-5.36903770148E+001
-5.37074364547E+001
-5.37263967508E+001
-5.37244741849E+001
-5.37229098896E+001
-5.37345537815E+001
-5.37293713994E+001
-5.37131030964E+001
-5.37215181535E+001
-5.37384306347E+001
-5.37586200083E+001
-5.37640865476E+001
-5.37578218287E+001
-5.37626745880E+001
-5.37458723358E+001
-5.37588851025E+001
-5.37750200044E+001
-5.37616368628E+001
-5.37685298033E+001
-5.37622913592E+001
-5.37529151289E+001
-5.37483782645E+001
-5.37311663021E+001
-5.37598170452E+001
-5.37601659134E+001
-5.37548826869E+001
-5.37558847850E+001
-5.37646935790E+001
-5.37882990231E+001
-5.37832423203E+001
-5.37724624294E+001
-5.37874425425E+001
-5.37836590941E+001
-5.37936833717E+001
-5.37978856897E+001
-5.38061113449E+001
-5.38226401427E+001
-5.38227489442E+001
-5.38257986750E+001
-5.38363322096E+001
-5.38418508194E+001
-5.38398103046E+001
-5.38277738565E+001
-5.38306751906E+001
-5.38327223468E+001
-5.38184759293E+001
-5.38261015831E+001
-5.38107735943E+001
-5.38109276374E+001
-5.37894676813E+001
-5.37879000579E+001
-5.37907191682E+001
-5.37855038920E+001
-5.37843014266E+001
-5.37571943798E+001
-5.37606371149E+001
-5.37651085126E+001
-5.37819691747E+001
-5.37813748609E+001
-5.37884866670E+001
-5.37907285211E+001
-5.37930467037E+001
-5.37968796336E+001
-5.37947534635E+001
-5.37836321529E+001
-5.37892572096E+001
-5.37974431188E+001
-5.38105990074E+001
-5.38336615144E+001
-5.38337597413E+001
-5.38425523252E+001
-5.38408884855E+001
-5.38677636369E+001
-5.38622401553E+001
-5.38916749883E+001
-5.39209961169E+001
-5.39152011614E+001
-5.39527398156E+001
-5.39869883645E+001
-5.40304879683E+001
-5.40752071167E+001
-5.40887320529E+001
-5.41730534157E+001
-5.42109118075E+001
-5.42258644851E+001
-5.42392336339E+001
-5.42640210553E+001
-5.42684276989E+001
-5.42752197673E+001
-5.43318604083E+001
-5.43974920456E+001
-5.44256278206E+001
-5.44716579685E+001
-5.44973351861E+001
-5.45249106901E+001
-5.45489348153E+001
-5.45741845520E+001
-5.46129501714E+001
-5.46533332035E+001
-5.46961307323E+001
-5.47356088766E+001
-5.47775668316E+001
-5.47833295132E+001
-5.47957420294E+001
-5.48198521339E+001
-5.48641423582E+001
-5.48597414856E+001
-5.49055514840E+001
-5.49296921094E+001
-5.49630023933E+001
-5.50053579699E+001
-5.50268597589E+001
-5.50323348550E+001
-5.50605593577E+001
-5.50525704409E+001
-5.50998180216E+001
-5.51243292825E+001
-5.51295032770E+001
-5.51349444352E+001
-5.51621963611E+001
-5.51795179607E+001
-5.51710225844E+001
-5.51912649680E+001
-5.52313058389E+001
-5.52413077324E+001
-5.52627519119E+001
-5.52992344303E+001
-5.53133157258E+001
-5.53158964228E+001
-5.53438167806E+001
-5.53764586175E+001
-5.54257898752E+001
-5.54693708224E+001
-5.54803914310E+001
-5.54955741758E+001
-5.55114765007E+001
-5.55397644451E+001
-5.56144807898E+001
-5.56206002797E+001
-5.56437616253E+001
-5.56682724995E+001
-5.56644745567E+001
-5.56883438258E+001
-5.57087405630E+001
-5.57655456101E+001
-5.57752839904E+001
-5.57777718398E+001
-5.58077514846E+001
-5.58271251919E+001
-5.58491511177E+001
-5.58598930276E+001
-5.59034367323E+001
-5.59100185462E+001
-5.59400407738E+001
-5.59529749234E+001
-5.59852609626E+001
-5.60091921804E+001
-5.60362838484E+001
-5.60624781193E+001
-5.61290445410E+001
-5.61496393402E+001
-5.61564971799E+001
-5.61845367718E+001
-5.62185843601E+001
-5.62481763210E+001
-5.62916803171E+001
-5.63196582155E+001
-5.63459581139E+001
-5.63899353740E+001
-5.64303898612E+001
-5.64631350296E+001
-5.64903491936E+001
-5.65461429883E+001
-5.65969773888E+001
-5.65866656575E+001
-5.66265603837E+001
-5.66674773056E+001
-5.67142178279E+001
-5.67255216268E+001
-5.67438852768E+001
-5.67666945264E+001
-5.68074757199E+001
-5.68224753542E+001
-5.68327908780E+001
-5.68556091286E+001
-5.69134279623E+001
-5.69182036147E+001
-5.69382060701E+001
-5.69602292138E+001
-5.69935676622E+001
-5.70030709693E+001
-5.70261607705E+001
-5.70771470120E+001
-5.71570505390E+001
-5.71927624480E+001
-5.72055067623E+001
-5.72283584864E+001
-5.72385924936E+001
-5.72752643502E+001
-5.73274547762E+001
-5.73456865148E+001
-5.73596117798E+001
-5.73906365496E+001
-5.74206275070E+001
-5.74250887103E+001
-5.74590497465E+001
-5.74785777633E+001
-5.75121621437E+001
-5.75220173143E+001
-5.75466610785E+001
-5.75469794859E+001
-5.75722966905E+001
-5.75890730618E+001
-5.76198827385E+001
-5.76381078632E+001
-5.76772161507E+001
-5.77003010989E+001
-5.77151210156E+001
-5.77566235119E+001
-5.77575480915E+001
-5.77843069601E+001
-5.78102329395E+001
-5.78621032711E+001
-5.78815074717E+001
-5.79251314264E+001
-5.79346903562E+001
-5.79215157472E+001
-5.79729275203E+001
-5.79627589573E+001
-5.79573255096E+001
-5.79611443543E+001
-5.79507518821E+001
-5.79597156222E+001
-5.78961483247E+001
-5.78672305104E+001
-5.78842331607E+001
-5.78906864724E+001
-5.78942215888E+001
-5.79194427653E+001
-5.79486209605E+001
-5.79021290735E+001
-5.78491572355E+001
-5.78417660517E+001
-5.78130280120E+001
-5.78016226102E+001
-5.78297465837E+001
-5.78342287543E+001
-5.78404927915E+001
-5.78231203139E+001
-5.78056472215E+001
-5.77981566578E+001
-5.77786179666E+001
-5.77940548347E+001
-5.77920769094E+001
-5.78067578048E+001
-5.78117631934E+001
-5.77584844650E+001
-5.77740011276E+001
-5.77664595744E+001
-5.77802534322E+001
-5.77652335333E+001
-5.77640602053E+001
-5.77648745453E+001
-5.77870957454E+001
-5.77804593342E+001
-5.77851486747E+001
-5.77630676683E+001
-5.77410573926E+001
-5.77567874888E+001
-5.77975080246E+001
-5.78159838262E+001
-5.77885465776E+001
-5.78246595423E+001
-5.78256892874E+001
-5.78187023159E+001
-5.78720442279E+001
-5.78851952807E+001
-5.78967390174E+001
-5.79055689902E+001
-5.79048341881E+001
-5.78948554275E+001
-5.78807711462E+001
-5.78610745597E+001
-5.78363073470E+001
-5.78367187595E+001
-5.78200840650E+001
-5.78202927898E+001
-5.78127374412E+001
-5.77703827242E+001
-5.77702751906E+001
-5.77596959008E+001
-5.77476108911E+001
-5.77736865264E+001
-5.77827333684E+001
-5.77825621935E+001
-5.77364752437E+001
-5.77209336265E+001
-5.77210209960E+001
-5.77110702794E+001
-5.77070637701E+001
-5.76969465741E+001
-5.77045785895E+001
-5.76977485777E+001
-5.77205585662E+001
-5.77100306879E+001
-5.77025486374E+001
-5.77067934125E+001
-5.77130854599E+001
-5.77125930160E+001
-5.77215344892E+001
-5.76774396220E+001
-5.76791399151E+001
-5.76792403645E+001
-5.76838919880E+001
-5.76497912520E+001
-5.76383982770E+001
-5.76987559870E+001
-5.76822994401E+001
-5.76867308305E+001
-5.76688861960E+001
-5.76711558363E+001
-5.76963135224E+001
-5.76962638176E+001
-5.76570899195E+001
-5.76689495912E+001
-5.76661978244E+001
-5.76694046429E+001
-5.76532199043E+001
-5.76104214420E+001
-5.76181345205E+001
-5.76271860637E+001
-5.76536375298E+001
-5.76746280686E+001
-5.76779144175E+001
-5.76834358292E+001
-5.76769079071E+001
-5.76574224518E+001
-5.76780361168E+001
-5.76799179309E+001
-5.76948437518E+001
-5.76666246907E+001
-5.76848444839E+001
-5.76870973359E+001
-5.76596338011E+001
-5.76026253363E+001
-5.75942916733E+001
-5.76139823998E+001
-5.76549405726E+001
-5.76519484315E+001
-5.76852771765E+001
-5.76687036525E+001
-5.76987457803E+001
-5.77080881315E+001
-5.76938135986E+001
-5.77046344285E+001
-5.77360165197E+001
-5.77486403078E+001
-5.77767045295E+001
-5.77828383934E+001
-5.77792878436E+001
-5.77828912485E+001
-5.77887437738E+001
-5.77951284767E+001
-5.78195356355E+001
-5.78286564459E+001
-5.78327314805E+001
-5.78475787956E+001
-5.78373487075E+001
-5.78400623188E+001
-5.78227578018E+001
-5.78169229517E+001
-5.78294745103E+001
-5.78356321332E+001
-5.78088497700E+001
-5.77917742806E+001
-5.77882731289E+001
-5.77734608671E+001
-5.77830928837E+001
-5.77606132761E+001
-5.77542213989E+001
-5.77618437026E+001
-5.77415830228E+001
-5.77258518792E+001
-5.77301211504E+001
-5.77160587774E+001
-5.77225621799E+001
-5.77049024708E+001
-5.77109750502E+001
-5.77425155399E+001
-5.77474423603E+001
-5.77535893617E+001
-5.77670568104E+001
-5.77876680992E+001
-5.78707856562E+001
-5.79151386915E+001
-5.79327556273E+001
-5.79144193596E+001
-5.79189585607E+001
-5.79121140581E+001
-5.79228606298E+001
-5.79282393977E+001
-5.79226751104E+001
-5.79485386652E+001
-5.79233240184E+001
-5.79372248559E+001
-5.79386126759E+001
-5.79360712176E+001
-5.79473043633E+001
-5.79444396725E+001
-5.79508423023E+001
-5.80203398994E+001
-5.80506640324E+001
-5.81451012527E+001
-5.82332796214E+001
-5.82742530422E+001
-5.83662893591E+001
-5.84086785117E+001
-5.85059785809E+001
-5.85660388760E+001
-5.86304036393E+001
-5.86536789745E+001
-5.87124994873E+001
-5.87959418887E+001
-5.88230384711E+001
-5.88961160752E+001
-5.89636454618E+001
-5.89414330506E+001
-5.90464705007E+001
-5.90856010082E+001
-5.91455113195E+001
-5.91816916780E+001
-5.92384541485E+001
-5.93072260790E+001
-5.93630498436E+001
-5.94426411377E+001
-5.95137846058E+001
-5.96238496837E+001
-5.97027247763E+001
-5.97416817407E+001
-5.97908585974E+001
-5.98951424496E+001
-5.99230831762E+001
-5.99842552441E+001
-5.99940048527E+001
-6.00287045263E+001
-6.00940176915E+001
-6.01710558219E+001
-6.02667356713E+001
-6.04056592163E+001
-6.04327902245E+001
-6.04863326712E+001
-6.05358971309E+001
-6.06308183782E+001
-6.07101946718E+001
-6.07694966944E+001
-6.08437911218E+001
-6.09086534746E+001
-6.09527649159E+001
-6.10865147214E+001
-6.11523646793E+001
-6.12295456244E+001
-6.13083706160E+001
-6.13615522965E+001
-6.14115724102E+001
-6.14161938444E+001
-6.14614081559E+001
-6.15247151853E+001
-6.15064795195E+001
-6.15720831255E+001
-6.17593243787E+001
-6.18149041022E+001
-6.19850675894E+001
-6.20406552528E+001
-6.20776302649E+001
-6.22397114794E+001
-6.22822064758E+001
-6.23417223657E+001
-6.23377758167E+001
-6.23963391447E+001
-6.25061609759E+001
-6.26093543604E+001
-6.26247693013E+001
-6.26764803204E+001
-6.27627946831E+001
-6.28344712946E+001
-6.29216367689E+001
-6.29947458154E+001
-6.30245753901E+001
-6.30381450383E+001
-6.31297061988E+001
-6.32196861007E+001
-6.33925613105E+001
-6.35257492114E+001
-6.35703754158E+001
-6.36215623105E+001
-6.36987391199E+001
-6.37868262873E+001
-6.38406905713E+001
-6.38571927178E+001
-6.38957331086E+001
-6.38900577416E+001
-6.39728982255E+001
-6.40110703831E+001
-6.41059071423E+001
-6.42096712154E+001
-6.42529679559E+001
-6.43579899537E+001
-6.43946930598E+001
-6.44373711290E+001
-6.44622814753E+001
-6.46066185807E+001
-6.46752094515E+001
-6.47568923836E+001
-6.47959742375E+001
-6.48189315476E+001
-6.48528109752E+001
-6.49240495623E+001
-6.49364063876E+001
-6.50065355411E+001
-6.50530031142E+001
-6.51318930395E+001
-6.52417108398E+001
-6.52556544251E+001
-6.53199722290E+001
-6.53746669425E+001
-6.54789986091E+001
-6.55348366360E+001
-6.55983316052E+001
-6.56563883349E+001
-6.58575655224E+001
-6.59693560470E+001
-6.60281313683E+001
-6.61474166278E+001
-6.62338072072E+001
-6.63222036687E+001
-6.64054942208E+001
-6.65257020182E+001
-6.65645351057E+001
-6.66175473481E+001
-6.66425630230E+001
-6.66932757317E+001
-6.67158629988E+001
-6.67901416631E+001
-6.68540812221E+001
-6.68057573760E+001
-6.68275857107E+001
-6.68665175964E+001
-6.69532739417E+001
-6.70336928401E+001
-6.70983493739E+001
-6.71717075462E+001
-6.72575129306E+001
-6.73044727210E+001
-6.73123043897E+001
-6.73626869412E+001
-6.74936057527E+001
-6.75213715934E+001
-6.75643868106E+001
-6.76252658476E+001
-6.77056289467E+001
-6.77470548411E+001
-6.78221586517E+001
-6.78946797460E+001
-6.78525030272E+001
-6.78504437773E+001
-6.79268962389E+001
-6.79466465607E+001
-6.79833980780E+001
-6.79573153211E+001
-6.80291197627E+001
-6.79915338645E+001
-6.80843863912E+001
-6.80802548031E+001
-6.81381417196E+001
-6.81980890912E+001
-6.81809049231E+001
-6.81539102460E+001
-6.81916918395E+001
-6.81584404775E+001
-6.82250151331E+001
-6.82144069117E+001
-6.82718687122E+001
-6.83145961095E+001
-6.83063112237E+001
-6.82829011389E+001
-6.82624290664E+001
-6.82722496756E+001
-6.82792003867E+001
-6.82553679012E+001
-6.82637543396E+001
-6.82979677260E+001
-6.82651541554E+001
-6.83401345497E+001
-6.83216001623E+001
-6.84623127145E+001
-6.84986363435E+001
-6.84976963575E+001
-6.85707443992E+001
-6.86002623660E+001
-6.84953242126E+001
-6.85707570775E+001
-6.85649385018E+001
-6.85428958955E+001
-6.84742796717E+001
-6.86651396487E+001
-6.86407170669E+001
-6.85961104973E+001
-6.86468731862E+001
-6.86551726372E+001
-6.85930640810E+001
-6.86127056415E+001
-6.86041796397E+001
-6.86110468871E+001
-6.86460276220E+001
-6.86240205839E+001
-6.86608425789E+001
-6.86837031127E+001
-6.87250203859E+001
-6.87372287108E+001
-6.87762801063E+001
-6.85842362152E+001
-6.85889118520E+001
-6.84514510751E+001
-6.84645908255E+001
-6.84581520884E+001
-6.83907496159E+001
-6.83739123797E+001
-6.83786727683E+001
-6.84703631519E+001
-6.84944940379E+001
-6.84986061008E+001
-6.84267781931E+001
-6.84346250266E+001
-6.84192823147E+001
-6.83572485598E+001
-6.83248578121E+001
-6.83278722623E+001
-6.83875264516E+001
-6.84073935694E+001
-6.84593006408E+001
-6.84216323270E+001
-6.83480725901E+001
-6.82197721764E+001
-6.81360598552E+001
-6.80996532696E+001
-6.80734681783E+001
-6.80718184587E+001
-6.80109214692E+001
-6.80382013879E+001
-6.80426647434E+001
-6.80543196997E+001
-6.80567720661E+001
-6.79980126061E+001
-6.80481605447E+001
-6.80960225203E+001
-6.80874509199E+001
-6.81077644803E+001
-6.80642798460E+001
-6.81024348230E+001
-6.80954889022E+001
-6.81005201662E+001
-6.81402388190E+001
-6.81183468135E+001
-6.81453536779E+001
-6.81595311291E+001
-6.82416175385E+001
-6.82646834785E+001
-6.82492240090E+001
-6.82733429244E+001
-6.82782787706E+001
-6.83590909602E+001
-6.83372137890E+001
-6.83819867292E+001
-6.84083413684E+001
-6.83829507685E+001
-6.83963951715E+001
-6.83824682885E+001
-6.83431460808E+001
-6.83322300978E+001
-6.84153208546E+001
-6.82954951013E+001
-6.82985216174E+001
-6.82967489179E+001
-6.82149354437E+001
-6.82208813079E+001
-6.81962584543E+001
-6.81596011094E+001
-6.81162528538E+001
-6.81840748691E+001
-6.82025309603E+001
-6.82044784721E+001
-6.82406774255E+001
-6.82283247859E+001
-6.82992832947E+001
-6.83003697221E+001
-6.84313543466E+001
-6.84786010652E+001
-6.85139488153E+001
-6.85267473870E+001
-6.85521473735E+001
-6.85632578378E+001
-6.85381714602E+001
-6.85493693004E+001
-6.86780371568E+001
-6.87607944596E+001
-6.87523644260E+001
-6.87627257288E+001
-6.88008254144E+001
-6.88091915358E+001
-6.88097634041E+001
-6.87933338084E+001
-6.88311229561E+001
-6.87397610612E+001
-6.87378369185E+001
-6.87421953323E+001
-6.87432109545E+001
-6.86881140969E+001
-6.86632430032E+001
-6.86391135550E+001
-6.86909488255E+001
-6.86331801721E+001
-6.86463113286E+001
-6.85946347819E+001
-6.85667586404E+001
-6.85022593714E+001
-6.84385882105E+001
-6.84270196657E+001
-6.84476894215E+001
-6.85242314866E+001
-6.85256788521E+001
-6.84637124400E+001
-6.84687194807E+001
-6.84076826492E+001
-6.83704681222E+001
-6.84287859233E+001
-6.84427938913E+001
-6.84817297497E+001
-6.84884227101E+001
-6.84662450127E+001
-6.84552578949E+001
-6.84584490593E+001
-6.84461172961E+001
-6.84091777590E+001
-6.83722561349E+001
-6.83485323239E+001
-6.82309876993E+001
-6.81776560148E+001
-6.81383841215E+001
-6.80387956573E+001
-6.79634387042E+001
-6.79404715945E+001
-6.78617761956E+001
-6.78507777174E+001
-6.78755563297E+001
-6.78704788810E+001
-6.76664457994E+001
-6.76636860225E+001
-6.76553882625E+001
-6.75554766475E+001
-6.74924648800E+001
-6.74230363139E+001
-6.73535544166E+001
-6.73113306586E+001
-6.72827604877E+001
-6.71912669897E+001
-6.72126938102E+001
-6.71773740648E+001
-6.71293743648E+001
-6.70888568449E+001
-6.70694410679E+001
-6.69861364649E+001
-6.70162102309E+001
-6.69793547437E+001
-6.69669973891E+001
-6.69038058045E+001
-6.68914674377E+001
-6.68648586584E+001
-6.68355267095E+001
-6.68378843097E+001
-6.67421011020E+001
-6.67093109383E+001
-6.66159741320E+001
-6.65861120668E+001
-6.65371522993E+001
-6.65218843570E+001
-6.64986092862E+001
-6.65051676212E+001
-6.64376749886E+001
-6.63247068944E+001
-6.62659714160E+001
-6.62199351404E+001
-6.61997005780E+001
-6.62204717111E+001
-6.62136370721E+001
-6.61811743531E+001
-6.62178746310E+001
-6.62264273132E+001
-6.62311788816E+001
-6.62698620567E+001
-6.62811048695E+001
-6.62271614189E+001
-6.62028246506E+001
-6.62075091652E+001
-6.62206091423E+001
-6.61615996422E+001
-6.60320008212E+001
-6.59476261338E+001
-6.58866489891E+001
-6.58546731527E+001
-6.57685211493E+001
-6.57681857320E+001
-6.57441202318E+001
-6.56279169772E+001
-6.56220684918E+001
-6.55554851941E+001
-6.55217496310E+001
-6.54574533121E+001
-6.54082506267E+001
-6.53397710294E+001
-6.53833093308E+001
-6.53440481839E+001
-6.52530510409E+001
-6.53564374208E+001
-6.52384470602E+001
-6.52154469234E+001
-6.51819162262E+001
-6.51134389870E+001
-6.50879025653E+001
-6.50964935997E+001
-6.50569824252E+001
-6.49784346593E+001
-6.49228617452E+001
-6.48679860551E+001
-6.48198311925E+001
-6.48076259479E+001
-6.47596417194E+001
-6.47422942326E+001
-6.47207555204E+001
-6.46671161966E+001
-6.45949875494E+001
-6.45795585430E+001
-6.45876290661E+001
-6.45364490610E+001
-6.45289053872E+001
-6.43961374825E+001
-6.43988733092E+001
-6.42697644752E+001
-6.41971895574E+001
-6.41443346636E+001
-6.40543034420E+001
-6.39447235409E+001
-6.39035872030E+001
-6.38643117393E+001
-6.38000252593E+001
-6.36518750121E+001
-6.35613173826E+001
-6.35586621816E+001
-6.34614061739E+001
-6.34128178784E+001
-6.33863987178E+001
-6.33472411059E+001
-6.32966084904E+001
-6.32308120951E+001
-6.31938417494E+001
-6.31305336999E+001
-6.31118294691E+001
-6.30460677600E+001
-6.30442022392E+001
-6.29663085213E+001
-6.29559792391E+001
-6.28444969915E+001
-6.28643134405E+001
-6.28511404789E+001
-6.28146053012E+001
-6.27976842405E+001
-6.27675006125E+001
-6.27684355086E+001
-6.27941400204E+001
-6.27651509962E+001
-6.26421626113E+001
-6.25830376707E+001
-6.25863033049E+001
-6.25483926959E+001
-6.25462396412E+001
-6.25848569130E+001
-6.25089370914E+001
-6.25154462560E+001
-6.24372374153E+001
-6.23977828808E+001
-6.23615590768E+001
-6.23327050544E+001
-6.23100892501E+001
-6.22895677565E+001
-6.22732784535E+001
-6.22392103100E+001
-6.22533458278E+001
-6.22637016350E+001
-6.22520855942E+001
-6.22733771004E+001
-6.22953572943E+001
-6.24434870138E+001
-6.24820043939E+001
-6.24581454788E+001
-6.24186830375E+001
-6.23945342128E+001
-6.24100568234E+001
-6.23534861056E+001
-6.23332282562E+001
-6.23785333776E+001
-6.23794996460E+001
-6.24012763045E+001
-6.23862960307E+001
-6.24105022369E+001
-6.24331948597E+001
-6.23963641725E+001
-6.24224964387E+001
-6.24778556266E+001
-6.24785453951E+001
-6.25109014124E+001
-6.24821376261E+001
-6.24572515592E+001
-6.24742133350E+001
-6.24723672440E+001
-6.24626314055E+001
-6.24646782762E+001
-6.24373807730E+001
-6.24626311581E+001
-6.24835381645E+001
-6.24810528395E+001
-6.24440017005E+001
-6.24656355067E+001
-6.24370368312E+001
-6.24621181757E+001
-6.24550104778E+001
-6.25010714768E+001
-6.24904355656E+001
-6.25107098796E+001
-6.24786151896E+001
-6.24775998551E+001
-6.24631517190E+001
-6.24884775345E+001
-6.24604047189E+001
-6.24716159958E+001
-6.24321055594E+001
-6.24329374972E+001
-6.24257719017E+001
-6.23983347133E+001
-6.23936558237E+001
-6.23321703504E+001
-6.23117246994E+001
-6.22102504298E+001
-6.22324788589E+001
-6.22282927458E+001
-6.22018952765E+001
-6.22105267217E+001
-6.21796239761E+001
-6.22112384710E+001
-6.22127770074E+001
-6.22519200785E+001
-6.22140549024E+001
-6.22438632540E+001
-6.22393736130E+001
-6.22602196329E+001
-6.22247802209E+001
-6.22093438290E+001
-6.22548918479E+001
-6.22522637554E+001
-6.22239973117E+001
-6.22243391827E+001
-6.22396656961E+001
-6.21684891619E+001
-6.21518647095E+001
-6.21285650047E+001
-6.19983557627E+001
-6.20421518126E+001
-6.20376659121E+001
-6.20703748832E+001
-6.21044988246E+001
-6.20622403424E+001
-6.20934354464E+001
-6.21009241299E+001
-6.20697636677E+001
-6.20610487941E+001
-6.20267842276E+001
-6.20154230545E+001
-6.20493174425E+001
-6.20416924475E+001
-6.20192071294E+001
-6.20320845057E+001
-6.20461274864E+001
-6.20298237474E+001
-6.19635880369E+001
-6.19312526271E+001
-6.19009031184E+001
-6.18820886552E+001
-6.19071526783E+001
-6.18517491376E+001
-6.18570488536E+001
-6.18487343353E+001
-6.18431933464E+001
-6.18483260340E+001
-6.18965979321E+001
-6.18759732778E+001
-6.19265885106E+001
-6.19542340676E+001
-6.19354679288E+001
-6.19305988733E+001
-6.19002096624E+001
-6.18775984719E+001
-6.18894858115E+001
-6.19132255253E+001
-6.19286271194E+001
-6.19295934193E+001
-6.19181656711E+001
-6.19280988302E+001
-6.19400455508E+001
-6.19094213218E+001
-6.19261067415E+001
-6.18787977984E+001
-6.19016825316E+001
-6.19081047422E+001
-6.19351935880E+001
-6.19462507795E+001
-6.19323445680E+001
-6.19032197180E+001
-6.18814755581E+001
-6.18983180197E+001
-6.18871361775E+001
-6.18204186653E+001
-6.17932871049E+001
-6.18207918073E+001
-6.18254266027E+001
-6.17840450267E+001
-6.18142029300E+001
-6.18050184178E+001
-6.17244999746E+001
-6.16922701450E+001
-6.16600747340E+001
-6.16835367619E+001
-6.16648372959E+001
-6.16491135835E+001
-6.16507752928E+001
-6.16376662624E+001
-6.16217345678E+001
-6.16229984852E+001
-6.16273455417E+001
-6.16387877755E+001
-6.16341280146E+001
-6.16314165244E+001
-6.16030019638E+001
-6.15990040292E+001
-6.14109897636E+001
-6.14061401994E+001
-6.14054807955E+001
-6.14163021094E+001
-6.14459532865E+001
-6.14133580501E+001
-6.14399767910E+001
-6.14360720587E+001
-6.13900778927E+001
-6.14034525961E+001
-6.13899427179E+001
-6.14109871303E+001
-6.13916420459E+001
-6.13881572868E+001
-6.13910339252E+001
-6.14242535833E+001
-6.13191929694E+001
-6.13047530312E+001
-6.12688263507E+001
-6.12814602531E+001
-6.12627367778E+001
-6.13001215453E+001
-6.13053747548E+001
-6.13347889279E+001
-6.12961369650E+001
-6.13287190247E+001
-6.13316933649E+001
-6.12816979234E+001
-6.12922376972E+001
-6.12680941046E+001
-6.12539517160E+001
-6.12629020322E+001
-6.12563469861E+001
-6.12763950740E+001
-6.12632889131E+001
-6.12457699905E+001
-6.12804568680E+001
-6.12866784622E+001
-6.12797130543E+001
-6.12712281681E+001
-6.12753504420E+001
-6.12889124177E+001
-6.12475894131E+001
-6.12494525622E+001
-6.12517620763E+001
-6.12442497265E+001
-6.12453973149E+001
-6.12293678332E+001
-6.12400366755E+001
-6.12013108425E+001
-6.12009218483E+001
-6.11878643908E+001
-6.12070225892E+001
-6.12361682376E+001
-6.12004871997E+001
-6.11853832551E+001
-6.11508137751E+001
-6.11729425318E+001
-6.11180534344E+001
-6.11345623185E+001
-6.11189518355E+001
-6.10833868569E+001
-6.10630097433E+001
-6.10471741806E+001
-6.10401635590E+001
-6.10020617208E+001
-6.09868723160E+001
-6.09755530555E+001
-6.09618826544E+001
-6.09754785928E+001
-6.09638853749E+001
-6.09595216925E+001
-6.09521532561E+001
-6.09503853768E+001
-6.09117077136E+001
-6.08885971362E+001
-6.08711609467E+001
-6.08570841862E+001
-6.08610323783E+001
-6.08684037035E+001
-6.08704707061E+001
-6.08560846521E+001
-6.08444269464E+001
-6.08479114130E+001
-6.08599558151E+001
-6.08101716364E+001
-6.08344088697E+001
-6.08796301492E+001
-6.08656176557E+001
-6.08735084276E+001
-6.08850020352E+001
-6.09080986185E+001
-6.08835312356E+001
-6.08943733315E+001
-6.09104065018E+001
-6.08945418209E+001
-6.08919943746E+001
-6.08847891378E+001
-6.08902935599E+001
-6.08620711919E+001
-6.09219146951E+001
-6.08950369756E+001
-6.08919217016E+001
-6.08515980147E+001
-6.08070084918E+001
-6.08119401422E+001
-6.08138808033E+001
-6.08147931198E+001
-6.08259839919E+001
-6.08157611210E+001
-6.07923563802E+001
-6.07785706428E+001
-6.07948059431E+001
-6.08129978811E+001
-6.08143701304E+001
-6.07802818212E+001
-6.07802272170E+001
-6.07580439822E+001
-6.07606577009E+001
-6.07513990885E+001
-6.07223661429E+001
-6.07270203159E+001
-6.06869782021E+001
-6.06674329908E+001
-6.06320098387E+001
-6.06218570077E+001
-6.06404631753E+001
-6.06214352808E+001
-6.06312229106E+001
-6.06292742289E+001
-6.06263896175E+001
-6.06107764252E+001
-6.06008787436E+001
-6.05658732198E+001
-6.05739494782E+001
-6.05930879421E+001
-6.05939972122E+001
-6.05657567876E+001
-6.05395787629E+001
-6.05446869128E+001
-6.05668708542E+001
-6.05659040351E+001
-6.05613373207E+001
-6.05485329362E+001
-6.05773210990E+001
-6.05526745119E+001
-6.05473648644E+001
-6.05188097936E+001
-6.05429074489E+001
-6.05363841889E+001
-6.04917005730E+001
-6.05383827525E+001
-6.05353807150E+001
-6.05562563123E+001
-6.05275788758E+001
-6.04827631170E+001
-6.05001757774E+001
-6.05053688056E+001
-6.05031512738E+001
-6.04840647971E+001
-6.04644164067E+001
-6.04741809560E+001
-6.04843072509E+001
-6.04910833002E+001
-6.04437708007E+001
-6.04473806746E+001
-6.03867712589E+001
-6.03908448074E+001
-6.03790152437E+001
-6.03765737251E+001
-6.03453466226E+001
-6.03641881319E+001
-6.02969960495E+001
-6.02671441919E+001
-6.02533622454E+001
-6.02681611115E+001
-6.02308038422E+001
-6.01967079570E+001
-6.01986335272E+001
-6.01804120389E+001
-6.02108137331E+001
-6.02019798099E+001
-6.01807576385E+001
-6.01821530903E+001
-6.01978737336E+001
-6.01931138068E+001
-6.01676516933E+001
-6.01075158826E+001
-6.00874430395E+001
-6.00987365754E+001
-6.01265855919E+001
-6.01331776341E+001
-6.01549821213E+001
-6.01831656819E+001
-6.02028703855E+001
-6.01977212817E+001
-6.02038837571E+001
-6.01893048657E+001
-6.01699344477E+001
-6.01663629606E+001
-6.01859958940E+001
-6.01944409259E+001
-6.02004197713E+001
-6.02258858657E+001
-6.02367734782E+001
-6.02225909117E+001
-6.02239565867E+001
-6.02700269302E+001
-6.02523821080E+001
-6.02634657916E+001
-6.02653676655E+001
-6.02627496382E+001
-6.02559053470E+001
-6.02479367235E+001
-6.02465391292E+001
-6.02365400728E+001
-6.02350784306E+001
-6.02326093274E+001
-6.02425448560E+001
-6.02600982720E+001
-6.02407370681E+001
-6.02529901873E+001
-6.02707508794E+001
-6.02774519641E+001
-6.02906153699E+001
-6.02663192983E+001
-6.03130798453E+001
-6.02840114434E+001
-6.02727541070E+001
-6.02919808124E+001
-6.02417549825E+001
-6.02819303876E+001
-6.02792237376E+001
-6.02843128323E+001
-6.02789029122E+001
-6.02706617365E+001
-6.03028431604E+001
-6.02786376340E+001
-6.02258253210E+001
-6.02754205585E+001
-6.02695044674E+001
-6.02417904497E+001
-6.02365049395E+001
-6.02502268552E+001
-6.02685319529E+001
-6.02492454929E+001
-6.02800484475E+001
-6.02736596815E+001
-6.02569732420E+001
-6.02409109333E+001
-6.02403046859E+001
-6.01967321294E+001
-6.02089719096E+001
-6.02306905153E+001
-6.02140513775E+001
-6.02120397427E+001
-6.02392308145E+001
-6.02843855397E+001
-6.02882063484E+001
-6.02840222309E+001
-6.02714068778E+001
-6.02611618563E+001
-6.02931992048E+001
-6.02698429947E+001
-6.02661075596E+001
-6.02760219013E+001
-6.02472168339E+001
-6.02527481191E+001
-6.02599649377E+001
-6.02415306678E+001
-6.02227576221E+001
-6.02303729227E+001
-6.01851816582E+001
-6.01701915832E+001
-6.01855327203E+001
-6.02302607547E+001
-6.02333207220E+001
-6.02282146264E+001
-6.02869355572E+001
-6.02856014079E+001
-6.03226412438E+001
-6.03046250942E+001
-6.03261375205E+001
-6.03178981159E+001
-6.03051377994E+001
-6.02997374115E+001
-6.02643921763E+001
-6.02758890265E+001
-6.02925563861E+001
-6.03233006262E+001
-6.02982275267E+001
-6.02684482175E+001
-6.02888275209E+001
-6.02888075801E+001
-6.02910878786E+001
-6.02613690285E+001
-6.02899400158E+001
-6.02785994040E+001
-6.02572812465E+001
-6.02241292022E+001
-6.02285855782E+001
-6.02219180773E+001
-6.01722309102E+001
-6.01420484976E+001
-6.01362658926E+001
-6.01764339314E+001
-6.01840385883E+001
-6.01541627584E+001
-6.01450113482E+001
-6.01266758677E+001
-6.01102170238E+001
-6.01255441603E+001
-6.01278469541E+001
-6.01104371174E+001
-6.01119296467E+001
-6.01226554283E+001
-6.01117132544E+001
-6.01195395666E+001
-6.01146292933E+001
-6.01290536267E+001
-6.01619986327E+001
-6.01700454910E+001
-6.01607415777E+001
-6.01632200150E+001
-6.01585186439E+001
-6.01405339188E+001
-6.01488206348E+001
-6.01609005633E+001
-6.01851292163E+001
-6.02093774584E+001
-6.01774590379E+001
-6.01753859436E+001
-6.01761989808E+001
-6.01797579381E+001
-6.01608791153E+001
-6.01513317167E+001
-6.01451410502E+001
-6.01596267956E+001
-6.01304275034E+001
-6.01183148599E+001
-6.01024146412E+001
-6.00852443543E+001
-6.00552198966E+001
-6.00690136708E+001
-6.00683999987E+001
-6.00529526694E+001
-6.00479935896E+001
-6.00875690717E+001
-6.01045045525E+001
-6.01390140447E+001
-6.01375045278E+001
-6.01171436682E+001
-6.01019308012E+001
-6.00923449300E+001
-6.00485767833E+001
-6.00207220617E+001
-6.00496866669E+001
-6.00801839890E+001
-6.00297989140E+001
-6.00820029585E+001
-6.01518150501E+001
-6.01711364187E+001
-6.01936555947E+001
-6.02313514935E+001
-6.02748513163E+001
-6.03198554020E+001
-6.03708286130E+001
-6.04502448791E+001
-6.04799479480E+001
-6.04996342153E+001
-6.05980434240E+001
-6.06343103748E+001
-6.06639556293E+001
-6.06915575881E+001
-6.07553323234E+001
-6.07605140341E+001
-6.08358936475E+001
-6.08841816617E+001
-6.11168737896E+001
-6.11703069901E+001
-6.12244047047E+001
-6.12487389107E+001
-6.13645201204E+001
-6.14126582890E+001
-6.15087899374E+001
-6.15976738416E+001
-6.16159067491E+001
-6.16606904472E+001
-6.16718725696E+001
-6.16723351359E+001
-6.16754217155E+001
-6.16984733018E+001
-6.17355872753E+001
-6.17490081084E+001
-6.18090566963E+001
-6.18186721718E+001
-6.18731422875E+001
-6.19058664442E+001
-6.20151472933E+001
-6.20513333909E+001
-6.21134519949E+001
-6.21711067553E+001
-6.22395628032E+001
-6.22690747976E+001
-6.23374879081E+001
-6.23593033187E+001
-6.23879089346E+001
-6.24157371545E+001
-6.24510223875E+001
-6.24784809623E+001
-6.24997908829E+001
-6.25515151971E+001
-6.25654135808E+001
-6.25649408868E+001
-6.27256412276E+001
-6.27518386080E+001
-6.27914576566E+001
-6.29060190024E+001
-6.29310398941E+001
-6.29733404147E+001
-6.30452337786E+001
-6.30980771422E+001
-6.31675230335E+001
-6.32885839276E+001
-6.32883857658E+001
-6.33277456550E+001
-6.33363276551E+001
-6.33699518441E+001
-6.33681594259E+001
-6.33599075948E+001
-6.34187341113E+001
-6.34570768771E+001
-6.34757187396E+001
-6.34645714149E+001
-6.35771175371E+001
-6.36466569027E+001
-6.36823999330E+001
-6.38379579442E+001
-6.38788092740E+001
-6.39058631843E+001
-6.39725042606E+001
-6.41016213848E+001
-6.41517963450E+001
-6.41925210174E+001
-6.42788629716E+001
-6.42927512447E+001
-6.43522372835E+001
-6.44148969896E+001
-6.44916140834E+001
-6.45467563507E+001
-6.46834005587E+001
-6.47504878642E+001
-6.48017365255E+001
-6.48708037127E+001
-6.49524696188E+001
-6.50498550488E+001
-6.50416896108E+001
-6.50610404669E+001
-6.50946752779E+001
-6.51864379601E+001
-6.52380573144E+001
-6.52816346838E+001
-6.53537120640E+001
-6.54056080249E+001
-6.54351929528E+001
-6.54773686481E+001
-6.55505241403E+001
-6.55696202603E+001
-6.55884420688E+001
-6.56852667573E+001
-6.57867829239E+001
-6.57879228068E+001
-6.59183758524E+001
-6.59676422514E+001
-6.60001705617E+001
-6.60477386017E+001
-6.60993736981E+001
-6.61866284540E+001
-6.61991601038E+001
-6.62255774966E+001
-6.63082392786E+001
-6.64693663703E+001
-6.65437092220E+001
-6.66097938723E+001
-6.66732212643E+001
-6.67482219502E+001
-6.67954587153E+001
-6.69276921439E+001
-6.69605824580E+001
-6.70440502668E+001
-6.71493378551E+001
-6.71959721624E+001
-6.72853727728E+001
-6.73656055934E+001
-6.73502779234E+001
-6.74106788010E+001
-6.74487860189E+001
-6.74809724475E+001
-6.74740419290E+001
-6.74900041825E+001
-6.75291262932E+001
-6.75899805625E+001
-6.76144302603E+001
-6.76787484079E+001
-6.76978754495E+001
-6.77315754826E+001
-6.77648150167E+001
-6.77746678610E+001
-6.77846808544E+001
-6.78298042309E+001
-6.78034169670E+001
-6.77954189800E+001
-6.78002307585E+001
-6.78824536908E+001
-6.79153507814E+001
-6.79190014583E+001
-6.79594239805E+001
-6.79488172812E+001
-6.78745820157E+001
-6.78884174010E+001
-6.78818864578E+001
-6.78900103247E+001
-6.79029522694E+001
-6.78820833013E+001
-6.79082632260E+001
-6.79225847632E+001
-6.79947857561E+001
-6.79923662443E+001
-6.79658788501E+001
-6.78531362738E+001
-6.79013625727E+001
-6.79252333514E+001
-6.79222620114E+001
-6.78721283745E+001
-6.79015699478E+001
-6.78644887167E+001
-6.78072173630E+001
-6.78578190780E+001
-6.78724276240E+001
-6.78945091807E+001
-6.79506030187E+001
-6.79816668212E+001
-6.80332407313E+001
-6.81052556121E+001
-6.81684832842E+001
-6.81286098647E+001
-6.81094764222E+001
-6.81200524342E+001
-6.80925249383E+001
-6.80127104522E+001
-6.80418867822E+001
-6.80667960808E+001
-6.81309846551E+001
-6.80499749591E+001
-6.80492049847E+001
-6.80460358844E+001
-6.80553682157E+001
-6.80691407876E+001
-6.80546151984E+001
-6.80213068830E+001
-6.80465514589E+001
-6.80496990486E+001
-6.80882914802E+001
-6.80971362349E+001
-6.81314469878E+001
-6.80347012614E+001
-6.79920655766E+001
-6.80284453947E+001
-6.80142398409E+001
-6.80742116165E+001
-6.80639646690E+001
-6.80620316894E+001
-6.81474730989E+001
-6.81043075263E+001
-6.80502069316E+001
-6.81049604817E+001
-6.81111691639E+001
-6.81287221107E+001
-6.81499238042E+001
-6.81835294838E+001
-6.82088979626E+001
-6.81671208260E+001
-6.81376797768E+001
-6.82310859820E+001
-6.82174876382E+001
-6.81484142189E+001
-6.81582771149E+001
-6.81633005536E+001
-6.81625189302E+001
-6.81812835129E+001
-6.82147891941E+001
-6.81496930957E+001
-6.81330141040E+001
-6.81362843804E+001
-6.81466343890E+001
-6.81577548897E+001
-6.82003641603E+001
-6.81578897103E+001
-6.81549751288E+001
-6.80839600204E+001
-6.80984139878E+001
-6.80235059645E+001
-6.80091671671E+001
-6.80362868423E+001
-6.80270370575E+001
-6.80795327767E+001
-6.80958507271E+001
-6.81795801978E+001
-6.82408759106E+001
-6.82419830303E+001
-6.81377076511E+001
-6.81189797980E+001
-6.82285394757E+001
-6.82145266785E+001
-6.81898921328E+001
-6.81796520822E+001
-6.81698999334E+001
-6.81263357242E+001
-6.81359140440E+001
-6.81597851183E+001
-6.81154785708E+001
-6.80784943971E+001
-6.80804343246E+001
-6.80443183199E+001
-6.80178397165E+001
-6.80489283865E+001
-6.80807909472E+001
-6.81287454609E+001
-6.80769708661E+001
-6.81331368424E+001
-6.81301527557E+001
-6.81683978784E+001
-6.80696334622E+001
-6.80035206740E+001
-6.79859787529E+001
-6.80000112213E+001
-6.79521649901E+001
-6.79820079997E+001
-6.79339385620E+001
-6.79885919659E+001
-6.79570626216E+001
-6.79757861282E+001
-6.79668942276E+001
-6.79074678841E+001
-6.78700187020E+001
-6.79101504736E+001
-6.78957360922E+001
-6.79120212397E+001
-6.79371684371E+001
-6.79442975237E+001
-6.79991025527E+001
-6.80701788650E+001
-6.80426831733E+001
-6.81046865825E+001
-6.80916024286E+001
-6.81295432131E+001
-6.81721949880E+001
-6.81581497258E+001
-6.81764961554E+001
-6.82617271240E+001
-6.82908002622E+001
-6.83123744541E+001
-6.83113561544E+001
-6.83279904603E+001
-6.82909144304E+001
-6.82360462575E+001
-6.82518210887E+001
-6.81989497563E+001
-6.81609849798E+001
-6.82316828221E+001
-6.83176566077E+001
-6.83237456129E+001
-6.82244543475E+001
-6.82757698335E+001
-6.83890047502E+001
-6.83924706241E+001
-6.83932022232E+001
-6.83797219644E+001
-6.83808040455E+001
-6.83963181004E+001
-6.83406429465E+001
-6.83241636587E+001
-6.82535363684E+001
-6.83154984148E+001
-6.82344473671E+001
-6.82138442262E+001
-6.81859396471E+001
-6.82350357877E+001
-6.82265813468E+001
-6.81696834733E+001
-6.82476145435E+001
-6.82106277327E+001
-6.82284077399E+001
-6.82645538044E+001
-6.81958390239E+001
-6.81749588194E+001
-6.82585625848E+001
-6.83125699802E+001
-6.82964147481E+001
-6.83733783808E+001
-6.85047111247E+001
-6.85004017754E+001
-6.84703400745E+001
-6.83884580700E+001
-6.84413266758E+001
-6.84209464618E+001
-6.83895023074E+001
-6.84357526956E+001
-6.84876719210E+001
-6.84928514963E+001
-6.85386931085E+001
-6.85498572702E+001
-6.85788551708E+001
-6.85091971851E+001
-6.85450530487E+001
-6.84987689686E+001
-6.85072724388E+001
-6.85793213339E+001
-6.86115320081E+001
-6.85803967566E+001
-6.85241210087E+001
-6.85171988222E+001
-6.84813220969E+001
-6.83918088726E+001
-6.84051903440E+001
-6.83877092845E+001
-6.84316729081E+001
-6.83977921811E+001
-6.84124939630E+001
-6.84079833834E+001
-6.84430397662E+001
-6.84004291435E+001
-6.84307368413E+001
-6.84763992028E+001
-6.84009777464E+001
-6.84242425427E+001
-6.84800312823E+001
-6.84652219324E+001
-6.84749976705E+001
-6.83486791531E+001
-6.83474576217E+001
-6.83729039251E+001
-6.83876768590E+001
-6.83326775069E+001
-6.83289701189E+001
-6.82785549655E+001
-6.82841868642E+001
-6.82702573765E+001
-6.83272175022E+001
-6.82792023854E+001
-6.82906457424E+001
-6.82359806696E+001
-6.82334487965E+001
-6.82020065118E+001
-6.82034326696E+001
-6.81774502030E+001
-6.81601869717E+001
-6.80908191263E+001
-6.80698482334E+001
-6.80149775081E+001
-6.79933785983E+001
-6.80325776475E+001
-6.80558148359E+001
-6.79907844409E+001
-6.79518643365E+001
-6.79371599309E+001
-6.80116073275E+001
-6.80068443229E+001
-6.80245377518E+001
-6.80850148563E+001
-6.80625590502E+001
-6.80530353690E+001
-6.81292293851E+001
-6.81286720175E+001
-6.80809511948E+001
-6.80851245668E+001
-6.80361809661E+001
-6.80857228368E+001
-6.80470024605E+001
-6.80508656148E+001
-6.80374958356E+001
-6.80630032805E+001
-6.79246585151E+001
-6.79021802415E+001
-6.79614095274E+001
-6.79053140278E+001
-6.78896050497E+001
-6.79156166889E+001
-6.78748069689E+001
-6.78727316789E+001
-6.78574598601E+001
-6.79310107230E+001
-6.78885564213E+001
-6.79528679802E+001
-6.79814805892E+001
-6.79866812438E+001
-6.79989706039E+001
-6.80040031064E+001
-6.80220815463E+001
-6.80563287596E+001
-6.80823370686E+001
-6.80350299193E+001
-6.79676243626E+001
-6.79406812290E+001
-6.78643329904E+001
-6.78835796003E+001
-6.78723489065E+001
-6.78453435778E+001
-6.79049129591E+001
-6.79254888170E+001
-6.78882706557E+001
-6.78651438517E+001
-6.78608915204E+001
-6.78555025028E+001
-6.78611183585E+001
-6.78622032833E+001
-6.79676347398E+001
-6.79996330935E+001
-6.80095040383E+001
-6.81011194854E+001
-6.80916813804E+001
-6.79932550844E+001
-6.80116609571E+001
-6.80365745837E+001
-6.80293139726E+001
-6.79191320726E+001
-6.78706951409E+001
-6.78680773022E+001
-6.78094472803E+001
-6.77968756563E+001
-6.78841713405E+001
-6.79002377183E+001
-6.78696959947E+001
-6.78583163994E+001
-6.78146894910E+001
-6.78099234142E+001
-6.78240322589E+001
-6.79111901660E+001
-6.78864979225E+001
-6.78404014086E+001
-6.79148449347E+001
-6.78665360844E+001
-6.79361426311E+001
-6.78654790432E+001
-6.78086316711E+001
-6.78121155018E+001
-6.77816295610E+001
-6.77991875143E+001
-6.77704445253E+001
-6.77771281821E+001
-6.76969993761E+001
-6.76451384052E+001
-6.76025054607E+001
-6.76163150060E+001
-6.76080442186E+001
-6.76052717939E+001
-6.76036122934E+001
-6.76296781572E+001
-6.76091245604E+001
-6.76063410725E+001
-6.75867911662E+001
-6.75503111021E+001
-6.75534500670E+001
-6.75204704637E+001
-6.75932029655E+001
-6.75769367683E+001
-6.76592376561E+001
-6.76563255389E+001
-6.75976954390E+001
-6.75550820586E+001
-6.75494450394E+001
-6.75984720029E+001
-6.76430840523E+001
-6.77190988372E+001
-6.77178745637E+001
-6.77388239987E+001
-6.77078782016E+001
-6.76475908463E+001
-6.76710301041E+001
-6.77497340539E+001
-6.77314129906E+001
-6.76534538450E+001
-6.76860926181E+001
-6.76822631306E+001
-6.76600928299E+001
-6.76863514945E+001
-6.77401421479E+001
-6.76902872902E+001
-6.76767244565E+001
-6.76881781560E+001
-6.77965099419E+001
-6.78533570483E+001
-6.78102113514E+001
-6.77849220917E+001
-6.77528578847E+001
-6.77476951757E+001
-6.77734653843E+001
-6.77017083020E+001
-6.77671544663E+001
-6.78259002458E+001
-6.78675509845E+001
-6.78881302619E+001
-6.79452109711E+001
-6.79955461545E+001
-6.80318813849E+001
-6.80575168998E+001
-6.80670041419E+001
-6.80215235647E+001
-6.80250376865E+001
-6.79706329969E+001
-6.79964483141E+001
-6.80620628590E+001
-6.81335459076E+001
-6.81368595912E+001
-6.81313975177E+001
-6.81355511539E+001
-6.81999430215E+001
-6.81446361020E+001
-6.81102083084E+001
-6.81259515421E+001
-6.80684610773E+001
-6.80514706168E+001
-6.81006516508E+001
-6.80063698218E+001
-6.80770935883E+001
-6.80827144025E+001
-6.81015692630E+001
-6.81739366993E+001
-6.81024275367E+001
-6.80727191602E+001
-6.80578869998E+001
-6.81094863009E+001
-6.80831665356E+001
-6.80878484067E+001
-6.81687944161E+001
-6.81270124247E+001
-6.81568440025E+001
-6.82018380623E+001
-6.82060267872E+001
-6.81679819516E+001
-6.82128844001E+001
-6.81899715403E+001
-6.81223063592E+001
-6.82047848275E+001
-6.81568163726E+001
-6.81994524046E+001
-6.81812344342E+001
-6.82001948733E+001
-6.81711597129E+001
-6.81221741800E+001
-6.80649463905E+001
-6.80473208286E+001
-6.80387005377E+001
-6.80240327507E+001
-6.80729710943E+001
-6.81239823002E+001
-6.82077038086E+001
-6.82139603840E+001
-6.82005637134E+001
-6.81813786088E+001
-6.81407467388E+001
-6.81292929169E+001
-6.81783076940E+001
-6.82003352335E+001
-6.82763522592E+001
-6.82696964795E+001
-6.82274587986E+001
-6.81561522293E+001
-6.81784642740E+001
-6.81880593812E+001
-6.81548379711E+001
-6.81217323807E+001
-6.82150207042E+001
-6.82398213738E+001
-6.82231923222E+001
-6.82209512502E+001
-6.82518802232E+001
-6.82868494907E+001
-6.82483037849E+001
-6.82589026678E+001
-6.82210233858E+001
-6.80912343634E+001
-6.80371812691E+001
-6.80443786708E+001
-6.80900408768E+001
-6.81334501220E+001
-6.81546583158E+001
-6.81478579976E+001
-6.80616095027E+001
-6.80238004891E+001
-6.80696316386E+001
-6.80001570098E+001
-6.79956465829E+001
-6.79432111832E+001
-6.79213026938E+001
-6.78847392074E+001
-6.79522984448E+001
-6.80149533464E+001
-6.79800605489E+001
-6.79484451357E+001
-6.80541905661E+001
-6.81104980565E+001
-6.80761396107E+001
-6.80907438385E+001
-6.80357854277E+001
-6.80720379593E+001
-6.80438210008E+001
-6.80469043624E+001
-6.80708254477E+001
-6.80822475859E+001
-6.80520919902E+001
-6.81166577121E+001
-6.80878356198E+001
-6.80919301610E+001
-6.80668893392E+001
-6.80179572551E+001
-6.80374003633E+001
-6.80110124124E+001
-6.80583243673E+001
-6.81018617407E+001
-6.80680118706E+001
-6.80771387286E+001
-6.80662373752E+001
-6.81100955076E+001
-6.80505460643E+001
-6.81567301003E+001
-6.81029916558E+001
-6.81107955188E+001
-6.81732342495E+001
-6.81535358562E+001
-6.80454393256E+001
-6.80382165176E+001
-6.80470036572E+001
-6.80241508339E+001
-6.79831166615E+001
-6.79579146163E+001
-6.79807613718E+001
-6.79917686073E+001
-6.79698127308E+001
-6.79602843863E+001
-6.79325101516E+001
-6.78943508614E+001
-6.77972439050E+001
-6.77803246850E+001
-6.78211338088E+001
-6.79239338037E+001
-6.79071385886E+001
-6.78807907292E+001
-6.79432149222E+001
-6.78597913948E+001
-6.77642980470E+001
-6.77462311591E+001
-6.77131823747E+001
-6.77032604794E+001
-6.76768120366E+001
-6.76346994109E+001
-6.76147234827E+001
-6.76297614312E+001
-6.76071696286E+001
-6.76149879632E+001
-6.76766075259E+001
-6.76626502546E+001
-6.76347959730E+001
-6.75707993260E+001
-6.75485029884E+001
-6.75187248420E+001
-6.75239953210E+001
-6.74654603919E+001
-6.75058038636E+001
-6.76009451457E+001
-6.76082612506E+001
-6.76001358218E+001
-6.76340586703E+001
-6.76003886180E+001
-6.75787544736E+001
-6.75133276687E+001
-6.74742044541E+001
-6.75030429652E+001
-6.74468128697E+001
-6.75304140269E+001
-6.75410951597E+001
-6.75255824536E+001
-6.74808519645E+001
-6.75599587077E+001
-6.76209079344E+001
-6.75574346654E+001
-6.75538774243E+001
-6.75682000423E+001
-6.75756720711E+001
-6.75512635859E+001
-6.75813187052E+001
-6.75616851180E+001
-6.75601429684E+001
-6.76595877736E+001
-6.75282031185E+001
-6.75815187729E+001
-6.75092605105E+001
-6.75149353694E+001
-6.74317259250E+001
-6.74768769223E+001
-6.74642110547E+001
-6.74948634046E+001
-6.74527842658E+001
-6.74681969630E+001
-6.74566244526E+001
-6.74638699112E+001
-6.74373863144E+001
-6.73369485443E+001
-6.72968016760E+001
-6.73457545091E+001
-6.73215194200E+001
-6.74087238069E+001
-6.73523114618E+001
-6.73061262228E+001
-6.73629329923E+001
-6.72837632641E+001
-6.72910208576E+001
-6.72746311849E+001
-6.72805601460E+001
-6.71888613028E+001
-6.72278715794E+001
-6.72031091385E+001
-6.72098129576E+001
-6.71217155966E+001
-6.70937994278E+001
-6.71040027631E+001
-6.70495673399E+001
-6.71385353788E+001
-6.71502826882E+001
-6.71598427403E+001
-6.71407665318E+001
-6.71671934501E+001
-6.72210964690E+001
-6.72402978902E+001
-6.72382492265E+001
-6.72057313648E+001
-6.71873972326E+001
-6.71966683179E+001
-6.71504179404E+001
-6.72207058845E+001
-6.72497295814E+001
-6.72165601335E+001
-6.72426026325E+001
-6.72099953830E+001
-6.72027621962E+001
-6.73042751712E+001
-6.72872719640E+001
-6.72670924564E+001
-6.72758979405E+001
-6.72566986715E+001
-6.72802632703E+001
-6.71905513245E+001
-6.71837141284E+001
-6.72598296101E+001
-6.73006995586E+001
-6.73216914920E+001
-6.73505342694E+001
-6.73685607726E+001
-6.74057821389E+001
-6.73329384679E+001
-6.73044415732E+001
-6.72663571411E+001
-6.72555932806E+001
-6.73153978242E+001
-6.72823628842E+001
-6.73821659236E+001
-6.73510123148E+001
-6.73637751269E+001
-6.73047826340E+001
-6.72787797355E+001
-6.73006331958E+001
-6.72965185641E+001
-6.73445203934E+001
-6.74142438244E+001
-6.73170049390E+001
-6.73027585441E+001
-6.71769659347E+001
-6.71950665264E+001
-6.72080911284E+001
-6.71418910151E+001
-6.71562247880E+001
-6.71956072777E+001
-6.72426990572E+001
-6.72549740954E+001
-6.72433631987E+001
-6.72770956049E+001
-6.72961152910E+001
-6.72327083099E+001
-6.71518185930E+001
-6.72102783177E+001
-6.72230608619E+001
-6.72604198593E+001
-6.72120056472E+001
-6.71987501185E+001
-6.71709481577E+001
-6.71957971928E+001
-6.71036474765E+001
-6.71408637207E+001
-6.71382660983E+001
-6.70661856750E+001
-6.71031958447E+001
-6.71117349804E+001
-6.71103458435E+001
-6.71209800123E+001
-6.71950660839E+001
-6.72646804825E+001
-6.73564742578E+001
-6.73552345478E+001
-6.74059845036E+001
-6.74195401289E+001
-6.73828166413E+001
-6.73615535202E+001
-6.73755465028E+001
-6.73861963083E+001
-6.73689272643E+001
-6.73738442310E+001
-6.73885476254E+001
-6.74367339776E+001
-6.74455869713E+001
-6.74085292604E+001
-6.73122549011E+001
-6.73552628993E+001
-6.74034881131E+001
-6.73745692438E+001
-6.73724027657E+001
-6.73677403299E+001
-6.73389435109E+001
-6.73591356854E+001
-6.74217349907E+001
-6.74158944040E+001
-6.73399264634E+001
-6.73502578997E+001
-6.73673775022E+001
-6.73845525899E+001
-6.73378648735E+001
-6.72819298001E+001
-6.73414415494E+001
-6.73211407597E+001
-6.73414410527E+001
-6.72924115718E+001
-6.73577073028E+001
-6.74215195815E+001
-6.73639828395E+001
-6.73614218966E+001
-6.72658746365E+001
-6.74373604316E+001
-6.73753871305E+001
-6.73658983805E+001
-6.73398409121E+001
-6.73622541228E+001
-6.73457063687E+001
-6.73767919865E+001
-6.73288413519E+001
-6.73842333334E+001
-6.74623325989E+001
-6.74513536598E+001
-6.74673689639E+001
-6.75129865559E+001
-6.75724031614E+001
-6.76270036245E+001
-6.76010523641E+001
-6.75758811970E+001
-6.75265795780E+001
-6.75314852688E+001
-6.75802645734E+001
-6.74570966070E+001
-6.74162493463E+001
-6.75486588324E+001
-6.75877805585E+001
-6.75804163610E+001
-6.75901518373E+001
-6.75417906940E+001
-6.75307638160E+001
-6.75136070999E+001
-6.75681757998E+001
-6.75978762472E+001
-6.76233264878E+001
-6.76691002495E+001
-6.75574995538E+001
-6.75362117663E+001
-6.75320728894E+001
-6.75639189864E+001
-6.75986279695E+001
-6.75655091942E+001
-6.75645696723E+001
-6.75362883222E+001
-6.75676788852E+001
-6.75642221014E+001
-6.75189189229E+001
-6.75532834049E+001
-6.75310904432E+001
-6.74897782385E+001
-6.74775906223E+001
-6.74424932024E+001
-6.75538528151E+001
-6.76226066766E+001
-6.75727947728E+001
-6.76215123615E+001
-6.75928808080E+001
-6.75612225809E+001
-6.75305213039E+001
-6.75167735239E+001
-6.75088907359E+001
-6.75027827738E+001
-6.73888715001E+001
-6.73540955274E+001
-6.73726126556E+001
-6.73545219298E+001
-6.73773227708E+001
-6.73369460958E+001
-6.73286437642E+001
-6.73295607467E+001
-6.73488863506E+001
-6.73216923258E+001
-6.72500487311E+001
-6.72645837139E+001
-6.71789849816E+001
-6.72526045550E+001
-6.72343529460E+001
-6.72766124449E+001
-6.73176214872E+001
-6.72498599101E+001
-6.72295625952E+001
-6.71650892681E+001
-6.70559973084E+001
-6.71023378611E+001
-6.71154130176E+001
-6.72469701767E+001
-6.72601163330E+001
-6.72780923602E+001
-6.72547112609E+001
-6.72601808613E+001
-6.72838039118E+001
-6.72750331060E+001
-6.72659125704E+001
-6.73422982981E+001
-6.73712615863E+001
-6.73894140487E+001
-6.74506790133E+001
-6.75386385445E+001
-6.75543608302E+001
-6.75717125188E+001
-6.75407723149E+001
-6.75525122575E+001
-6.75526483396E+001
-6.76034320532E+001
-6.75665752674E+001
-6.76029012605E+001
-6.75962412134E+001
-6.76248620683E+001
-6.76886482409E+001
-6.76527525363E+001
-6.76472330749E+001
-6.76269062680E+001
-6.76327181515E+001
-6.75316219795E+001
-6.74138941521E+001
-6.73694049718E+001
-6.73732607368E+001
-6.73146828884E+001
-6.73262963324E+001
-6.74031958388E+001
-6.74475327985E+001
-6.74135756838E+001
-6.74137103191E+001
-6.73887193142E+001
-6.73908107212E+001
-6.74222017672E+001
-6.73878424828E+001
-6.74107003508E+001
-6.74545194068E+001
-6.75988646233E+001
-6.75827649622E+001
-6.75910390125E+001
-6.76528636697E+001
-6.76849769834E+001
-6.77136064541E+001
-6.77470330147E+001
-6.77634729974E+001
-6.76624813340E+001
-6.76964668356E+001
-6.77450196543E+001
-6.77871320151E+001
-6.77648294276E+001
-6.79137660602E+001
-6.79579319582E+001
-6.79691026210E+001
-6.79772564037E+001
-6.80234498215E+001
-6.79846623213E+001
-6.79419472740E+001
-6.79288521138E+001
-6.79037368972E+001
-6.79221312329E+001
-6.79078488766E+001
-6.79647986880E+001
-6.78167518776E+001
-6.78241822998E+001
-6.79232607012E+001
-6.80221047921E+001
-6.80353802347E+001
-6.79702028264E+001
-6.79758752028E+001
-6.80250891197E+001
-6.79793010794E+001
-6.78792361585E+001
-6.79944605522E+001
-6.79235129652E+001
-6.79103038574E+001
-6.78813362331E+001
-6.79078421344E+001
-6.78931314898E+001
-6.79275410027E+001
-6.78978576793E+001
-6.79682126876E+001
-6.79473433892E+001
-6.79706365172E+001
-6.79897089797E+001
-6.78866530941E+001
-6.79071502433E+001
-6.79215984631E+001
-6.79520217685E+001
-6.79723002971E+001
-6.79949931748E+001
-6.79796488315E+001
-6.79454460253E+001
-6.78989485806E+001
-6.78931296278E+001
-6.78722016753E+001
-6.78815136098E+001
-6.78707896257E+001
-6.79102565833E+001
-6.78909697629E+001
-6.78606918211E+001
-6.79367400190E+001
-6.79804903555E+001
-6.79738564306E+001
-6.80371457448E+001
-6.81177473958E+001
-6.81362515125E+001
-6.81560912595E+001
-6.81303182212E+001
-6.81897419698E+001
-6.81859555018E+001
-6.81881707182E+001
-6.80941225109E+001
-6.80494978078E+001
-6.80604002457E+001
-6.80517611890E+001
-6.80112324773E+001
-6.79516160046E+001
-6.79424203308E+001
-6.79396116641E+001
-6.78942713858E+001
-6.79016512754E+001
-6.79247643975E+001
-6.79208677091E+001
-6.79180109768E+001
-6.79275452181E+001
-6.79189037763E+001
-6.79893483627E+001
-6.80216154364E+001
-6.80202115860E+001
-6.80354200656E+001
-6.80597103530E+001
-6.80724035670E+001
-6.80263753250E+001
-6.81961437991E+001
-6.82732179857E+001
-6.82441689705E+001
-6.82285624866E+001
-6.81441259383E+001
-6.81739168461E+001
-6.81808000365E+001
-6.81883888711E+001
-6.82440073526E+001
-6.82334515126E+001
-6.82128789335E+001
-6.81170371399E+001
-6.81527178690E+001
-6.81950551589E+001
-6.82102472172E+001
-6.82570040779E+001
-6.82645750296E+001
-6.82443812275E+001
-6.82809977025E+001
-6.82173999454E+001
-6.81765828366E+001
-6.81870771054E+001
-6.81472529652E+001
-6.80801747866E+001
-6.80665085903E+001
-6.80084483115E+001
-6.80525189422E+001
-6.81158019116E+001
-6.81448438571E+001
-6.81330154596E+001
-6.81040722596E+001
-6.81211148976E+001
-6.81614169465E+001
-6.81563714737E+001
-6.81207630968E+001
-6.80977008149E+001
-6.80677456905E+001
-6.80640049101E+001
-6.80967824706E+001
-6.81094289306E+001
-6.81605961054E+001
-6.81808891277E+001
-6.81382440261E+001
-6.81107086063E+001
-6.81540569216E+001
-6.80543886994E+001
-6.79779306241E+001
-6.80064628890E+001
-6.80254601828E+001
-6.80238118173E+001
-6.80580792051E+001
-6.80397185451E+001
-6.80487255994E+001
-6.80333084062E+001
-6.79557447662E+001
-6.79114055298E+001
-6.78333329345E+001
-6.78100285224E+001
-6.78127838441E+001
-6.77791529393E+001
-6.77816599613E+001
-6.77825038426E+001
-6.78362021559E+001
-6.78361592659E+001
-6.78370536848E+001
-6.77547965426E+001
-6.77442026781E+001
-6.78097316718E+001
-6.76020648360E+001
-6.75243464796E+001
-6.75316682429E+001
-6.74817119599E+001
-6.75268833083E+001
-6.75890944446E+001
-6.76129875012E+001
-6.75564005138E+001
-6.75180631819E+001
-6.74725245458E+001
-6.75009491455E+001
-6.74255504466E+001
-6.74415638503E+001
-6.74272192660E+001
-6.73173259242E+001
-6.72458462595E+001
-6.72365851137E+001
-6.72669187374E+001
-6.73937037632E+001
-6.73831634657E+001
-6.74668323318E+001
-6.75022583899E+001
-6.75239568745E+001
-6.75161922506E+001
-6.75090688275E+001
-6.75145843018E+001
-6.74719474930E+001
-6.74901965324E+001
-6.74520675618E+001
-6.74789103668E+001
-6.74602207646E+001
-6.74405943830E+001
-6.74363498344E+001
-6.74381774305E+001
-6.74582232293E+001
-6.74524190896E+001
-6.74286396800E+001
-6.73791691805E+001
-6.73698410425E+001
-6.73674230584E+001
-6.74342631242E+001
-6.74597697846E+001
-6.75925686388E+001
-6.75619357735E+001
-6.75642662560E+001
-6.76061474510E+001
-6.76126616793E+001
-6.75571854124E+001
-6.75963732628E+001
-6.75560218702E+001
-6.74997473772E+001
-6.74838778399E+001
-6.75135649440E+001
-6.74117320696E+001
-6.72882553692E+001
-6.72690152020E+001
-6.72481184371E+001
-6.72526759771E+001
-6.73359316560E+001
-6.73599787313E+001
-6.74000978174E+001
-6.73619774495E+001
-6.73426007961E+001
-6.73250985050E+001
-6.73004387857E+001
-6.73018527608E+001
-6.73410897681E+001
-6.73320368701E+001
-6.73729077695E+001
-6.74178190890E+001
-6.73569264812E+001
-6.73406554025E+001
-6.74014356240E+001
-6.73843102489E+001
-6.73372079852E+001
-6.72938509671E+001
-6.72508062934E+001
-6.72463656093E+001
-6.72623870365E+001
-6.72704782796E+001
-6.72540738079E+001
-6.72696275208E+001
-6.73108259545E+001
-6.71422616224E+001
-6.70266281315E+001
-6.70079718871E+001
-6.70393276879E+001
-6.71352694280E+001
-6.71181068112E+001
-6.71400255021E+001
-6.71848547564E+001
-6.72799304689E+001
-6.72860842861E+001
-6.72824035277E+001
-6.73074908013E+001
-6.72876946698E+001
-6.72534772924E+001
-6.72321160503E+001
-6.72268927755E+001
-6.72149558660E+001
-6.72378759562E+001
-6.71966145926E+001
-6.72088503477E+001
-6.72212524672E+001
-6.71715134988E+001
-6.71669694183E+001
-6.72003147909E+001
-6.72445778439E+001
-6.72358159319E+001
-6.72092518397E+001
-6.72160148242E+001
-6.72393936520E+001
-6.72447496280E+001
-6.73088196015E+001
-6.73458627380E+001
-6.74726000181E+001
-6.74778801674E+001
-6.74687455142E+001
-6.75365198420E+001
-6.75525146358E+001
-6.75982646407E+001
-6.75762794291E+001
-6.76178477865E+001
-6.75846583855E+001
-6.75695380094E+001
-6.76773505664E+001
-6.78611105036E+001
-6.77990151400E+001
-6.78299931348E+001
-6.78356444377E+001
-6.79122697129E+001
-6.78747132126E+001
-6.80078061920E+001
-6.79863249064E+001
-6.79924608874E+001
-6.80566531249E+001
-6.80375998187E+001
-6.81200804976E+001
-6.80256260305E+001
-6.81516083803E+001
-6.81473446576E+001
-6.81479253706E+001
-6.81078399974E+001
-6.80801416290E+001
-6.82009087203E+001
-6.81444491431E+001
-6.82226238454E+001
-6.82178710726E+001
-6.82602911643E+001
-6.82582668427E+001
-6.82445165302E+001
-6.82527866749E+001
-6.82975827669E+001
-6.82711885268E+001
-6.83414093397E+001
-6.83546192009E+001
-6.82975396500E+001
-6.83149096852E+001
-6.83016540044E+001
-6.82790466219E+001
-6.82558392129E+001
-6.82338727876E+001
-6.82183050899E+001
-6.81893603562E+001
-6.81584705073E+001
-6.81430348621E+001
-6.81181557270E+001
-6.80576539787E+001
-6.80132583168E+001
-6.78344142600E+001
-6.77676849683E+001
-6.77140431996E+001
-6.76991668853E+001
-6.75610101566E+001
-6.75443370690E+001
-6.74881224917E+001
-6.74159180677E+001
-6.73622484310E+001
-6.73273430000E+001
-6.73203210456E+001
-6.72514413819E+001
-6.72060727900E+001
-6.71631820867E+001
-6.71508044833E+001
-6.71255468131E+001
-6.71324920278E+001
-6.71823896380E+001
-6.71484353345E+001
-6.70111170544E+001
-6.70277614103E+001
-6.70077228227E+001
-6.70150150682E+001
-6.70489416765E+001
-6.70467333801E+001
-6.71081746199E+001
-6.71549037157E+001
-6.70240027163E+001
-6.70234157205E+001
-6.70741973038E+001
-6.71030975543E+001
-6.71613652749E+001
-6.71749238347E+001
-6.72080290253E+001
-6.71635792712E+001
-6.72233804576E+001
-6.72647416573E+001
-6.72721222594E+001
-6.72473384307E+001
-6.72629469453E+001
-6.73131423968E+001
-6.73419579508E+001
-6.72608061107E+001
-6.71916012972E+001
-6.69567440144E+001
-6.69708027404E+001
-6.69688896141E+001
-6.69737335100E+001
-6.68751419493E+001
-6.69066260576E+001
-6.69387034423E+001
-6.69408929998E+001
-6.69115844979E+001
-6.67420465268E+001
-6.67090123767E+001
-6.65012041138E+001
-6.60999282538E+001
-6.60401441346E+001
-6.60118379591E+001
-6.59271295465E+001
-6.58722736869E+001
-6.52277379811E+001
-6.52479518918E+001
-6.50182477116E+001
-6.47213463945E+001
-6.46262754857E+001
-6.44197032470E+001
-6.42840182707E+001
-6.38266039816E+001
-6.37837037256E+001
-6.33513893457E+001
-6.28967173027E+001
-6.26185437181E+001
-6.21940715494E+001
-6.18050939954E+001
-6.12423957299E+001
-6.05976958803E+001
-6.02423265819E+001
-6.02259591413E+001
-6.00384420131E+001
-5.99375574771E+001
-6.00632884036E+001
-6.05145209846E+001
-6.09759850624E+001
-6.00600074366E+001
-6.00771552137E+001
-6.02104299898E+001
-6.02673314216E+001
-6.03678187067E+001
-5.97468258267E+001
-6.34813122888E+001
-6.89514370720E+001
-6.74949015524E+001
-6.58633606890E+001
-6.83368949702E+001
-6.78971680507E+001
-6.71891984656E+001
-6.71606073499E+001
-6.74418061687E+001
-6.77472629876E+001
-6.76270177086E+001
-6.75244135442E+001
-6.72250956783E+001
-6.69223775900E+001
-6.67421224799E+001
-6.65214334978E+001
-6.65228979072E+001
-6.68487877429E+001
-6.68774383137E+001
-6.69347662394E+001
-6.70394793242E+001
-6.69709564388E+001
-6.68138349185E+001
-6.66429589890E+001
-6.65508931926E+001
-6.64656368432E+001
-6.63096910426E+001
-6.62910169585E+001
-6.63178739462E+001
-6.62710464511E+001
-6.63199913555E+001
-6.63848822690E+001
-6.62298125143E+001
-6.62370468602E+001
-6.62515318471E+001
-6.64836638672E+001
-6.65749571401E+001
-6.64883490608E+001
-6.64532225466E+001
-6.62967688055E+001
-6.63024093977E+001
-6.62983486025E+001
-6.62435247817E+001
-6.61374560294E+001
-6.61502414873E+001
-6.60951484265E+001
-6.62406205491E+001
-6.62804501323E+001
-6.64492175513E+001
-6.63948098140E+001
-6.65540247880E+001
-6.65983688068E+001
-6.66256775995E+001
-6.66089982041E+001
-6.66667980656E+001
-6.66536857831E+001
-6.66977492812E+001
-6.66478536836E+001
-6.66495526618E+001
-6.66660460940E+001
-6.67594543092E+001
-6.67606157449E+001
-6.68028122549E+001
-6.67675352438E+001
-6.67568889391E+001
-6.67212372467E+001
-6.68073447775E+001
-6.68494874740E+001
-6.68265315112E+001
-6.67692721099E+001
-6.67869200514E+001
-6.68141122426E+001
-6.68577826345E+001
-6.69165402150E+001
-6.69654992301E+001
-6.69770394873E+001
-6.70065338799E+001
-6.69513411394E+001
-6.68812889152E+001
-6.68494587424E+001
-6.68390918232E+001
-6.68737742295E+001
-6.68802398929E+001
-6.67839301153E+001
-6.67266923566E+001
-6.66475081666E+001
-6.66917620120E+001
-6.67093506637E+001
-6.67466771220E+001
-6.67978387712E+001
-6.67521678803E+001
-6.67061161009E+001
-6.67181838079E+001
-6.66312553499E+001
-6.66457781343E+001
-6.66244193810E+001
-6.66004845240E+001
-6.65660034901E+001
-6.65529579963E+001
-6.65513853585E+001
-6.66298075191E+001
-6.66527409278E+001
-6.67395864021E+001
-6.67580942656E+001
-6.67442391792E+001
-6.67729284469E+001
-6.67659435194E+001
-6.67376285028E+001
-6.67907188640E+001
-6.66716374056E+001
-6.66316497873E+001
-6.66832692065E+001
-6.66612943701E+001
-6.66526828806E+001
-6.66732449259E+001
-6.66883412142E+001
-6.66849024969E+001
-6.66770999668E+001
-6.66546265555E+001
-6.66944898024E+001
-6.66714579244E+001
-6.67099371394E+001
-6.68061571980E+001
-6.68197040834E+001
-6.68360837274E+001
-6.68680002134E+001
-6.68857826104E+001
-6.69877032006E+001
-6.69941769824E+001
-6.69804946604E+001
-6.70043209582E+001
-6.69819471686E+001
-6.69849213599E+001
-6.70445727665E+001
-6.69971478798E+001
-6.69325622476E+001
-6.69260914611E+001
-6.68595549676E+001
-6.68457771373E+001
-6.69638971755E+001
-6.69872790477E+001
-6.69674181615E+001
-6.70813681799E+001
-6.70480431731E+001
-6.71191674196E+001
-6.71312319436E+001
-6.70410996795E+001
-6.70009878054E+001
-6.70010708274E+001
-6.71050798277E+001
-6.70631688378E+001
-6.70779998144E+001
-6.70453188565E+001
-6.70396460949E+001
-6.71145727105E+001
-6.71708070816E+001
-6.72188704791E+001
-6.72109397270E+001
-6.71985094423E+001
-6.71790940571E+001
-6.71611623608E+001
-6.72084187053E+001
-6.72458755832E+001
-6.72445444220E+001
-6.72299290112E+001
-6.72107370649E+001
-6.72705815069E+001
-6.70806137272E+001
-6.71443284002E+001
-6.72090138931E+001
-6.72216633603E+001
-6.70850656777E+001
-6.70907048106E+001
-6.71215716038E+001
-6.71170913402E+001
-6.70613029291E+001
-6.70567937374E+001
-6.70953822849E+001
-6.70528329774E+001
-6.70347282668E+001
-6.70483682446E+001
-6.70646544004E+001
-6.70432782891E+001
-6.70117819020E+001
-6.70216864750E+001
-6.70874032290E+001
-6.71035801686E+001
-6.70662314456E+001
-6.70896150403E+001
-6.70943881347E+001
-6.70766391176E+001
-6.70587602264E+001
-6.71103684878E+001
-6.70905764284E+001
-6.70563059175E+001
-6.70910290646E+001
-6.70732496952E+001
-6.71084815411E+001
-6.71461570006E+001
-6.71094845779E+001
-6.70349826488E+001
-6.70198300213E+001
-6.71133557809E+001
-6.70887473599E+001
-6.71430181858E+001
-6.71398920041E+001
-6.71009022832E+001
-6.71692774666E+001
-6.71121476431E+001
-6.70800007511E+001
-6.70497592967E+001
-6.70665506117E+001
-6.71070091669E+001
-6.71148341419E+001
-6.71114480461E+001
-6.70973159619E+001
-6.70464793760E+001
-6.71157698666E+001
-6.70871264959E+001
-6.71399266644E+001
-6.70676155971E+001
-6.70485758447E+001
-6.69894181794E+001
-6.68992542667E+001
-6.68523495216E+001
-6.68315144433E+001
-6.68173289223E+001
-6.67774730540E+001
-6.68017370374E+001
-6.68052376791E+001
-6.68141333730E+001
-6.68461087133E+001
-6.68816448735E+001
-6.68502571816E+001
-6.68193534959E+001
-6.68305798273E+001
-6.68585943953E+001
-6.68712986181E+001
-6.68844717845E+001
-6.68875428647E+001
-6.69427047073E+001
-6.69792034195E+001
-6.70507575605E+001
-6.69914481701E+001
-6.70422031322E+001
-6.70218288424E+001
-6.69995262119E+001
-6.70412784474E+001
-6.71228932924E+001
-6.71166150098E+001
-6.71529384466E+001
-6.70818820168E+001
-6.70538651871E+001
-6.69871304185E+001
-6.69568622485E+001
-6.69727618580E+001
-6.69460800848E+001
-6.70079486428E+001
-6.70101616795E+001
-6.69554797020E+001
-6.70749165459E+001
-6.70787028334E+001
-6.70313836691E+001
-6.70514580374E+001
-6.70236996935E+001
-6.69623535123E+001
-6.69355503961E+001
-6.68672264978E+001
-6.68996009804E+001
-6.69955541640E+001
-6.69659935831E+001
-6.69752519189E+001
-6.69729807550E+001
-6.69096130065E+001
-6.68860412166E+001
-6.68740835199E+001
-6.68837722195E+001
-6.69080664055E+001
-6.68104397843E+001
-6.68038809427E+001
-6.68342831113E+001
-6.67945769473E+001
-6.68051319868E+001
-6.68373606642E+001
-6.67653990963E+001
-6.69123190470E+001
-6.69673540015E+001
-6.70411379442E+001
-6.70387800072E+001
-6.70437777082E+001
-6.69387754189E+001
-6.69182603761E+001
-6.68786461137E+001
-6.67431486725E+001
-6.67718392038E+001
-6.67300582276E+001
-6.67615297977E+001
-6.67556254393E+001
-6.67597898359E+001
-6.68034842458E+001
-6.68245059256E+001
-6.69305694307E+001
-6.69694416490E+001
-6.69562031346E+001
-6.69580297036E+001
-6.69423252810E+001
-6.69002620288E+001
-6.67834316388E+001
-6.67805435110E+001
-6.67700355229E+001
-6.68129804493E+001
-6.68337820036E+001
-6.68364953079E+001
-6.67992050378E+001
-6.67865337785E+001
-6.67683935553E+001
-6.68345284015E+001
-6.67864262031E+001
-6.68349761023E+001
-6.68222139922E+001
-6.67765522662E+001
-6.67314314682E+001
-6.67636946611E+001
-6.67427832010E+001
-6.67184222448E+001
-6.67144679312E+001
-6.67086424450E+001
-6.66457517955E+001
-6.65848586116E+001
-6.65562368516E+001
-6.65715274454E+001
-6.65330069152E+001
-6.65348298333E+001
-6.65711193686E+001
-6.65665751099E+001
-6.65498861846E+001
-6.65176297201E+001
-6.64675979280E+001
-6.65092830227E+001
-6.64505485546E+001
-6.64979243532E+001
-6.65377263382E+001
-6.65190512634E+001
-6.65084033423E+001
-6.64833946465E+001
-6.65684155372E+001
-6.65156641759E+001
-6.64370207756E+001
-6.64129730601E+001
-6.63728770795E+001
-6.64047049378E+001
-6.64160737606E+001
-6.64844234289E+001
-6.63928740304E+001
-6.63970710765E+001
-6.63448342693E+001
-6.63467897378E+001
-6.63821956229E+001
-6.63577060440E+001
-6.63424883368E+001
-6.63789444027E+001
-6.63918799705E+001
-6.63378579644E+001
-6.63571521409E+001
-6.64001954600E+001
-6.65544587499E+001
-6.66034575515E+001
-6.66381907946E+001
-6.65479851906E+001
-6.65909605351E+001
-6.65496221704E+001
-6.65278166371E+001
-6.65694194677E+001
-6.66323427874E+001
-6.66664795412E+001
-6.67229030605E+001
-6.67418904882E+001
-6.67744049892E+001
-6.68866922645E+001
-6.69028906331E+001
-6.69157844618E+001
-6.69561347610E+001
-6.69540833957E+001
-6.69579229810E+001
-6.70147435410E+001
-6.70028200125E+001
-6.70082641818E+001
-6.70585941948E+001
-6.70856920741E+001
-6.71126106870E+001
-6.70707269064E+001
-6.69987678722E+001
-6.69860053227E+001
-6.69362556516E+001
-6.69293194371E+001
-6.69028397082E+001
-6.68832335588E+001
-6.68825563152E+001
-6.68417253583E+001
-6.67857519904E+001
-6.68383723777E+001
-6.68076337179E+001
-6.68291383996E+001
-6.68404581109E+001
-6.68636646082E+001
-6.68722218487E+001
-6.68764682669E+001
-6.69072709823E+001
-6.68789880470E+001
-6.68896080559E+001
-6.69085083783E+001
-6.68969915357E+001
-6.68956101086E+001
-6.69102524797E+001
-6.68637896369E+001
-6.69247308064E+001
-6.69509029113E+001
-6.69669505651E+001
-6.69779882876E+001
-6.69354030803E+001
-6.68860392809E+001
-6.69301066866E+001
-6.69421222920E+001
-6.69512706950E+001
-6.69325113290E+001
-6.69517576528E+001
-6.69484252355E+001
-6.69305988712E+001
-6.69162864049E+001
-6.69613578454E+001
-6.70415350596E+001
-6.70176356586E+001
-6.70800750179E+001
-6.70486749125E+001
-6.70675555388E+001
-6.71395856216E+001
-6.70459020302E+001
-6.69964612614E+001
-6.69626429061E+001
-6.70135758281E+001
-6.70784738780E+001
-6.70656385820E+001
-6.70993821481E+001
-6.71298402762E+001
-6.71676244233E+001
-6.71636799384E+001
-6.71643033625E+001
-6.71246001556E+001
-6.71916173715E+001
-6.71749377778E+001
-6.71231102201E+001
-6.70014873810E+001
-6.69884146981E+001
-6.70085396487E+001
-6.70686722525E+001
-6.70838999025E+001
-6.70846318648E+001
-6.71227074283E+001
-6.72215826683E+001
-6.72317774208E+001
-6.72689898206E+001
-6.72659703570E+001
-6.72559361955E+001
-6.72500045050E+001
-6.72953297308E+001
-6.73195761813E+001
-6.73677388646E+001
-6.73696989622E+001
-6.73345823826E+001
-6.73318312872E+001
-6.74662457431E+001
-6.74067549578E+001
-6.74225603875E+001
-6.73706527211E+001
-6.74099717511E+001
-6.74154781334E+001
-6.74162665299E+001
-6.73728372031E+001
-6.74181522401E+001
-6.74085787883E+001
-6.74340894174E+001
-6.74155643325E+001
-6.74581417846E+001
-6.74539166436E+001
-6.74009233278E+001
-6.73493900566E+001
-6.73572576570E+001
-6.74014793917E+001
-6.74531402715E+001
-6.74003050843E+001
-6.73980654099E+001
-6.74285835015E+001
-6.75579631375E+001
-6.76037157331E+001
-6.75761520553E+001
-6.76137620218E+001
-6.75978397880E+001
-6.76521913149E+001
-6.76790951553E+001
-6.76547666651E+001
-6.75931501525E+001
-6.75814417314E+001
-6.75977875744E+001
-6.75375138815E+001
-6.75959371207E+001
-6.76150714949E+001
-6.76083852000E+001
-6.76792928922E+001
-6.76737777992E+001
-6.76171165437E+001
-6.76436500688E+001
-6.76590833796E+001
-6.77059724684E+001
-6.77491114323E+001
-6.77443907047E+001
-6.77298952890E+001
-6.76193023094E+001
-6.75832986822E+001
-6.76621196665E+001
-6.76891689040E+001
-6.76725439024E+001
-6.76856721318E+001
-6.77004461433E+001
-6.76885857765E+001
-6.76566972367E+001
-6.76696533427E+001
-6.76217164408E+001
-6.76264128598E+001
-6.76517873031E+001
-6.76217723178E+001
-6.76011803778E+001
-6.76062144506E+001
-6.75626694738E+001
-6.76167344130E+001
-6.76248928908E+001
-6.76156329844E+001
-6.76254442067E+001
-6.76681255653E+001
-6.76358655172E+001
-6.75810721758E+001
-6.75569592174E+001
-6.75490977680E+001
-6.75230951369E+001
-6.75284715288E+001
-6.76066321204E+001
-6.76138685272E+001
-6.75995342170E+001
-6.75997611667E+001
-6.76196495115E+001
-6.76230740246E+001
-6.76126851546E+001
-6.75799213664E+001
-6.75511593038E+001
-6.76184635943E+001
-6.76257688136E+001
-6.76051544922E+001
-6.75838244750E+001
-6.75728464725E+001
-6.75572733717E+001
-6.75523082838E+001
-6.76143943863E+001
-6.76934432796E+001
-6.76414411453E+001
-6.76845037590E+001
-6.77410797822E+001
-6.77853758378E+001
-6.78193288358E+001
-6.78230838119E+001
-6.77910518423E+001
-6.77731930175E+001
-6.78526955635E+001
-6.78213030257E+001
-6.78434278466E+001
-6.78675543907E+001
-6.78660632164E+001
-6.78661261391E+001
-6.79539613020E+001
-6.79746197723E+001
-6.79580444774E+001
-6.79211597294E+001
-6.78788564353E+001
-6.79247778658E+001
-6.79657618047E+001
-6.79575641912E+001
-6.79822836971E+001
-6.79403076489E+001
-6.79921054866E+001
-6.79544321195E+001
-6.79777160002E+001
-6.81138383052E+001
-6.81872129448E+001
-6.81565339744E+001
-6.81688403115E+001
-6.81431062800E+001
-6.81373967856E+001
-6.81302422563E+001
-6.81766882548E+001
-6.81870551629E+001
-6.81786223994E+001
-6.80938408123E+001
-6.81348870858E+001
-6.80922730086E+001
-6.81364364058E+001
-6.80931588251E+001
-6.80552070496E+001
-6.80144777102E+001
-6.80520653251E+001
-6.80237153058E+001
-6.79835178879E+001
-6.78928581097E+001
-6.78904021208E+001
-6.78431092099E+001
-6.78356006309E+001
-6.78844956653E+001
-6.78968824434E+001
-6.78977514526E+001
-6.79460670487E+001
-6.79063600874E+001
-6.79054751465E+001
-6.79239843004E+001
-6.79366020296E+001
-6.78359674059E+001
-6.79044369452E+001
-6.79373356468E+001
-6.79514928218E+001
-6.79013983337E+001
-6.80179853663E+001
-6.79874530896E+001
-6.80146249283E+001
-6.80469128863E+001
-6.81321547338E+001
-6.81306336338E+001
-6.81166868216E+001
-6.80938329746E+001
-6.80866536823E+001
-6.81082678321E+001
-6.81580172713E+001
-6.82064359609E+001
-6.81532652085E+001
-6.81432676244E+001
-6.82248874040E+001
-6.82540713204E+001
-6.82248012863E+001
-6.80549976119E+001
-6.80284011406E+001
-6.80420358460E+001
-6.80969265968E+001
-6.80506193761E+001
-6.80428873842E+001
-6.81727818425E+001
-6.82111167313E+001
-6.82812060297E+001
-6.83135080399E+001
-6.83593954703E+001
-6.83747009579E+001
-6.83606799340E+001
-6.83302899362E+001
-6.83240089361E+001
-6.82811786570E+001
-6.82787867041E+001
-6.83017341943E+001
-6.83116435161E+001
-6.82737762436E+001
-6.82591074926E+001
-6.82309295041E+001
-6.82231399838E+001
-6.82512108457E+001
-6.82751045949E+001
-6.83136375142E+001
-6.83646916800E+001
-6.83587012889E+001
-6.83937075442E+001
-6.84898917429E+001
-6.85052477195E+001
-6.85154596868E+001
-6.84721473802E+001
-6.84640111401E+001
-6.85472400651E+001
-6.86011290545E+001
-6.85326874288E+001
-6.85683417116E+001
-6.85838442230E+001
-6.85728211762E+001
-6.86432313377E+001
-6.85628903421E+001
-6.84980329433E+001
-6.85043737251E+001
-6.85264625569E+001
-6.84720442473E+001
-6.84787634811E+001
-6.84927650086E+001
-6.84469891068E+001
-6.85636046564E+001
-6.86227105723E+001
-6.86065214556E+001
-6.85485380200E+001
-6.85550808628E+001
-6.85536172400E+001
-6.86179017482E+001
-6.86166033959E+001
-6.86330635174E+001
-6.86406468358E+001
-6.86948740177E+001
-6.86898244215E+001
-6.86586427193E+001
-6.86623367234E+001
-6.86983717889E+001
-6.87690086699E+001
-6.89058550601E+001
-6.89081739971E+001
-6.90080938132E+001
-6.90255316488E+001
-6.89529664651E+001
-6.89511148736E+001
-6.89150754811E+001
-6.88217531411E+001
-6.88217204971E+001
-6.87695812924E+001
-6.87624464713E+001
-6.87854537590E+001
-6.88463282575E+001
-6.88065392503E+001
-6.88707907893E+001
-6.88273729461E+001
-6.88423041890E+001
-6.87612111598E+001
-6.87669432564E+001
-6.87091697278E+001
-6.86366583617E+001
-6.87089477241E+001
-6.87305121959E+001
-6.87223952241E+001
-6.85812712018E+001
-6.86676380177E+001
-6.86411113344E+001
-6.86632547691E+001
-6.86441528647E+001
-6.85720326586E+001
-6.85880068391E+001
-6.85323024587E+001
-6.84579508131E+001
-6.83955977964E+001
-6.83556744307E+001
-6.83504085226E+001
-6.84094353517E+001
-6.84621623618E+001
-6.84886184582E+001
-6.83942123686E+001
-6.84219026646E+001
-6.84141508353E+001
-6.84314759326E+001
-6.84176675432E+001
-6.84614523124E+001
-6.84468492425E+001
-6.84991899795E+001
-6.84390117740E+001
-6.85194936698E+001
-6.85705062887E+001
-6.86220326711E+001
-6.86163289145E+001
-6.86145668905E+001
-6.86065975601E+001
-6.87075934577E+001
-6.87241309742E+001
-6.87260162678E+001
-6.86995119414E+001
-6.86941254108E+001
-6.87064818055E+001
-6.87044979493E+001
-6.86493339154E+001
-6.86729251125E+001
-6.87219611128E+001
-6.86754940006E+001
-6.86418740740E+001
-6.86240449361E+001
-6.86484194140E+001
-6.86655285714E+001
-6.85523746734E+001
-6.86243258979E+001
-6.87185097283E+001
-6.86531570116E+001
-6.85944783923E+001
-6.85952132963E+001
-6.85783096691E+001
-6.86020114872E+001
-6.86233071414E+001
-6.86544783802E+001
-6.86837759888E+001
-6.87015250658E+001
-6.87148843267E+001
-6.86736441355E+001
-6.86189697950E+001
-6.86331192675E+001
-6.85835885495E+001
-6.86187059559E+001
-6.86699407498E+001
-6.86374032830E+001
-6.86127370562E+001
-6.85865135246E+001
-6.85332272511E+001
-6.84211014716E+001
-6.83934984467E+001
-6.83174440697E+001
-6.83139972913E+001
-6.82777114994E+001
-6.82561465591E+001
-6.83139476129E+001
-6.83473352224E+001
-6.83543596533E+001
-6.84248156172E+001
-6.84345633669E+001
-6.84272377577E+001
-6.83781382320E+001
-6.83493325944E+001
-6.83843493868E+001
-6.84740931085E+001
-6.84674404617E+001
-6.84223714397E+001
-6.84022597006E+001
-6.83477288967E+001
-6.82034618569E+001
-6.82024831572E+001
-6.81434226610E+001
-6.81463569480E+001
-6.81255605867E+001
-6.80955806799E+001
-6.81039308436E+001
-6.80805884788E+001
-6.80948020989E+001
-6.80669629132E+001
-6.80617018641E+001
-6.79515858123E+001
-6.79747024312E+001
-6.79886287104E+001
-6.79704641296E+001
-6.79840414070E+001
-6.79795613009E+001
-6.79750212830E+001
-6.80118173265E+001
-6.80582017335E+001
-6.80799503072E+001
-6.81389281225E+001
-6.82077584344E+001
-6.81697367999E+001
-6.81756528447E+001
-6.82565295182E+001
-6.82722514535E+001
-6.82721518291E+001
-6.82953487574E+001
-6.82859354838E+001
-6.83154824732E+001
-6.83746112402E+001
-6.84504339499E+001
-6.83932966142E+001
-6.84087780805E+001
-6.85318751164E+001
-6.84767894466E+001
-6.84125601071E+001
-6.84145620820E+001
-6.83501913832E+001
-6.83468642742E+001
-6.82881272223E+001
-6.82010705035E+001
-6.81654598204E+001
-6.81789503280E+001
-6.82753306570E+001
-6.84402709739E+001
-6.84441309094E+001
-6.84438873099E+001
-6.84331181323E+001
-6.84125179009E+001
-6.84280694736E+001
-6.84394591799E+001
-6.84012853290E+001
-6.84642163752E+001
-6.84546834273E+001
-6.85085626802E+001
-6.85804994303E+001
-6.85490779956E+001
-6.86768174241E+001
-6.86157996778E+001
-6.86397601916E+001
-6.86668691295E+001
-6.87169026601E+001
-6.85718763227E+001
-6.85406221065E+001
-6.84757518233E+001
-6.85005720139E+001
-6.84749124638E+001
-6.85174176385E+001
-6.85366035066E+001
-6.85038984587E+001
-6.84442603142E+001
-6.84364203968E+001
-6.85103122057E+001
-6.84649574596E+001
-6.84080599042E+001
-6.83905912987E+001
-6.84497744310E+001
-6.84398953415E+001
-6.85010078945E+001
-6.84757707292E+001
-6.85785039473E+001
-6.86144711333E+001
-6.86547498494E+001
-6.86324342338E+001
-6.86816408000E+001
-6.86638418475E+001
-6.86259358052E+001
-6.85855203751E+001
-6.85783079174E+001
-6.87169259053E+001
-6.87984572866E+001
-6.87604464264E+001
-6.87686570474E+001
-6.87155207522E+001
-6.87180854738E+001
-6.87015638770E+001
-6.86238746229E+001
-6.86138033036E+001
-6.86487734982E+001
-6.86310155036E+001
-6.86246456768E+001
-6.86204481283E+001
-6.86938101157E+001
-6.86479936583E+001
-6.86458075554E+001
-6.87044072983E+001
-6.87676886692E+001
-6.87323603818E+001
-6.86184836277E+001
-6.86467634182E+001
-6.86201857658E+001
-6.86437995195E+001
-6.86576556581E+001
-6.86196454050E+001
-6.86080387960E+001
-6.85851118393E+001
-6.85990097792E+001
-6.85290688959E+001
-6.85127163282E+001
-6.85561267101E+001
-6.85865370557E+001
-6.85687337050E+001
-6.85518583089E+001
-6.85699076686E+001
-6.84871696674E+001
-6.85470440323E+001
-6.84940228236E+001
-6.85523904916E+001
-6.86140873639E+001
-6.86365316203E+001
-6.86362690259E+001
-6.86552560328E+001
-6.86457511928E+001
-6.86483923762E+001
-6.86579567702E+001
-6.85822708634E+001
-6.85893539375E+001
-6.86267997112E+001
-6.86113282648E+001
-6.86062577346E+001
-6.85982404848E+001
-6.86523974092E+001
-6.86765911682E+001
-6.86412345446E+001
-6.85148276762E+001
-6.85705801764E+001
-6.86071075207E+001
-6.85860907474E+001
-6.85923484750E+001
-6.86381584135E+001
-6.85942217146E+001
-6.85846997633E+001
-6.84660111919E+001
-6.85440822458E+001
-6.85292198559E+001
-6.86202060946E+001
-6.86470738810E+001
-6.85660646708E+001
-6.85700144916E+001
-6.86036577562E+001
-6.86198476630E+001
-6.85655513117E+001
-6.85919332550E+001
-6.85075798147E+001
-6.85282083370E+001
-6.85925993530E+001
-6.85983287481E+001
-6.85401465711E+001
-6.84932037335E+001
-6.84127276832E+001
-6.83189803780E+001
-6.82547407991E+001
-6.82113999087E+001
-6.81304634761E+001
-6.80561702016E+001
-6.80407283113E+001
-6.80493762875E+001
-6.80692016365E+001
-6.80776980264E+001
-6.80293954475E+001
-6.80113098666E+001
-6.79917068016E+001
-6.80580305892E+001
-6.81380493017E+001
-6.79832485121E+001
-6.80103454584E+001
-6.80424273689E+001
-6.80174108274E+001
-6.79658522601E+001
-6.79856462185E+001
-6.79438975194E+001
-6.79261132012E+001
-6.79752937637E+001
-6.79872827927E+001
-6.79443676444E+001
-6.78112446329E+001
-6.78042405416E+001
-6.78092570674E+001
-6.77730716809E+001
-6.78117364658E+001
-6.78027719013E+001
-6.78486867881E+001
-6.78140595365E+001
-6.77697778091E+001
-6.77503326322E+001
-6.77296366259E+001
-6.76901093243E+001
-6.77358069884E+001
-6.76531299795E+001
-6.76543055500E+001
-6.76514280729E+001
-6.76143845400E+001
-6.76611900838E+001
-6.77235260368E+001
-6.77574859706E+001
-6.78165629150E+001
-6.78185753208E+001
-6.78685027841E+001
-6.78372190503E+001
-6.78479888666E+001
-6.78569715592E+001
-6.79124877683E+001
-6.79185979520E+001
-6.78364694458E+001
-6.78626046908E+001
-6.78569071517E+001
-6.78537548824E+001
-6.77911160896E+001
-6.77463065161E+001
-6.77014703158E+001
-6.76980975040E+001
-6.75745688528E+001
-6.74981569069E+001
-6.74300027522E+001
-6.73877067416E+001
-6.74318391795E+001
-6.74245532953E+001
-6.74499396666E+001
-6.74802884061E+001
-6.74972867196E+001
-6.74133410727E+001
-6.73612023185E+001
-6.73324671923E+001
-6.74104907317E+001
-6.74482975424E+001
-6.74647882432E+001
-6.74766873177E+001
-6.75138955869E+001
-6.75226966133E+001
-6.75862080585E+001
-6.75788264463E+001
-6.75958720784E+001
-6.75970935009E+001
-6.75073639138E+001
-6.75246263735E+001
-6.75714341135E+001
-6.75291787873E+001
-6.76111601394E+001
-6.75830895612E+001
-6.76605152256E+001
-6.76827864930E+001
-6.77065562927E+001
-6.76946509248E+001
-6.77016942049E+001
-6.77707531260E+001
-6.77494182628E+001
-6.77512792587E+001
-6.76774252178E+001
-6.77476602465E+001
-6.77514806007E+001
-6.78207609782E+001
-6.77825577802E+001
-6.77937814157E+001
-6.78062622351E+001
-6.77523534973E+001
-6.77781600348E+001
-6.77268376273E+001
-6.77410666636E+001
-6.77107277806E+001
-6.76901218320E+001
-6.76776493934E+001
-6.77471118776E+001
-6.77453243152E+001
-6.78143535946E+001
-6.78813378567E+001
-6.78539557112E+001
-6.78411297156E+001
-6.78311248581E+001
-6.78626869063E+001
-6.78391216538E+001
-6.78438802604E+001
-6.78497101695E+001
-6.77928691303E+001
-6.77650705968E+001
-6.77437398627E+001
-6.77714015038E+001
-6.77512870534E+001
-6.76662619346E+001
-6.76746387029E+001
-6.77321596188E+001
-6.77902186075E+001
-6.79282115606E+001
-6.79896629008E+001
-6.79855086560E+001
-6.79069944719E+001
-6.79026460066E+001
-6.79851890315E+001
-6.80013173745E+001
-6.80240254572E+001
-6.80418929497E+001
-6.80748746008E+001
-6.80547816531E+001
-6.80462702737E+001
-6.80075170300E+001
-6.81053378028E+001
-6.80880375830E+001
-6.80481903380E+001
-6.79934763569E+001
-6.80040891392E+001
-6.80460732958E+001
-6.81151660010E+001
-6.81434888665E+001
-6.81582699012E+001
-6.81283239814E+001
-6.81672644013E+001
-6.81851900997E+001
-6.81370432358E+001
-6.81497276678E+001
-6.81664295843E+001
-6.81109977262E+001
-6.81135728743E+001
-6.81544626991E+001
-6.80892960025E+001
-6.80708917335E+001
-6.80074949892E+001
-6.79990092885E+001
-6.80875726426E+001
-6.80575248979E+001
-6.80209859214E+001
-6.80224393638E+001
-6.80061110076E+001
-6.80578201319E+001
-6.80981992454E+001
-6.80378563488E+001
-6.80198861581E+001
-6.80161302051E+001
-6.80341732263E+001
-6.80686356450E+001
-6.80717330593E+001
-6.82064164142E+001
-6.82417216572E+001
-6.82069062453E+001
-6.81487952018E+001
-6.81773343345E+001
-6.81290535023E+001
-6.80873261793E+001
-6.80983100412E+001
-6.80624877691E+001
-6.80114360173E+001
-6.80285143770E+001
-6.79962904325E+001
-6.81127539739E+001
-6.81520482545E+001
-6.81249043684E+001
-6.80934271157E+001
-6.81103859193E+001
-6.80917229262E+001
-6.80667828775E+001
-6.80441447717E+001
-6.80656175047E+001
-6.80822446183E+001
-6.80423304979E+001
-6.80136949704E+001
-6.80243562188E+001
-6.80625273502E+001
-6.81358710608E+001
-6.81430116209E+001
-6.81312142704E+001
-6.81389275683E+001
-6.82025133874E+001
-6.82962996206E+001
-6.83308298013E+001
-6.83029550324E+001
-6.83972996713E+001
-6.84601762694E+001
-6.85108471255E+001
-6.84811523016E+001
-6.84320203113E+001
-6.83745720565E+001
-6.83479068892E+001
-6.83999619030E+001
-6.84138513717E+001
-6.84151348683E+001
-6.84135313847E+001
-6.82912330147E+001
-6.83392842946E+001
-6.83669133488E+001
-6.83393225522E+001
-6.83151371699E+001
-6.82876009099E+001
-6.82148368018E+001
-6.82032052733E+001
-6.81613389970E+001
-6.82699361908E+001
-6.83101282878E+001
-6.83442497252E+001
-6.82958324551E+001
-6.82778577955E+001
-6.81657152157E+001
-6.82023837583E+001
-6.81544672672E+001
-6.81093820835E+001
-6.81181504735E+001
-6.80939333380E+001
-6.80971777749E+001
-6.81156543300E+001
-6.81243022808E+001
-6.81241323615E+001
-6.81060681681E+001
-6.80420611224E+001
-6.80802639876E+001
-6.79767939983E+001
-6.79828842177E+001
-6.80326332755E+001
-6.80876481998E+001
-6.81089495802E+001
-6.81278877490E+001
-6.81699837152E+001
-6.81915525879E+001
-6.81926473649E+001
-6.82420328359E+001
-6.82116730249E+001
-6.81819479982E+001
-6.82039776910E+001
-6.81382319855E+001
-6.80714509868E+001
-6.80629641198E+001
-6.81886879000E+001
-6.81596275913E+001
-6.80828647389E+001
-6.80672557847E+001
-6.81553806853E+001
-6.81544745331E+001
-6.81652778614E+001
-6.82517888547E+001
-6.83200230687E+001
-6.83712893397E+001
-6.83347845346E+001
-6.84309303854E+001
-6.84434687469E+001
-6.83689755929E+001
-6.82804481238E+001
-6.81983421588E+001
-6.81365553837E+001
-6.81225556983E+001
-6.81999048670E+001
-6.82588361255E+001
-6.81630782537E+001
-6.81622160714E+001
-6.82125574174E+001
-6.82161118699E+001
-6.82814890819E+001
-6.83018160620E+001
-6.83396322817E+001
-6.83410837680E+001
-6.83159626499E+001
-6.83027169415E+001
-6.82973825869E+001
-6.83593019648E+001
-6.83246014259E+001
-6.82982082221E+001
-6.83087322608E+001
-6.83174316086E+001
-6.83610371860E+001
-6.83854030762E+001
-6.83673162286E+001
-6.84356509842E+001
-6.84643283661E+001
-6.84429853634E+001
-6.84252455752E+001
-6.84511622056E+001
-6.85617876457E+001
-6.85571502949E+001
-6.85637141559E+001
-6.85441543004E+001
-6.85348385170E+001
-6.85887709074E+001
-6.84928148348E+001
-6.85596708430E+001
-6.85399377248E+001
-6.85709922741E+001
-6.85808041795E+001
-6.85170976521E+001
-6.85019196679E+001
-6.85830918267E+001
-6.85905031587E+001
-6.85759594072E+001
-6.85000534566E+001
-6.84398092328E+001
-6.83926319475E+001
-6.83044264158E+001
-6.82667932719E+001
-6.83362640642E+001
-6.83234602123E+001
-6.84577191011E+001
-6.85106647574E+001
-6.85263127414E+001
-6.86674963843E+001
-6.86769179347E+001
-6.87242630293E+001
-6.88194800433E+001
-6.88529715412E+001
-6.86929925742E+001
-6.87402845680E+001
-6.87275342706E+001
-6.86997402379E+001
-6.87135352188E+001
-6.87519763150E+001
-6.87774785568E+001
-6.87938823513E+001
-6.88439797582E+001
-6.88251512114E+001
-6.87979335465E+001
-6.88384710264E+001
-6.88337039850E+001
-6.88653179605E+001
-6.88111418952E+001
-6.88289590172E+001
-6.88498405326E+001
-6.88748803965E+001
-6.88321715615E+001
-6.87908595277E+001
-6.87860776132E+001
-6.88493574606E+001
-6.87790594015E+001
-6.87926120468E+001
-6.87474288721E+001
-6.87233468674E+001
-6.87377254316E+001
-6.87981971511E+001
-6.87806522425E+001
-6.87875360783E+001
-6.87325290125E+001
-6.86844148810E+001
-6.86915428305E+001
-6.87277808264E+001
-6.86824067527E+001
-6.86737212084E+001
-6.87246502311E+001
-6.88027209620E+001
-6.88648359759E+001
-6.89087437210E+001
-6.89281474780E+001
-6.88535829397E+001
-6.87700080295E+001
-6.88184986974E+001
-6.87930352796E+001
-6.88194340647E+001
-6.89680097071E+001
-6.89481286747E+001
-6.89361473042E+001
-6.89014548536E+001
-6.88885302223E+001
-6.88754308121E+001
-6.89120211927E+001
-6.89390015871E+001
-6.89202855290E+001
-6.89175726212E+001
-6.89099310859E+001
-6.89169868251E+001
-6.89314182260E+001
-6.88932435146E+001
-6.89273245565E+001
-6.89120509886E+001
-6.88212245314E+001
-6.87807043130E+001
-6.87747670463E+001
-6.87004544026E+001
-6.86805049921E+001
-6.86497847893E+001
-6.86631628843E+001
-6.85922270745E+001
-6.85750504396E+001
-6.85824219853E+001
-6.85726459135E+001
-6.85534994708E+001
-6.85965140588E+001
-6.87372761221E+001
-6.85869586130E+001
-6.85805796479E+001
-6.86845102909E+001
-6.87151241403E+001
-6.87344418958E+001
-6.87382888053E+001
-6.87488208931E+001
-6.87229227409E+001
-6.86167925215E+001
-6.85817407691E+001
-6.86781881052E+001
-6.86330521268E+001
-6.87093694104E+001
-6.87228676972E+001
-6.87126980505E+001
-6.86892161149E+001
-6.86780700447E+001
-6.86812975204E+001
-6.86326124845E+001
-6.86169903799E+001
-6.85467244314E+001
-6.85921315055E+001
-6.85094477858E+001
-6.84585585549E+001
-6.82964258633E+001
-6.83480070303E+001
-6.84495044306E+001
-6.85401949101E+001
-6.85233030778E+001
-6.85937772531E+001
-6.87004233695E+001
-6.87993159385E+001
-6.88267770153E+001
-6.88827824505E+001
-6.88371884895E+001
-6.88226787320E+001
-6.87993432986E+001
-6.87976110987E+001
-6.87931322383E+001
-6.87149379558E+001
-6.87088952356E+001
-6.87719898034E+001
-6.88152675380E+001
-6.87989739005E+001
-6.87328707547E+001
-6.86773036893E+001
-6.86872410588E+001
-6.88417662841E+001
-6.88706992979E+001
-6.88040692974E+001
-6.88783413066E+001
-6.88289273428E+001
-6.89549571827E+001
-6.89149760010E+001
-6.88975206880E+001
-6.89163290380E+001
-6.90278968167E+001
-6.89556060203E+001
-6.89952191483E+001
-6.89821843552E+001
-6.90375266202E+001
-6.90950307565E+001
-6.90964265832E+001
-6.90520585975E+001
-6.89994326438E+001
-6.88810077746E+001
-6.88276112903E+001
-6.86438977388E+001
-6.85737218444E+001
-6.85474224534E+001
-6.83634892243E+001
-6.83483437525E+001
-6.82989333069E+001
-6.81407141832E+001
-6.80864354436E+001
-6.80657648171E+001
-6.79936401637E+001
-6.79388676670E+001
-6.79458046854E+001
-6.78529871610E+001
-6.77482179350E+001
-6.77122302103E+001
-6.76397333034E+001
-6.75271769526E+001
-6.75230518676E+001
-6.75068125309E+001
-6.74244084823E+001
-6.73922676924E+001
-6.73363221921E+001
-6.72697800483E+001
-6.72289833265E+001
-6.72081809893E+001
-6.71626513236E+001
-6.71658343430E+001
-6.70537212537E+001
-6.69898099892E+001
-6.69096249311E+001
-6.69055965647E+001
-6.68168655858E+001
-6.67756219550E+001
-6.67379505181E+001
-6.66823320954E+001
-6.65856774343E+001
-6.65548106411E+001
-6.64793214248E+001
-6.64599487545E+001
-6.64552663602E+001
-6.64251178374E+001
-6.63684486633E+001
-6.63137899112E+001
-6.62596951181E+001
-6.61986282067E+001
-6.60873797529E+001
-6.60376447518E+001
-6.59527678140E+001
-6.59181663971E+001
-6.59328868451E+001
-6.58703279824E+001
-6.57283382410E+001
-6.56992706964E+001
-6.56244999525E+001
-6.54613097082E+001
-6.54072261034E+001
-6.53908069782E+001
-6.53880572516E+001
-6.53442651922E+001
-6.53308166454E+001
-6.52745202522E+001
-6.51993687767E+001
-6.51229583354E+001
-6.51090974774E+001
-6.50667383124E+001
-6.50450268114E+001
-6.49975097920E+001
-6.49376679207E+001
-6.48704851492E+001
-6.48874283084E+001
-6.48720604478E+001
-6.48824694588E+001
-6.48993843343E+001
-6.48948040496E+001
-6.48672144686E+001
-6.48302973604E+001
-6.47852895232E+001
-6.47318900912E+001
-6.48116121784E+001
-6.47535694097E+001
-6.47249239082E+001
-6.46799516401E+001
-6.45763000868E+001
-6.44359257705E+001
-6.44536273015E+001
-6.44290510803E+001
-6.43250516768E+001
-6.42373472992E+001
-6.40530969126E+001
-6.40279740424E+001
-6.39725614630E+001
-6.38823540694E+001
-6.38613370428E+001
-6.38094790225E+001
-6.36555329738E+001
-6.36256127923E+001
-6.34860071737E+001
-6.34185247149E+001
-6.34170096959E+001
-6.33767936740E+001
-6.33545510380E+001
-6.33327884836E+001
-6.32980253747E+001
-6.32221837215E+001
-6.31777935877E+001
-6.30838830251E+001
-6.30687644620E+001
-6.30090724963E+001
-6.30223361194E+001
-6.29251434337E+001
-6.27806435891E+001
-6.26882682915E+001
-6.27633058565E+001
-6.26669536513E+001
-6.25521360768E+001
-6.23984134950E+001
-6.23568087185E+001
-6.22548853523E+001
-6.22288780838E+001
-6.21868233823E+001
-6.21626928976E+001
-6.21503961845E+001
-6.21108657042E+001
-6.20757395848E+001
-6.20202601457E+001
-6.19467241703E+001
-6.18348362610E+001
-6.17833269791E+001
-6.17711268744E+001
-6.17601794083E+001
-6.17119159252E+001
-6.15025312745E+001
-6.14353067842E+001
-6.14007844347E+001
-6.13101954441E+001
-6.12773470314E+001
-6.11300720861E+001
-6.11196546859E+001
-6.10614319067E+001
-6.10370406680E+001
-6.08768099711E+001
-6.08857962810E+001
-6.07843069068E+001
-6.07690766022E+001
-6.07140666640E+001
-6.06624973656E+001
-6.06685130358E+001
-6.06660906602E+001
-6.06749800447E+001
-6.06817229997E+001
-6.06836820534E+001
-6.06636772973E+001
-6.06608056136E+001
-6.06890264625E+001
-6.06926189280E+001
-6.06699662932E+001
-6.06641295662E+001
-6.06585825169E+001
-6.06607347046E+001
-6.06865498309E+001
-6.06690366601E+001
-6.06675643930E+001
-6.06234789239E+001
-6.06379138381E+001
-6.06726346094E+001
-6.06706055259E+001
-6.07022614156E+001
-6.06949864299E+001
-6.06760631230E+001
-6.06526204119E+001
-6.06661008278E+001
-6.06898579437E+001
-6.06641187411E+001
-6.06598022524E+001
-6.07143763933E+001
-6.06825989501E+001
-6.06729893271E+001
-6.06481029729E+001
-6.06350088772E+001
-6.06399347436E+001
-6.06596092685E+001
-6.06300852693E+001
-6.06241497561E+001
-6.06269265863E+001
-6.06663792893E+001
-6.06820379008E+001
-6.06590106441E+001
-6.06555702043E+001
-6.06305489537E+001
-6.06345410646E+001
-6.06237140317E+001
-6.05910395072E+001
-6.06082224355E+001
-6.05983930104E+001
-6.05828559442E+001
-6.05369918175E+001
-6.05460007737E+001
-6.04965387207E+001
-6.05112212750E+001
-6.04989710312E+001
-6.05112850433E+001
-6.05046206583E+001
-6.05421033397E+001
-6.05145850735E+001
-6.05028407138E+001
-6.05393175112E+001
-6.05625771010E+001
-6.05518318787E+001
-6.05494108719E+001
-6.05637964113E+001
-6.06306122606E+001
-6.06542577160E+001
-6.06389915153E+001
-6.06325583996E+001
-6.05890292863E+001
-6.06156974803E+001
-6.06149672663E+001
-6.06069574214E+001
-6.06261686461E+001
-6.06358391369E+001
-6.05910211135E+001
-6.06002931266E+001
-6.05492081181E+001
-6.05282599739E+001
-6.05410335174E+001
-6.05372572124E+001
-6.05311505879E+001
-6.05050627266E+001
-6.04978102445E+001
-6.04103501117E+001
-6.04061009618E+001
-6.03830718438E+001
-6.03841516344E+001
-6.04115583456E+001
-6.04223760275E+001
-6.03975289769E+001
-6.03852764219E+001
-6.03841287279E+001
-6.04162934347E+001
-6.04483416485E+001
-6.04325615668E+001
-6.04287846766E+001
-6.04313274217E+001
-6.04543030932E+001
-6.04518276963E+001
-6.04916125748E+001
-6.04744607150E+001
-6.04963625341E+001
-6.05232018131E+001
-6.04925968568E+001
-6.05016262741E+001
-6.05352798448E+001
-6.05131550908E+001
-6.05272393445E+001
-6.05445161004E+001
-6.05582670644E+001
-6.05396522415E+001
-6.05253666827E+001
-6.05527689844E+001
-6.05639574609E+001
-6.05816039197E+001
-6.05634324235E+001
-6.05477410692E+001
-6.04223715435E+001
-6.04449986240E+001
-6.04051372022E+001
-6.04032959507E+001
-6.04294225575E+001
-6.04574358099E+001
-6.04501210933E+001
-6.04430891793E+001
-6.03915777677E+001
-6.03924286505E+001
-6.03950187011E+001
-6.03908389175E+001
-6.04127085993E+001
-6.04107376540E+001
-6.04047604273E+001
-6.04218324712E+001
-6.03806388439E+001
-6.03271014221E+001
-6.03075626186E+001
-6.02847719327E+001
-6.02911310756E+001
-6.03083411771E+001
-6.03184473287E+001
-6.03376502173E+001
-6.03733122417E+001
-6.03533461063E+001
-6.03519569780E+001
-6.03311440826E+001
-6.03635473520E+001
-6.03301884170E+001
-6.03220995980E+001
-6.02844733980E+001
-6.03015747694E+001
-6.02427235618E+001
-6.02240041045E+001
-6.02423256565E+001
-6.02251422131E+001
-6.02585840655E+001
-6.02981257895E+001
-6.03261881379E+001
-6.03516395668E+001
-6.03115374435E+001
-6.02906223783E+001
-6.03325775286E+001
-6.03175456488E+001
-6.03359562400E+001
-6.03398106120E+001
-6.03559610808E+001
-6.03260734966E+001
-6.03212566608E+001
-6.03326476535E+001
-6.03461655601E+001
-6.03283835709E+001
-6.03179198784E+001
-6.02672518019E+001
-6.02568103355E+001
-6.02599663621E+001
-6.02811239557E+001
-6.02979161607E+001
-6.02735877403E+001
-6.02661529921E+001
-6.02606339675E+001
-6.02036140146E+001
-6.01867412642E+001
-6.02171838760E+001
-6.02509438637E+001
-6.02986709107E+001
-6.03685504632E+001
-6.03588425295E+001
-6.03793041808E+001
-6.04008648218E+001
-6.04335723589E+001
-6.04325007570E+001
-6.04683463644E+001
-6.05025089812E+001
-6.05650970794E+001
-6.06166316931E+001
-6.06452050483E+001
-6.06675662298E+001
-6.06884339067E+001
-6.06695930037E+001
-6.06879038559E+001
-6.07561923621E+001
-6.07915441008E+001
-6.08043114558E+001
-6.09182234565E+001
-6.09850453355E+001
-6.10012514579E+001
-6.10309264479E+001
-6.10730888307E+001
-6.11188608126E+001
-6.11696772617E+001
-6.12139551827E+001
-6.12301927901E+001
-6.12376422565E+001
-6.12744257347E+001
-6.13376465770E+001
-6.13703459256E+001
-6.13272991186E+001
-6.13082069909E+001
-6.13380442662E+001
-6.13653358707E+001
-6.14348092821E+001
-6.14623610636E+001
-6.15124098842E+001
-6.16241122626E+001
-6.16738068671E+001
-6.17872655379E+001
-6.19010279537E+001
-6.19501147145E+001
-6.19696065795E+001
-6.20621496120E+001
-6.21261531634E+001
-6.21213952914E+001
-6.21928762866E+001
-6.22348447872E+001
-6.22935007494E+001
-6.23607310751E+001
-6.24566398561E+001
-6.25419317997E+001
-6.25610716752E+001
-6.26124447004E+001
-6.26438128641E+001
-6.27266180043E+001
-6.27628609448E+001
-6.28439279750E+001
-6.28556750681E+001
-6.28835670034E+001
-6.29525689116E+001
-6.29800755685E+001
-6.30037721741E+001
-6.30198975449E+001
-6.30774708671E+001
-6.30614509687E+001
-6.30775995128E+001
-6.30840210942E+001
-6.30894524356E+001
-6.31126098707E+001
-6.31306045308E+001
-6.31584475271E+001
-6.32245958214E+001
-6.32335940181E+001
-6.32500330929E+001
-6.32870088814E+001
-6.33262092389E+001
-6.34886114566E+001
-6.35997501191E+001
-6.36529214793E+001
-6.37082515352E+001
-6.37354053623E+001
-6.37840006728E+001
-6.37943061952E+001
-6.38018791808E+001
-6.38571772086E+001
-6.38616493026E+001
-6.38866460063E+001
-6.38887541236E+001
-6.39262748653E+001
-6.39629660513E+001
-6.40655916302E+001
-6.40600512242E+001
-6.40806549274E+001
-6.41139123664E+001
-6.41174905634E+001
-6.41727530672E+001
-6.42245971139E+001
-6.42440540886E+001
-6.42794160470E+001
-6.44324663776E+001
-6.45137412966E+001
-6.47374761359E+001
-6.47597951034E+001
-6.47724388658E+001
-6.48300828678E+001
-6.48293787312E+001
-6.48173393234E+001
-6.49379884572E+001
-6.49847058462E+001
-6.49890200584E+001
-6.50045057380E+001
-6.50476370845E+001
-6.50881508212E+001
-6.51035905468E+001
-6.51540520719E+001
-6.51930277573E+001
-6.52048345063E+001
-6.52052868198E+001
-6.52919297940E+001
-6.52755740020E+001
-6.52929904402E+001
-6.52993356528E+001
-6.53568163926E+001
-6.53789496017E+001
-6.54192774006E+001
-6.54239579011E+001
-6.54915031570E+001
-6.55317740969E+001
-6.55440632663E+001
-6.55678642128E+001
-6.56270296018E+001
-6.56378377865E+001
-6.56713408779E+001
-6.57026465136E+001
-6.57159984071E+001
-6.58049421459E+001
-6.58494733091E+001
-6.59261317403E+001
-6.59754098408E+001
-6.60210902759E+001
-6.60769678576E+001
-6.61110714039E+001
-6.62755737546E+001
-6.63338406094E+001
-6.63606853696E+001
-6.64112315687E+001
-6.64145117944E+001
-6.65591425264E+001
-6.65559641571E+001
-6.65304872071E+001
-6.65721584685E+001
-6.65793719848E+001
-6.65671757812E+001
-6.66434933241E+001
-6.66296071055E+001
-6.66027009489E+001
-6.65918874228E+001
-6.66083748928E+001
-6.65647022999E+001
-6.65860762767E+001
-6.66621123122E+001
-6.67197557670E+001
-6.68065204115E+001
-6.68261178888E+001
-6.67954021493E+001
-6.68272391727E+001
-6.68186845367E+001
-6.67514222441E+001
-6.67286872588E+001
-6.67563921580E+001
-6.67276017113E+001
-6.68149836180E+001
-6.68239574576E+001
-6.68341564892E+001
-6.68264383286E+001
-6.67761214324E+001
-6.67953867594E+001
-6.68154492852E+001
-6.68257506934E+001
-6.68237243027E+001
-6.67916908824E+001
-6.68324498450E+001
-6.68581457140E+001
-6.68482895239E+001
-6.68145516292E+001
-6.68083628756E+001
-6.67829133918E+001
-6.66925413037E+001
-6.66443556496E+001
-6.65272273736E+001
-6.64953415465E+001
-6.64725249615E+001
-6.64831016487E+001
-6.64310112150E+001
-6.63739203033E+001
-6.64668526027E+001
-6.64365933555E+001
-6.64245847546E+001
-6.64117108384E+001
-6.64370598092E+001
-6.63894500149E+001
-6.63412297925E+001
-6.63574782082E+001
-6.63279498757E+001
-6.63177714321E+001
-6.62858199676E+001
-6.64250574495E+001
-6.63489314677E+001
-6.63071572452E+001
-6.63028732338E+001
-6.62761881971E+001
-6.62933723665E+001
-6.63219419234E+001
-6.63960423808E+001
-6.63472971058E+001
-6.63567105177E+001
-6.63405963584E+001
-6.63732791159E+001
-6.64159934510E+001
-6.64194412056E+001
-6.63933959562E+001
-6.64040379532E+001
-6.63626512485E+001
-6.63959221355E+001
-6.64041049513E+001
-6.64105515186E+001
-6.64077173177E+001
-6.63332941763E+001
-6.62392035874E+001
-6.62378704039E+001
-6.61988401150E+001
-6.63139644782E+001
-6.62474138116E+001
-6.62430842031E+001
-6.62551630707E+001
-6.63392247437E+001
-6.63825976876E+001
-6.63489084310E+001
-6.63624450390E+001
-6.64099816868E+001
-6.64663928370E+001
-6.64946614040E+001
-6.65146984672E+001
-6.65203963757E+001
-6.65000829943E+001
-6.65800269545E+001
-6.65445439319E+001
-6.65328138892E+001
-6.65464497933E+001
-6.65562955462E+001
-6.64230676534E+001
-6.64276291999E+001
-6.63242246075E+001
-6.63266268120E+001
-6.63916518170E+001
-6.64081673656E+001
-6.64297118422E+001
-6.64301997897E+001
-6.64101908367E+001
-6.63877653610E+001
-6.63924399297E+001
-6.64393807488E+001
-6.64154196865E+001
-6.64948604892E+001
-6.65095966472E+001
-6.65150820211E+001
-6.66233273112E+001
-6.66562986601E+001
-6.66781083043E+001
-6.66347306594E+001
-6.66611986557E+001
-6.66678256990E+001
-6.66932861329E+001
-6.66491262977E+001
-6.66523152915E+001
-6.66637713196E+001
-6.66746960145E+001
-6.66423439027E+001
-6.66087581664E+001
-6.66761026198E+001
-6.66476251428E+001
-6.67426659087E+001
-6.67183599596E+001
-6.67597638819E+001
-6.67792338409E+001
-6.67730875600E+001
-6.67250505581E+001
-6.67575322203E+001
-6.67211875482E+001
-6.67081702960E+001
-6.67180200513E+001
-6.66519653852E+001
-6.66479979476E+001
-6.64998284884E+001
-6.65189036411E+001
-6.65182541435E+001
-6.65210931463E+001
-6.65496691304E+001
-6.64220552596E+001
-6.64365334456E+001
-6.64228786268E+001
-6.64128876512E+001
-6.64060148520E+001
-6.64680770031E+001
-6.63763126787E+001
-6.63867235594E+001
-6.64417627238E+001
-6.64531304807E+001
-6.63850683586E+001
-6.64027105398E+001
-6.63713023339E+001
-6.63557246533E+001
-6.63059112227E+001
-6.62849037983E+001
-6.62950454085E+001
-6.63103957693E+001
-6.62688667418E+001
-6.63979451803E+001
-6.64518657686E+001
-6.64159916199E+001
-6.64177388599E+001
-6.64105914153E+001
-6.63315684985E+001
-6.62983539081E+001
-6.63103079829E+001
-6.63026581058E+001
-6.62929499371E+001
-6.62655417555E+001
-6.62094867524E+001
-6.61846783434E+001
-6.62021485055E+001
-6.62674587803E+001
-6.62208466374E+001
-6.62593299545E+001
-6.63244760990E+001
-6.63580953770E+001
-6.63581368803E+001
-6.63501974310E+001
-6.63736108041E+001
-6.65404041466E+001
-6.65773859980E+001
-6.65546119478E+001
-6.65633952343E+001
-6.65875704788E+001
-6.65674045461E+001
-6.65718106435E+001
-6.64956893680E+001
-6.65024522751E+001
-6.65195226007E+001
-6.65162249880E+001
-6.64175169247E+001
-6.63708596923E+001
-6.63862846524E+001
-6.63943391951E+001
-6.64058940238E+001
-6.64649187839E+001
-6.64301376694E+001
-6.62876139397E+001
-6.62881944494E+001
-6.63387771689E+001
-6.63276042913E+001
-6.63001146253E+001
-6.63389272717E+001
-6.62817095464E+001
-6.61813448352E+001
-6.62045265428E+001
-6.62460279479E+001
-6.62947605180E+001
-6.63008800726E+001
-6.62819916569E+001
-6.62791386576E+001
-6.63032871295E+001
-6.62865879435E+001
-6.63191569524E+001
-6.62727109001E+001
-6.62608074087E+001
-6.62726307162E+001
-6.62837131828E+001
-6.62603467800E+001
-6.62337448105E+001
-6.61610595433E+001
-6.61710962658E+001
-6.60684462977E+001
-6.61304323877E+001
-6.61346654119E+001
-6.61702028137E+001
-6.60657262294E+001
-6.60862688456E+001
-6.60786495136E+001
-6.60772916854E+001
-6.60245238513E+001
-6.60020764533E+001
-6.59027426968E+001
-6.58952222739E+001
-6.58934607482E+001
-6.59460636848E+001
-6.58476369441E+001
-6.58552050829E+001
-6.58609526636E+001
-6.58591367849E+001
-6.58412764732E+001
-6.59016494162E+001
-6.58628606112E+001
-6.57804592950E+001
-6.57695930644E+001
-6.57033405789E+001
-6.57043714788E+001
-6.57048176499E+001
-6.57055695600E+001
-6.56199363329E+001
-6.56428344249E+001
-6.56437547779E+001
-6.56260604488E+001
-6.56583179200E+001
-6.55872585344E+001
-6.55787079428E+001
-6.55585757779E+001
-6.54360534872E+001
-6.54569242730E+001
-6.54316639201E+001
-6.54381047738E+001
-6.54672742744E+001
-6.54768369844E+001
-6.54517059458E+001
-6.54709588317E+001
-6.54807182143E+001
-6.55614897728E+001
-6.55837263904E+001
-6.55705366953E+001
-6.55934260283E+001
-6.55290003082E+001
-6.55087707254E+001
-6.54868048899E+001
-6.55363791004E+001
-6.54967366069E+001
-6.54847383728E+001
-6.54837910930E+001
-6.54610598978E+001
-6.54423323660E+001
-6.55585191614E+001
-6.55301054951E+001
-6.55034953985E+001
-6.55333974888E+001
-6.55387690335E+001
-6.56015987783E+001
-6.55538261504E+001
-6.55325078573E+001
-6.55030331537E+001
-6.54542941124E+001
-6.54045983082E+001
-6.53876455642E+001
-6.53788243050E+001
-6.53902501980E+001
-6.54306364072E+001
-6.54084024291E+001
-6.54116676802E+001
-6.54161911019E+001
-6.53603105418E+001
-6.53952640945E+001
-6.54409914216E+001
-6.54589846495E+001
-6.54625436508E+001
-6.53714784815E+001
-6.53693155490E+001
-6.53353278724E+001
-6.53366036604E+001
-6.52896448685E+001
-6.53297937316E+001
-6.52431372816E+001
-6.51826874958E+001
-6.51795532417E+001
-6.51597717398E+001
-6.51625315189E+001
-6.51871068606E+001
-6.51630564688E+001
-6.51333760008E+001
-6.51574764842E+001
-6.52004720411E+001
-6.51961224079E+001
-6.52527924200E+001
-6.52326616750E+001
-6.51938266810E+001
-6.51201229538E+001
-6.51412762744E+001
-6.51229881461E+001
-6.51128994336E+001
-6.51159538297E+001
-6.51048886007E+001
-6.51034751480E+001
-6.51695480669E+001
-6.50208581660E+001
-6.50246344020E+001
-6.50229486782E+001
-6.49964757217E+001
-6.49633443938E+001
-6.49514208219E+001
-6.50765713435E+001
-6.50754359913E+001
-6.51190767316E+001
-6.51248813454E+001
-6.51108754303E+001
-6.51699456163E+001
-6.51636219872E+001
-6.51748440805E+001
-6.51980829189E+001
-6.52034574593E+001
-6.51290557950E+001
-6.51341091910E+001
-6.51409010735E+001
-6.51726254526E+001
-6.51538947762E+001
-6.51582610654E+001
-6.51725646118E+001
-6.51494561169E+001
-6.51894669909E+001
-6.51989335015E+001
-6.51756232572E+001
-6.51247283681E+001
-6.50730729124E+001
-6.50347524617E+001
-6.50174409284E+001
-6.50157316613E+001
-6.49960125596E+001
-6.50033653417E+001
-6.50019212375E+001
-6.51716431864E+001
-6.51697705252E+001
-6.51323961844E+001
-6.51298930706E+001
-6.50615440278E+001
-6.50650997427E+001
-6.50856760524E+001
-6.51100463168E+001
-6.50821212798E+001
-6.50303334708E+001
-6.50765964237E+001
-6.50403644925E+001
-6.50543809094E+001
-6.50899928470E+001
-6.51180536838E+001
-6.50896137560E+001
-6.50629111695E+001
-6.50126030366E+001
-6.50581636292E+001
-6.51098096115E+001
-6.51084979756E+001
-6.50937526026E+001
-6.51288471783E+001
-6.50903698705E+001
-6.50863468820E+001
-6.50749081597E+001
-6.50205162953E+001
-6.49979765704E+001
-6.49987991645E+001
-6.50121267127E+001
-6.50472599538E+001
-6.50674163562E+001
-6.50055244534E+001
-6.49841435358E+001
-6.50023353954E+001
-6.50118989636E+001
-6.49990424269E+001
-6.50100116835E+001
-6.49655864690E+001
-6.49537795145E+001
-6.49187866635E+001
-6.49026924716E+001
-6.48581054353E+001
-6.49015248162E+001
-6.48468406571E+001
-6.48398454893E+001
-6.48222783832E+001
-6.47895073472E+001
-6.47515694127E+001
-6.47243058979E+001
-6.47238674042E+001
-6.48445313709E+001
-6.47411058688E+001
-6.46888474168E+001
-6.46856993852E+001
-6.46953277325E+001
-6.47332165955E+001
-6.48062185277E+001
-6.47775254378E+001
-6.48035839096E+001
-6.47969797980E+001
-6.47701472708E+001
-6.47989305801E+001
-6.48840146133E+001
-6.48653982386E+001
-6.47373531323E+001
-6.47324813812E+001
-6.47669791591E+001
-6.47590257349E+001
-6.47321006961E+001
-6.47015670862E+001
-6.47771180402E+001
-6.48418742612E+001
-6.48868078489E+001
-6.49028558131E+001
-6.48852748959E+001
-6.48967650170E+001
-6.48930672342E+001
-6.48900202660E+001
-6.48805455577E+001
-6.48731376123E+001
-6.49124120247E+001
-6.49148775794E+001
-6.49458371631E+001
-6.49123635031E+001
-6.48951973692E+001
-6.48665027213E+001
-6.48676755132E+001
-6.49072575433E+001
-6.49173848823E+001
-6.49492718371E+001
-6.49330565839E+001
-6.49840733458E+001
-6.50218368917E+001
-6.50588529104E+001
-6.50891600420E+001
-6.51207757237E+001
-6.51501631896E+001
-6.51499332387E+001
-6.51851600044E+001
-6.52103817787E+001
-6.52279217959E+001
-6.53388202663E+001
-6.53153122734E+001
-6.53126593144E+001
-6.52500470365E+001
-6.52724077902E+001
-6.53256906895E+001
-6.53303335377E+001
-6.53389619119E+001
-6.52922032302E+001
-6.52513144591E+001
-6.52660333095E+001
-6.52722756899E+001
-6.53152479013E+001
-6.52335753075E+001
-6.52633581047E+001
-6.52477504955E+001
-6.52426741914E+001
-6.52319498478E+001
-6.52423138317E+001
-6.52386295647E+001
-6.51173875568E+001
-6.50858638587E+001
-6.50614364097E+001
-6.50612644753E+001
-6.50625082048E+001
-6.50080724007E+001
-6.50141469622E+001
-6.49764335526E+001
-6.49224967012E+001
-6.49147843208E+001
-6.49244602629E+001
-6.49202293532E+001
-6.49173998467E+001
-6.48803069815E+001
-6.48524890366E+001
-6.48366788235E+001
-6.48098730890E+001
-6.47698381308E+001
-6.47814061720E+001
-6.47725974822E+001
-6.48085848203E+001
-6.47921231488E+001
-6.48180077125E+001
-6.48001542909E+001
-6.47801064200E+001
-6.47605848763E+001
-6.47244532305E+001
-6.46725316157E+001
-6.46527038687E+001
-6.44960176791E+001
-6.44856282116E+001
-6.44464007338E+001
-6.44530207536E+001
-6.44996755263E+001
-6.44998844340E+001
-6.44860113232E+001
-6.44274754669E+001
-6.44050243969E+001
-6.44077930667E+001
-6.43858267296E+001
-6.43484204133E+001
-6.43231125438E+001
-6.42030365649E+001
-6.43023566239E+001
-6.42929852861E+001
-6.43347435539E+001
-6.43415309003E+001
-6.43022955626E+001
-6.42406582350E+001
-6.42159423822E+001
-6.41882906499E+001
-6.41948946700E+001
-6.42072073048E+001
-6.42191548864E+001
-6.42419763843E+001
-6.42894557415E+001
-6.42373311396E+001
-6.41968959190E+001
-6.41605629366E+001
-6.41213520756E+001
-6.41271411719E+001
-6.41108031416E+001
-6.41045021073E+001
-6.41640393380E+001
-6.41310108536E+001
-6.41200801626E+001
-6.41221806214E+001
-6.41498273931E+001
-6.41390695468E+001
-6.41717346127E+001
-6.42854623016E+001
-6.42830964161E+001
-6.43048291150E+001
-6.43124594160E+001
-6.43925282968E+001
-6.43918002358E+001
-6.43801981120E+001
-6.43777811191E+001
-6.44273368393E+001
-6.44201853313E+001
-6.43797153367E+001
-6.43855597583E+001
-6.44575913856E+001
-6.44298527716E+001
-6.43903629499E+001
-6.43213209663E+001
-6.42519491435E+001
-6.41908064589E+001
-6.41338803110E+001
-6.41044116282E+001
-6.40891602768E+001
-6.40665775420E+001
-6.39714749703E+001
-6.39590503794E+001
-6.39754106536E+001
-6.40643512132E+001
-6.40080531602E+001
-6.39967057599E+001
-6.40228762916E+001
-6.39753894084E+001
-6.39152154931E+001
-6.38704916154E+001
-6.38437581283E+001
-6.38653166114E+001
-6.38585399312E+001
-6.38443209682E+001
-6.38523155561E+001
-6.38276996062E+001
-6.37665692898E+001
-6.37475912700E+001
-6.36790109191E+001
-6.36392977603E+001
-6.35788918922E+001
-6.35985577608E+001
-6.36156752996E+001
-6.36442881393E+001
-6.36394767661E+001
-6.36082387126E+001
-6.36267238337E+001
-6.36577284479E+001
-6.36437739422E+001
-6.36107246175E+001
-6.35782637387E+001
-6.34961121505E+001
-6.34859258810E+001
-6.34852983463E+001
-6.34452227893E+001
-6.34604723451E+001
-6.33738750436E+001
-6.33892398591E+001
-6.33552119972E+001
-6.32144662215E+001
-6.32187432787E+001
-6.32352290266E+001
-6.32637674663E+001
-6.32318151921E+001
-6.32117410694E+001
-6.32412439481E+001
-6.32820342006E+001
-6.32989172981E+001
-6.32680122499E+001
-6.32035371525E+001
-6.31994203647E+001
-6.32006654754E+001
-6.31700803908E+001
-6.31812441346E+001
-6.31611933113E+001
-6.31233211850E+001
-6.31515389411E+001
-6.31294928155E+001
-6.30992795702E+001
-6.30842552866E+001
-6.31393276974E+001
-6.31082762406E+001
-6.30814236844E+001
-6.30493236014E+001
-6.30565025575E+001
-6.30554690434E+001
-6.30651640090E+001
-6.30975919537E+001
-6.30645151873E+001
-6.30413488416E+001
-6.30278962604E+001
-6.30623868363E+001
-6.30804601575E+001
-6.30700418221E+001
-6.30696797038E+001
-6.30947379605E+001
-6.31008900669E+001
-6.30948767339E+001
-6.30904420508E+001
-6.30746396298E+001
-6.30893926061E+001
-6.31055573215E+001
-6.31512071527E+001
-6.32377637619E+001
-6.32570493789E+001
-6.33029242439E+001
-6.32951168057E+001
-6.32617315502E+001
-6.32289999869E+001
-6.32004989766E+001
-6.32438174562E+001
-6.32086625238E+001
-6.32306606627E+001
-6.32644737051E+001
-6.32610122493E+001
-6.32910223870E+001
-6.33570566516E+001
-6.33568679328E+001
-6.33169559853E+001
-6.33081248613E+001
-6.33229065015E+001
-6.33383705726E+001
-6.32051657842E+001
-6.32204391783E+001
-6.32030273753E+001
-6.31982307297E+001
-6.31871960332E+001
-6.31923891187E+001
-6.31654365030E+001
-6.31499868668E+001
-6.31983113500E+001
-6.32004652436E+001
-6.32141448301E+001
-6.31902942314E+001
-6.32221660321E+001
-6.32614628131E+001
-6.32746489495E+001
-6.32878713961E+001
-6.32872751052E+001
-6.32652998579E+001
-6.32759006721E+001
-6.32734619824E+001
-6.32162196616E+001
-6.32456488063E+001
-6.33552000343E+001
-6.33257692302E+001
-6.32708226783E+001
-6.32694060263E+001
-6.32199361822E+001
-6.31270670566E+001
-6.31356686409E+001
-6.31035453666E+001
-6.32004976109E+001
-6.30912678459E+001
-6.30606185974E+001
-6.30452422413E+001
-6.30701452911E+001
-6.30687193250E+001
-6.30684181328E+001
-6.30274463074E+001
-6.30105075240E+001
-6.29437678494E+001
-6.30089534331E+001
-6.29968742440E+001
-6.30375948933E+001
-6.30221519070E+001
-6.30247692546E+001
-6.30496466518E+001
-6.30653826388E+001
-6.30421944080E+001
-6.30360158551E+001
-6.30951992150E+001
-6.30889241694E+001
-6.30706143011E+001
-6.29872518005E+001
-6.29854349162E+001
-6.29624284503E+001
-6.29408373630E+001
-6.29592004437E+001
-6.29291881967E+001
-6.29457744214E+001
-6.29352353580E+001
-6.29236791270E+001
-6.29379998855E+001
-6.29472021582E+001
-6.29445907925E+001
-6.29369811761E+001
-6.29588238020E+001
-6.29539877049E+001
-6.29711966207E+001
-6.30009399706E+001
-6.30275181250E+001
-6.29976958567E+001
-6.29580065382E+001
-6.29225623327E+001
-6.29414737372E+001
-6.29365534762E+001
-6.29562301134E+001
-6.28742659228E+001
-6.28639966196E+001
-6.28343186076E+001
-6.28120793628E+001
-6.28490230741E+001
-6.28372530889E+001
-6.27977453611E+001
-6.27999484365E+001
-6.27951859778E+001
-6.27954522748E+001
-6.27804558072E+001
-6.27911903101E+001
-6.27875401007E+001
-6.28515077608E+001
-6.28554421783E+001
-6.28380825390E+001
-6.28322473465E+001
-6.28232095810E+001
-6.28131810978E+001
-6.27606002688E+001
-6.27104314101E+001
-6.27283877131E+001
-6.27272510032E+001
-6.27302286413E+001
-6.26675697754E+001
-6.26845876646E+001
-6.26652957366E+001
-6.26684334490E+001
-6.26874132120E+001
-6.26937022287E+001
-6.27118826878E+001
-6.27076125924E+001
-6.27486148936E+001
-6.26977995671E+001
-6.27182309672E+001
-6.27735645497E+001
-6.28288081302E+001
-6.28014764769E+001
-6.27991476689E+001
-6.27963669378E+001
-6.27608218196E+001
-6.27683735657E+001
-6.27803366483E+001
-6.27679639462E+001
-6.27365392842E+001
-6.27122955681E+001
-6.27298296852E+001
-6.27311166412E+001
-6.27429397574E+001
-6.27185980973E+001
-6.27011730841E+001
-6.27157975444E+001
-6.27256734199E+001
-6.27132659161E+001
-6.26793574975E+001
-6.26828678275E+001
-6.26204356462E+001
-6.26122017962E+001
-6.26326480493E+001
-6.26483748025E+001
-6.26790396532E+001
-6.27472590142E+001
-6.27817835339E+001
-6.27504610666E+001
-6.28263573265E+001
-6.27923071329E+001
-6.27630799058E+001
-6.27577339719E+001
-6.27315774194E+001
-6.27036881030E+001
-6.27628503544E+001
-6.27715918245E+001
-6.27859818896E+001
-6.27763015222E+001
-6.27659265616E+001
-6.27596807347E+001
-6.27349386408E+001
-6.27122814129E+001
-6.27050684298E+001
-6.26936366023E+001
-6.26704947447E+001
-6.27321179908E+001
-6.27821796002E+001
-6.27188351877E+001
-6.27855152438E+001
-6.27442108755E+001
-6.27380288794E+001
-6.27219093276E+001
-6.27948293591E+001
-6.28333766584E+001
-6.29103581244E+001
-6.30658991437E+001
-6.30970826944E+001
-6.30925524172E+001
-6.30926790217E+001
-6.31453442525E+001
-6.31848328641E+001
-6.30783421535E+001
-6.31341347951E+001
-6.32706242325E+001
-6.32807583375E+001
-6.33460359645E+001
-6.33464791047E+001
-6.33432065121E+001
-6.33895028900E+001
-6.33332491168E+001
-6.33622677453E+001
-6.33848435478E+001
-6.34171892688E+001
-6.33982032983E+001
-6.33825378963E+001
-6.33559788432E+001
-6.33516464897E+001
-6.33404360068E+001
-6.33528703108E+001
-6.33411192382E+001
-6.34699618485E+001
-6.34700075110E+001
-6.34845068591E+001
-6.34700997836E+001
-6.34741746424E+001
-6.35134579493E+001
-6.35866050008E+001
-6.36107622215E+001
-6.36339384925E+001
-6.36617731297E+001
-6.36714360428E+001
-6.36529264223E+001
-6.36420506101E+001
-6.37418030370E+001
-6.37212532967E+001
-6.37375460026E+001
-6.37419965749E+001
-6.37346904407E+001
-6.37353824119E+001
-6.37491097357E+001
-6.37482683619E+001
-6.37297168322E+001
-6.37733809643E+001
-6.38558325997E+001
-6.38472766789E+001
-6.38710363088E+001
-6.39162123354E+001
-6.39763711940E+001
-6.40042311209E+001
-6.39958824513E+001
-6.40241412840E+001
-6.40360667378E+001
-6.40381155781E+001
-6.40587084069E+001
-6.40393742646E+001
-6.40757532390E+001
-6.40862471555E+001
-6.41301817606E+001
-6.41555778481E+001
-6.42725302755E+001
-6.42629458770E+001
-6.42754189412E+001
-6.42761052839E+001
-6.42891870115E+001
-6.42735107383E+001
-6.42448911709E+001
-6.42779882957E+001
-6.43099206741E+001
-6.42611307919E+001
-6.42640509845E+001
-6.43064010501E+001
-6.42737489492E+001
-6.42676963497E+001
-6.42420289033E+001
-6.42562685895E+001
-6.42988145289E+001
-6.42870375657E+001
-6.43055460552E+001
-6.43017155829E+001
-6.44047216598E+001
-6.44049979660E+001
-6.43527654644E+001
-6.43286316125E+001
-6.44001224224E+001
-6.43817373318E+001
-6.43951428292E+001
-6.44060219926E+001
-6.43988553244E+001
-6.44025627167E+001
-6.44186349299E+001
-6.43693740064E+001
-6.43788297672E+001
-6.43944504119E+001
-6.44293197493E+001
-6.44735882425E+001
-6.44790201083E+001
-6.44763288278E+001
-6.44806786286E+001
-6.45250933170E+001
-6.45211384623E+001
-6.45424585788E+001
-6.45804799018E+001
-6.46087604825E+001
-6.45998358536E+001
-6.46091355143E+001
-6.46178516005E+001
-6.46462283150E+001
-6.46040497719E+001
-6.46035532546E+001
-6.46305743243E+001
-6.46104981815E+001
-6.46206167442E+001
-6.46631691970E+001
-6.47013042337E+001
-6.47609248654E+001
-6.47751569191E+001
-6.47480263839E+001
-6.47309886095E+001
-6.48324318061E+001
-6.47781169450E+001
-6.47863481734E+001
-6.48081001253E+001
-6.49073415164E+001
-6.49682560840E+001
-6.49643635883E+001
-6.49132622975E+001
-6.49415556228E+001
-6.49735906025E+001
-6.49781097632E+001
-6.50180949452E+001
-6.50509984330E+001
-6.51622482624E+001
-6.52623133570E+001
-6.52820928798E+001
-6.53776710174E+001
-6.53984600221E+001
-6.53681417690E+001
-6.53389579460E+001
-6.53833299032E+001
-6.53636382623E+001
-6.53721182033E+001
-6.54357052722E+001
-6.54425953283E+001
-6.53688826255E+001
-6.54374221352E+001
-6.53611286070E+001
-6.52227544062E+001
-6.51895356290E+001
-6.51971421322E+001
-6.52708066525E+001
-6.52239550723E+001
-6.52758054368E+001
-6.53237236671E+001
-6.52985816077E+001
-6.51890401240E+001
-6.51942445924E+001
-6.52670209124E+001
-6.52596942524E+001
-6.53214972612E+001
-6.52452609991E+001
-6.52529384722E+001
-6.52947409380E+001
-6.53704090389E+001
-6.54081863845E+001
-6.54111153201E+001
-6.54278503357E+001
-6.55034355462E+001
-6.56604235318E+001
-6.56897176527E+001
-6.56988701319E+001
-6.56610099041E+001
-6.55608347280E+001
-6.55702422913E+001
-6.55819121020E+001
-6.56508444441E+001
-6.56381415075E+001
-6.56735864064E+001
-6.56721233142E+001
-6.56655558368E+001
-6.56207301104E+001
-6.56580639404E+001
-6.56846421241E+001
-6.57642545005E+001
-6.58449940299E+001
-6.57419556616E+001
-6.58656192537E+001
-6.59039671340E+001
-6.58918157865E+001
-6.59983891787E+001
-6.60230736097E+001
-6.59644842211E+001
-6.59499442360E+001
-6.60299103771E+001
-6.60320881362E+001
-6.59334253883E+001
-6.59252651881E+001
-6.59224637544E+001
-6.58636057047E+001
-6.58178290281E+001
-6.58049538903E+001
-6.58303554730E+001
-6.58029848261E+001
-6.58429754997E+001
-6.58006055076E+001
-6.58662763980E+001
-6.58360771980E+001
-6.58097258976E+001
-6.58266218097E+001
-6.58190718569E+001
-6.58054574578E+001
-6.56848498398E+001
-6.57507160985E+001
-6.57738300598E+001
-6.58470999891E+001
-6.58523732549E+001
-6.58859517047E+001
-6.59251771210E+001
-6.58861033879E+001
-6.58726771911E+001
-6.58925950904E+001
-6.58889954347E+001
-6.58564330577E+001
-6.59137308454E+001
-6.59693855215E+001
-6.60583949978E+001
-6.60589227294E+001
-6.60729249459E+001
-6.61111790521E+001
-6.61352766311E+001
-6.61079290846E+001
-6.60558418859E+001
-6.60956986701E+001
-6.61033367186E+001
-6.61268824588E+001
-6.60703200888E+001
-6.60678151244E+001
-6.60582584663E+001
-6.60863303294E+001
-6.61038210967E+001
-6.61627519523E+001
-6.61099159132E+001
-6.60961928164E+001
-6.60580236184E+001
-6.61727782231E+001
-6.61598855808E+001
-6.61176804644E+001
-6.61082614701E+001
-6.61377980852E+001
-6.61012714477E+001
-6.61002599355E+001
-6.61428908501E+001
-6.62236275496E+001
-6.61600306025E+001
-6.62306660899E+001
-6.62372056647E+001
-6.62456056097E+001
-6.62439298975E+001
-6.62016850991E+001
-6.62156719906E+001
-6.62776925488E+001
-6.62815327990E+001
-6.63207166838E+001
-6.63288144331E+001
-6.62865748019E+001
-6.62060124504E+001
-6.61977836901E+001
-6.62178352577E+001
-6.61925923313E+001
-6.62271701335E+001
-6.61596540156E+001
-6.61698293848E+001
-6.61789168314E+001
-6.61648274192E+001
-6.60922254581E+001
-6.60402373089E+001
-6.60314311247E+001
-6.60259987732E+001
-6.60618336428E+001
-6.60795423305E+001
-6.62378032911E+001
-6.62601283669E+001
-6.62628617550E+001
-6.62649437417E+001
-6.62005424552E+001
-6.62209162221E+001
-6.61567260286E+001
-6.61571426369E+001
-6.61695439053E+001
-6.61938185604E+001
-6.62327181388E+001
-6.61795886792E+001
-6.61658012342E+001
-6.61061934053E+001
-6.60637380758E+001
-6.60488613628E+001
-6.60370915722E+001
-6.60577557244E+001
-6.61671224160E+001
-6.62069560859E+001
-6.62351386378E+001
-6.61726235021E+001
-6.61551981268E+001
-6.60514528874E+001
-6.60221783053E+001
-6.60466360563E+001
-6.60369735145E+001
-6.60368350863E+001
-6.59338412416E+001
-6.60234599290E+001
-6.59811169789E+001
-6.60225901713E+001
-6.60465461354E+001
-6.60528607073E+001
-6.60009950302E+001
-6.59347691367E+001
-6.59337010931E+001
-6.59068259387E+001
-6.58553683723E+001
-6.56332836064E+001
-6.56267120233E+001
-6.56039484454E+001
-6.56496806553E+001
-6.56297804633E+001
-6.56074839189E+001
-6.55700080784E+001
-6.55273375379E+001
-6.55559787591E+001
-6.54981521122E+001
-6.54840558909E+001
-6.55320400427E+001
-6.54810841909E+001
-6.54694755319E+001
-6.54657430379E+001
-6.54308168414E+001
-6.54617414377E+001
-6.54579103000E+001
-6.53756166345E+001
-6.53135882591E+001
-6.53284803398E+001
-6.52200796845E+001
-6.52110088650E+001
-6.52803525787E+001
-6.52861953048E+001
-6.51793898375E+001
-6.51502735862E+001
-6.51575538946E+001
-6.51893768294E+001
-6.51653676246E+001
-6.51559546611E+001
-6.51193890680E+001
-6.51151158244E+001
-6.51102560608E+001
-6.51221548644E+001
-6.50891992041E+001
-6.51325586286E+001
-6.50891923232E+001
-6.51675220387E+001
-6.52064970073E+001
-6.52930882770E+001
-6.52668369364E+001
-6.52448758145E+001
-6.52106598705E+001
-6.51544021635E+001
-6.51655568513E+001
-6.50914300801E+001
-6.50394096940E+001
-6.50144288743E+001
-6.50218888105E+001
-6.50149320463E+001
-6.50210436624E+001
-6.50175022811E+001
-6.50164750533E+001
-6.49878624371E+001
-6.49931319959E+001
-6.50020337660E+001
-6.49607012177E+001
-6.50201918523E+001
-6.50058162607E+001
-6.49832336987E+001
-6.49776488625E+001
-6.49930434323E+001
-6.49444397290E+001
-6.48935422923E+001
-6.49264094483E+001
-6.49057517989E+001
-6.48746295137E+001
-6.48749769135E+001
-6.48678277161E+001
-6.48391093812E+001
-6.48030321027E+001
-6.47699166295E+001
-6.48005383081E+001
-6.48437793093E+001
-6.48146405556E+001
-6.47103105049E+001
-6.47132320447E+001
-6.47256372424E+001
-6.47486032948E+001
-6.47917546352E+001
-6.48581603500E+001
-6.48602469529E+001
-6.48745778014E+001
-6.47832946241E+001
-6.48476159449E+001
-6.47440837509E+001
-6.47269530045E+001
-6.47199115923E+001
-6.47091399151E+001
-6.47601597473E+001
-6.47970797787E+001
-6.47529207486E+001
-6.47105482553E+001
-6.46662916399E+001
-6.46724481412E+001
-6.46680403168E+001
-6.46882007787E+001
-6.46353537949E+001
-6.46157606911E+001
-6.46715384167E+001
-6.46489430007E+001
-6.46334400715E+001
-6.46076092080E+001
-6.45821885006E+001
-6.45764529133E+001
-6.45514328371E+001
-6.45496509550E+001
-6.45395423997E+001
-6.45624810649E+001
-6.45226305823E+001
-6.44886153673E+001
-6.43209400100E+001
-6.42667465914E+001
-6.42304277305E+001
-6.41314515144E+001
-6.41551881051E+001
-6.41104997330E+001
-6.41008884649E+001
-6.40944847679E+001
-6.40997327005E+001
-6.40416901432E+001
-6.39995003381E+001
-6.40081919607E+001
-6.40360534887E+001
-6.40366130841E+001
-6.40711186369E+001
-6.40645686060E+001
-6.39559397298E+001
-6.39429686434E+001
-6.38690517760E+001
-6.38265904736E+001
-6.38144714534E+001
-6.37911364378E+001
-6.37914047041E+001
-6.37870565025E+001
-6.37717233390E+001
-6.37763224961E+001
-6.37791562916E+001
-6.37325517699E+001
-6.37064851996E+001
-6.36345465191E+001
-6.36187546717E+001
-6.35854798274E+001
-6.35163130577E+001
-6.34633773511E+001
-6.34399335008E+001
-6.34556021003E+001
-6.34384887423E+001
-6.34396622492E+001
-6.34141620393E+001
-6.34245272221E+001
-6.34154693697E+001
-6.33999541382E+001
-6.33734433446E+001
-6.33842151433E+001
-6.33818834279E+001
-6.34215226815E+001
-6.33981635699E+001
-6.34056981161E+001
-6.34112320523E+001
-6.33737416910E+001
-6.33308748271E+001
-6.33273283651E+001
-6.32863546516E+001
-6.32601706735E+001
-6.32191038474E+001
-6.31185803660E+001
-6.31379177195E+001
-6.31779234370E+001
-6.31456431973E+001
-6.31685180881E+001
-6.31492521107E+001
-6.32346964569E+001
-6.31949529492E+001
-6.32381318683E+001
-6.33501998556E+001
-6.33816293992E+001
-6.34383778794E+001
-6.34245082630E+001
-6.34627406864E+001
-6.35067909100E+001
-6.35254958623E+001
-6.34962931912E+001
-6.35212149451E+001
-6.35971162642E+001
-6.35728725386E+001
-6.35385973410E+001
-6.35366644522E+001
-6.34719995383E+001
-6.34004726360E+001
-6.33318503343E+001
-6.33252479396E+001
-6.33357882386E+001
-6.33453990755E+001
-6.33056491307E+001
-6.32615604385E+001
-6.32509326840E+001
-6.33317429648E+001
-6.33613649587E+001
-6.33171726042E+001
-6.33409354750E+001
-6.33329471822E+001
-6.32875455814E+001
-6.33219490615E+001
-6.33298341503E+001
-6.32903987719E+001
-6.32180426348E+001
-6.31826301796E+001
-6.31061295994E+001
-6.31118767788E+001
-6.31151653172E+001
-6.31458782630E+001
-6.31810029553E+001
-6.31817757651E+001
-6.32467110596E+001
-6.32700602985E+001
-6.34151843295E+001
-6.33994346299E+001
-6.33846873831E+001
-6.33754790124E+001
-6.33723181019E+001
-6.33770370499E+001
-6.33639797922E+001
-6.33684956135E+001
-6.33666484146E+001
-6.34077175146E+001
-6.34135624707E+001
-6.34709003568E+001
-6.34478331573E+001
-6.34192765355E+001
-6.33212898258E+001
-6.32749445344E+001
-6.32641161040E+001
-6.32039240013E+001
-6.32405261045E+001
-6.31920071802E+001
-6.31871681728E+001
-6.31715364057E+001
-6.31650426005E+001
-6.31921313896E+001
-6.31692714096E+001
-6.31177867464E+001
-6.31281220228E+001
-6.31501426831E+001
-6.31241174985E+001
-6.30963124794E+001
-6.30923626317E+001
-6.31001334950E+001
-6.31144064041E+001
-6.31214968321E+001
-6.30523211825E+001
-6.30913483340E+001
-6.31569523521E+001
-6.31436185361E+001
-6.31388553830E+001
-6.31415926701E+001
-6.31237840261E+001
-6.31171121847E+001
-6.31485174828E+001
-6.31394730607E+001
-6.31680215690E+001
-6.31711064886E+001
-6.31644622465E+001
-6.31904835690E+001
-6.32130863900E+001
-6.32199443730E+001
-6.31839732459E+001
-6.31826996337E+001
-6.31823512537E+001
-6.31813768981E+001
-6.31749933237E+001
-6.32201807421E+001
-6.31968132970E+001
-6.32145095044E+001
-6.31965644273E+001
-6.32974576014E+001
-6.32866167976E+001
-6.32808673876E+001
-6.33347250904E+001
-6.33140352484E+001
-6.32738129001E+001
-6.32738457961E+001
-6.32528286888E+001
-6.33058644809E+001
-6.32999036235E+001
-6.33052821822E+001
-6.33172692745E+001
-6.33126414709E+001
-6.33008073954E+001
-6.33400286738E+001
-6.33507016277E+001
-6.33238582948E+001
-6.33279806628E+001
-6.33385679427E+001
-6.33190956012E+001
-6.33105163958E+001
-6.33200638187E+001
-6.33068374319E+001
-6.32868412305E+001
-6.32611015322E+001
-6.32494857956E+001
-6.32495392614E+001
-6.32459679582E+001
-6.32634639857E+001
-6.32715022906E+001
-6.33592586057E+001
-6.33351105305E+001
-6.33219835667E+001
-6.33237215731E+001
-6.32947711692E+001
-6.32877061370E+001
-6.33124623979E+001
-6.33227841227E+001
-6.33498187154E+001
-6.33796888048E+001
-6.34270865839E+001
-6.34606402034E+001
-6.34514948340E+001
-6.35080832193E+001
-6.35009299737E+001
-6.35423050042E+001
-6.35191562978E+001
-6.35908419201E+001
-6.34922403624E+001
-6.34959570671E+001
-6.34674471043E+001
-6.34242618178E+001
-6.33601897988E+001
-6.33625990025E+001
-6.33514760555E+001
-6.33317668373E+001
-6.33202396681E+001
-6.33210269947E+001
-6.33417453168E+001
-6.33233156604E+001
-6.32524413117E+001
-6.32402981783E+001
-6.32334661988E+001
-6.31903280732E+001
-6.31807212893E+001
-6.31798346036E+001
-6.31552767000E+001
-6.32108011218E+001
-6.32117612246E+001
-6.32514256177E+001
-6.32612111137E+001
-6.32643304627E+001
-6.32630579245E+001
-6.32366085116E+001
-6.31992085322E+001
-6.31850184435E+001
-6.31974604950E+001
-6.32110841846E+001
-6.32325599604E+001
-6.31882122072E+001
-6.31843878639E+001
-6.31755095320E+001
-6.32207608747E+001
-6.32358672399E+001
-6.32750390718E+001
-6.32366347311E+001
-6.32440851157E+001
-6.31767856684E+001
-6.31102460607E+001
-6.31013859081E+001
-6.30158273815E+001
-6.29882473414E+001
-6.28790444142E+001
-6.28756714254E+001
-6.28836052017E+001
-6.29089945853E+001
-6.29215580233E+001
-6.28942633780E+001
-6.28726911058E+001
-6.28768182093E+001
-6.28281985135E+001
-6.28029642846E+001
-6.28063126157E+001
-6.27365000106E+001
-6.27446740810E+001
-6.27799406835E+001
-6.28059267868E+001
-6.28029533971E+001
-6.27732191318E+001
-6.27483185954E+001
-6.26970096798E+001
-6.27225059829E+001
-6.27556238251E+001
-6.27928592823E+001
-6.28049030164E+001
-6.27806228182E+001
-6.27812680404E+001
-6.27930328936E+001
-6.27928160493E+001
-6.28019868716E+001
-6.27905875747E+001
-6.28078023173E+001
-6.28169515144E+001
-6.27950129167E+001
-6.28043526774E+001
-6.27662609518E+001
-6.27581458858E+001
-6.27090365775E+001
-6.26181827418E+001
-6.26308346612E+001
-6.26308275967E+001
-6.26029185769E+001
-6.26237736146E+001
-6.26586559883E+001
-6.26378467527E+001
-6.26390080993E+001
-6.26413075619E+001
-6.26512233202E+001
-6.26614733110E+001
-6.26294301214E+001
-6.27246147397E+001
-6.27638056882E+001
-6.27920412025E+001
-6.28127416247E+001
-6.28015316017E+001
-6.27986948571E+001
-6.27900914619E+001
-6.27688098732E+001
-6.27295244921E+001
-6.27406214467E+001
-6.27396916831E+001
-6.26577051008E+001
-6.26318528778E+001
-6.26688382910E+001
-6.26524840008E+001
-6.26713737896E+001
-6.26323886746E+001
-6.26088154335E+001
-6.25819473787E+001
-6.25365430099E+001
-6.25250193413E+001
-6.25367557624E+001
-6.25473703756E+001
-6.25269899934E+001
-6.25388684701E+001
-6.25041908565E+001
-6.25163678932E+001
-6.25103960476E+001
-6.25435057789E+001
-6.25129356480E+001
-6.25510413325E+001
-6.25422564211E+001
-6.25305117871E+001
-6.25605180322E+001
-6.25624937299E+001
-6.25626851002E+001
-6.25505522707E+001
-6.26028727506E+001
-6.25922755817E+001
-6.25706437488E+001
-6.25119527426E+001
-6.24165310602E+001
-6.24118584938E+001
-6.24124847582E+001
-6.24189517530E+001
-6.24417077631E+001
-6.24755605359E+001
-6.24409361882E+001
-6.24166647376E+001
-6.24031386902E+001
-6.23769396073E+001
-6.23130181742E+001
-6.22899821138E+001
-6.23080351974E+001
-6.22538892202E+001
-6.22035430282E+001
-6.22208522748E+001
-6.22162139808E+001
-6.21709015009E+001
-6.21577723365E+001
-6.21265402261E+001
-6.21048222377E+001
-6.20360965472E+001
-6.20474868416E+001
-6.19783488098E+001
-6.19948791526E+001
-6.19762683815E+001
-6.19461216098E+001
-6.19302695268E+001
-6.19554169972E+001
-6.19674794292E+001
-6.19590813233E+001
-6.19971498367E+001
-6.19951594757E+001
-6.20213710492E+001
-6.20074026661E+001
-6.20303595315E+001
-6.19914818290E+001
-6.19485362842E+001
-6.19165985418E+001
-6.18759496843E+001
-6.18944329505E+001
-6.19076903007E+001
-6.19109422878E+001
-6.18632288015E+001
-6.18911179131E+001
-6.18941311374E+001
-6.18439846409E+001
-6.18111766899E+001
-6.18086997721E+001
-6.18084854271E+001
-6.18020059061E+001
-6.17780534199E+001
-6.17594110641E+001
-6.17236965672E+001
-6.16756862074E+001
-6.17069753218E+001
-6.16777149965E+001
-6.16749016715E+001
-6.16866433209E+001
-6.17254433286E+001
-6.17717460278E+001
-6.17633886625E+001
-6.17194502688E+001
-6.17336871232E+001
-6.17191281025E+001
-6.16919862857E+001
-6.16814143327E+001
-6.16882145751E+001
-6.17283560364E+001
-6.17319424080E+001
-6.17238494419E+001
-6.17130368797E+001
-6.16868069778E+001
-6.17217990475E+001
-6.17028593135E+001
-6.16743870409E+001
-6.16946012051E+001
-6.16659680239E+001
-6.16850379631E+001
-6.16913495773E+001
-6.17001449326E+001
-6.16678206137E+001
-6.16469549442E+001
-6.16072375667E+001
-6.15621239009E+001
-6.15884743009E+001
-6.15769999347E+001
-6.16031963781E+001
-6.16272736978E+001
-6.16281212465E+001
-6.16545313392E+001
-6.16511522841E+001
-6.16760096557E+001
-6.16744292223E+001
-6.16670862847E+001
-6.16944991263E+001
-6.16961432633E+001
-6.16745419494E+001
-6.16887508090E+001
-6.17022708795E+001
-6.16936267496E+001
-6.17182835367E+001
-6.17078108273E+001
-6.16742510010E+001
-6.16802951544E+001
-6.16410897080E+001
-6.16126483777E+001
-6.15864383140E+001
-6.15655271741E+001
-6.15690921202E+001
-6.14808587626E+001
-6.14484093411E+001
-6.14194986040E+001
-6.14153065443E+001
-6.14227736501E+001
-6.14654939156E+001
-6.14418262360E+001
-6.14459932084E+001
-6.14638647439E+001
-6.14105763051E+001
-6.13862186384E+001
-6.13695671606E+001
-6.13504588491E+001
-6.13064764749E+001
-6.12796342358E+001
-6.13237616192E+001
-6.13624566354E+001
-6.13744097169E+001
-6.13872884660E+001
-6.13865273422E+001
-6.14093667508E+001
-6.14380457706E+001
-6.14173349150E+001
-6.14028603968E+001
-6.13823754457E+001
-6.13850522889E+001
-6.13489928043E+001
-6.13630931121E+001
-6.13134866780E+001
-6.13161425374E+001
-6.12758284941E+001
-6.13160637477E+001
-6.13237187231E+001
-6.13217943510E+001
-6.13394802642E+001
-6.13351079096E+001
-6.13921035396E+001
-6.13248131242E+001
-6.13432666219E+001
-6.13356455797E+001
-6.13935440881E+001
-6.13990285763E+001
-6.14658410786E+001
-6.14541033244E+001
-6.14303380250E+001
-6.13792464469E+001
-6.13388778457E+001
-6.13496674579E+001
-6.13484307879E+001
-6.13652747427E+001
-6.13720852012E+001
-6.13581274653E+001
-6.13614948331E+001
-6.13589331622E+001
-6.13825248728E+001
-6.13785136282E+001
-6.13377280692E+001
-6.13425129345E+001
-6.12902740619E+001
-6.12820594656E+001
-6.13199364585E+001
-6.13421656069E+001
-6.14332716782E+001
-6.14374992849E+001
-6.14670297119E+001
-6.14627588837E+001
-6.14504965001E+001
-6.14742481974E+001
-6.14972691433E+001
-6.14540857815E+001
-6.14245334906E+001
-6.14295022309E+001
-6.14206943413E+001
-6.14120734491E+001
-6.13906948033E+001
-6.13986755717E+001
-6.14020333003E+001
-6.14194811968E+001
-6.14158440473E+001
-6.14458017768E+001
-6.14418715688E+001
-6.14116515012E+001
-6.14349170217E+001
-6.14538858738E+001
-6.14801054950E+001
-6.14766979994E+001
-6.15067689237E+001
-6.15456661050E+001
-6.15467549454E+001
-6.15425311486E+001
-6.15747032854E+001
-6.16552214576E+001
-6.16796620280E+001
-6.16767375653E+001
-6.17390834984E+001
-6.17179535475E+001
-6.17048659289E+001
-6.17150554047E+001
-6.17399753405E+001
-6.18012563385E+001
-6.17951588889E+001
-6.18026813563E+001
-6.18317230003E+001
-6.19135275197E+001
-6.19392646292E+001
-6.19737043501E+001
-6.20110181664E+001
-6.20425786989E+001
-6.20991283384E+001
-6.21633043864E+001
-6.21408175980E+001
-6.21743357894E+001
-6.22132037855E+001
-6.23509042226E+001
-6.23328391078E+001
-6.24131849442E+001
-6.24559688948E+001
-6.24581210012E+001
-6.24972676964E+001
-6.26794055795E+001
-6.27275261866E+001
-6.27823861877E+001
-6.28826806472E+001
-6.28932138108E+001
-6.30802140042E+001
-6.31345527051E+001
-6.31209350962E+001
-6.31818656658E+001
-6.31769604807E+001
-6.31521508457E+001
-6.31693824824E+001
-6.31943218161E+001
-6.32458529505E+001
-6.32555208198E+001
-6.32551170688E+001
-6.33026930599E+001
-6.33183237452E+001
-6.33454579425E+001
-6.33859854708E+001
-6.34483241967E+001
-6.34376320220E+001
-6.34602457699E+001
-6.34789009292E+001
-6.35807073128E+001
-6.36397717843E+001
-6.36974310235E+001
-6.38188776171E+001
-6.38175026034E+001
-6.38470953258E+001
-6.38805778205E+001
-6.39833843451E+001
-6.39901698271E+001
-6.40531929399E+001
-6.41115371226E+001
-6.41639228936E+001
-6.41987639519E+001
-6.42031781578E+001
-6.43487564576E+001
-6.43327534730E+001
-6.44698373210E+001
-6.44905685644E+001
-6.45442699065E+001
-6.45937416045E+001
-6.46312977980E+001
-6.47017598473E+001
-6.47136135556E+001
-6.47783163922E+001
-6.47884370878E+001
-6.48140945763E+001
-6.48663888126E+001
-6.49097056858E+001
-6.49417559176E+001
-6.49516724737E+001
-6.49398327385E+001
-6.49582171905E+001
-6.50227018364E+001
-6.50731331298E+001
-6.51498025409E+001
-6.51488503674E+001
-6.52326866851E+001
-6.52532622736E+001
-6.52744122275E+001
-6.52826908058E+001
-6.53407030959E+001
-6.54121177319E+001
-6.54352846063E+001
-6.54663467655E+001
-6.54979725395E+001
-6.55427055578E+001
-6.55401474820E+001
-6.55668717473E+001
-6.56199896418E+001
-6.56364299515E+001
-6.55906490419E+001
-6.56300872101E+001
-6.56834406541E+001
-6.57668333825E+001
-6.57532160681E+001
-6.57651858238E+001
-6.57644725177E+001
-6.58422598163E+001
-6.58523443099E+001
-6.58936746206E+001
-6.59869530495E+001
-6.59913610863E+001
-6.60181059678E+001
-6.60506466809E+001
-6.60922373469E+001
-6.60970447310E+001
-6.61561062222E+001
-6.62034412711E+001
-6.62334268539E+001
-6.62595739339E+001
-6.62812948363E+001
-6.63176865032E+001
-6.63508517871E+001
-6.64067808605E+001
-6.64538549212E+001
-6.64532626016E+001
-6.64956424484E+001
-6.65064644962E+001
-6.65034710479E+001
-6.66346777701E+001
-6.67065002037E+001
-6.68903508102E+001
-6.69136390803E+001
-6.70794861653E+001
-6.71388056965E+001
-6.72109783465E+001
-6.72941880559E+001
-6.73384032166E+001
-6.73807423014E+001
-6.74280928463E+001
-6.74489783905E+001
-6.74621852545E+001
-6.74720889623E+001
-6.75199113780E+001
-6.75414349377E+001
-6.75648915448E+001
-6.76028729297E+001
-6.75963177360E+001
-6.76726950894E+001
-6.76721454775E+001
-6.76719979330E+001
-6.76928445468E+001
-6.77420052378E+001
-6.77915402514E+001
-6.78372385576E+001
-6.78567286876E+001
-6.79414204503E+001
-6.79047688424E+001
-6.79499332422E+001
-6.79753425749E+001
-6.79878082476E+001
-6.79563078534E+001
-6.79641322802E+001
-6.79823494838E+001
-6.79315608548E+001
-6.79263318435E+001
-6.79451082205E+001
-6.79695960432E+001
-6.80304935806E+001
-6.80539589106E+001
-6.80339937372E+001
-6.79288726573E+001
-6.79291952234E+001
-6.79156764713E+001
-6.79048401156E+001
-6.79418523770E+001
-6.79543146220E+001
-6.78060157165E+001
-6.77681036757E+001
-6.77175204967E+001
-6.76481140047E+001
-6.76861055115E+001
-6.75910335695E+001
-6.76100503517E+001
-6.76328901705E+001
-6.76391417320E+001
-6.77115732872E+001
-6.77004196089E+001
-6.76894438666E+001
-6.76771262932E+001
-6.76397543148E+001
-6.76206378787E+001
-6.76974039951E+001
-6.76539178907E+001
-6.76896456577E+001
-6.77186337296E+001
-6.77473486121E+001
-6.77739120585E+001
-6.78255860526E+001
-6.78338091686E+001
-6.78272188037E+001
-6.78141707428E+001
-6.77762947569E+001
-6.77912040983E+001
-6.77766724808E+001
-6.77875186729E+001
-6.78151494155E+001
-6.78269688745E+001
-6.77896511057E+001
-6.78266053880E+001
-6.78643680973E+001
-6.78126764398E+001
-6.77866418169E+001
-6.78034058612E+001
-6.77484844933E+001
-6.76712016965E+001
-6.76991274536E+001
-6.76084887411E+001
-6.77125784989E+001
-6.77384468274E+001
-6.77122514172E+001
-6.77894211901E+001
-6.78169165565E+001
-6.78357761539E+001
-6.77591999577E+001
-6.77807472320E+001
-6.77841750304E+001
-6.77711678570E+001
-6.78169639738E+001
-6.78002929263E+001
-6.78158223044E+001
-6.78458335536E+001
-6.79032338507E+001
-6.79086249270E+001
-6.79176193627E+001
-6.79562648055E+001
-6.79853053558E+001
-6.79098740829E+001
-6.79145984845E+001
-6.79492751969E+001
-6.79373019977E+001
-6.78945377792E+001
-6.78358259882E+001
-6.78264055794E+001
-6.78729930414E+001
-6.78103095166E+001
-6.78678169367E+001
-6.79444767159E+001
-6.79924034413E+001
-6.79627856979E+001
-6.79962447524E+001
-6.80367810964E+001
-6.80149690329E+001
-6.80549723599E+001
-6.80073378690E+001
-6.80189933490E+001
-6.82442298709E+001
-6.82674811339E+001
-6.81993546945E+001
-6.81634361580E+001
-6.81796439534E+001
-6.81541184000E+001
-6.81815518499E+001
-6.81520457489E+001
-6.81445765779E+001
-6.81198897878E+001
-6.81466604830E+001
-6.81784935759E+001
-6.82526178745E+001
-6.82563871932E+001
-6.82357780162E+001
-6.82257872219E+001
-6.82159817889E+001
-6.82799708460E+001
-6.82651649007E+001
-6.82605068170E+001
-6.82858622734E+001
-6.82978112584E+001
-6.83168450933E+001
-6.83810453190E+001
-6.82204995543E+001
-6.82275133945E+001
-6.81197643967E+001
-6.81097800846E+001
-6.79686606805E+001
-6.79575313256E+001
-6.79216226265E+001
-6.79050052001E+001
-6.79260761016E+001
-6.79135715401E+001
-6.79003712580E+001
-6.78811627848E+001
-6.78752522568E+001
-6.78629811590E+001
-6.78117126254E+001
-6.78016012095E+001
-6.77992897904E+001
-6.77771716618E+001
-6.78331421535E+001
-6.77499982269E+001
-6.77114397616E+001
-6.76934451646E+001
-6.76536909632E+001
-6.77336556463E+001
-6.77582426230E+001
-6.77850952596E+001
-6.77947973788E+001
-6.77770173676E+001
-6.78354852511E+001
-6.77920472176E+001
-6.77810624126E+001
-6.77567671291E+001
-6.77706966036E+001
-6.77628426492E+001
-6.77836537707E+001
-6.78466712860E+001
-6.78448528406E+001
-6.78089092675E+001
-6.77767164209E+001
-6.78107283836E+001
-6.78790991137E+001
-6.79203181091E+001
-6.79217361457E+001
-6.79328527011E+001
-6.79554306333E+001
-6.80297029471E+001
-6.80204054151E+001
-6.79973498239E+001
-6.80306997398E+001
-6.81477986277E+001
-6.82156226657E+001
-6.81935156084E+001
-6.82060982557E+001
-6.81242476254E+001
-6.81240115097E+001
-6.81737431305E+001
-6.81305240740E+001
-6.80572232383E+001
-6.80626483323E+001
-6.80724228768E+001
-6.80631592369E+001
-6.81163634541E+001
-6.82244752262E+001
-6.81956426425E+001
-6.82890043052E+001
-6.82471053687E+001
-6.82112113870E+001
-6.82081486914E+001
-6.81183039145E+001
-6.81138015450E+001
-6.81317763895E+001
-6.81166741412E+001
-6.81103101189E+001
-6.81545135444E+001
-6.80744800439E+001
-6.80618820384E+001
-6.80634785112E+001
-6.80581280753E+001
-6.80646972437E+001
-6.80249485581E+001
-6.79698137901E+001
-6.78682510029E+001
-6.78449503597E+001
-6.78393229100E+001
-6.77680359050E+001
-6.77753123548E+001
-6.78418159787E+001
-6.78243942207E+001
-6.77869047519E+001
-6.77527693386E+001
-6.77324151998E+001
-6.76911119505E+001
-6.76279612602E+001
-6.75804739491E+001
-6.75762459669E+001
-6.75656436039E+001
-6.76133414704E+001
-6.76087240466E+001
-6.76244166747E+001
-6.76531365757E+001
-6.76173117986E+001
-6.75615619404E+001
-6.76372790463E+001
-6.76508681747E+001
-6.76104379249E+001
-6.75552408848E+001
-6.75763071661E+001
-6.76273739970E+001
-6.76625648097E+001
-6.77464327159E+001
-6.77417291373E+001
-6.77610140889E+001
-6.77869160994E+001
-6.78130343640E+001
-6.78492431506E+001
-6.78199070275E+001
-6.78196977343E+001
-6.77710617255E+001
-6.77771790202E+001
-6.77390853820E+001
-6.76922485365E+001
-6.76412956636E+001
-6.76125454990E+001
-6.76604550926E+001
-6.76330526850E+001
-6.76858685497E+001
-6.77164868576E+001
-6.74917282077E+001
-6.74762810504E+001
-6.74905110308E+001
-6.74936224087E+001
-6.74938710847E+001
-6.74588855939E+001
-6.74542119663E+001
-6.74310342482E+001
-6.74211996697E+001
-6.74117804157E+001
-6.74586453312E+001
-6.74367468977E+001
-6.73276902493E+001
-6.72895634707E+001
-6.73094166586E+001
-6.73695012795E+001
-6.73369644916E+001
-6.72303352774E+001
-6.72741448186E+001
-6.72805971527E+001
-6.72666136846E+001
-6.72566759395E+001
-6.72383827771E+001
-6.71672905368E+001
-6.72038912662E+001
-6.71800189889E+001
-6.71424903691E+001
-6.71983673533E+001
-6.72026871431E+001
-6.72149381539E+001
-6.72051593620E+001
-6.71733031180E+001
-6.72631642153E+001
-6.72872941061E+001
-6.73408141045E+001
-6.73476186427E+001
-6.73141038485E+001
-6.73337750387E+001
-6.73741765302E+001
-6.74061358844E+001
-6.74118556474E+001
-6.74354471996E+001
-6.73969868063E+001
-6.73710084930E+001
-6.73667264488E+001
-6.73962512165E+001
-6.75234554744E+001
-6.74177301076E+001
-6.73903153622E+001
-6.73715169542E+001
-6.73730296844E+001
-6.73119957586E+001
-6.72521394955E+001
-6.73187931173E+001
-6.73537227417E+001
-6.73634027656E+001
-6.73654557915E+001
-6.74093731982E+001
-6.73896519568E+001
-6.73319985047E+001
-6.73173615216E+001
-6.72791731129E+001
-6.72791568167E+001
-6.72328068446E+001
-6.71393348133E+001
-6.71541288785E+001
-6.71561893416E+001
-6.71607918852E+001
-6.71648884996E+001
-6.71468303011E+001
-6.71146134539E+001
-6.71603719604E+001
-6.71182621980E+001
-6.69988220615E+001
-6.69619487580E+001
-6.70579996347E+001
-6.70010880633E+001
-6.70516648584E+001
-6.70226896255E+001
-6.69369532857E+001
-6.69277430723E+001
-6.69818688924E+001
-6.70239650255E+001
-6.70937136192E+001
-6.71276259384E+001
-6.70560040729E+001
-6.69294357176E+001
-6.69048155955E+001
-6.68576062811E+001
-6.68220046764E+001
-6.68595397737E+001
-6.68848321497E+001
-6.69022903214E+001
-6.68606253847E+001
-6.68020417023E+001
-6.68163397233E+001
-6.67650180193E+001
-6.67180401234E+001
-6.67854527112E+001
-6.67117047947E+001
-6.67333802577E+001
-6.67103092696E+001
-6.67015797617E+001
-6.68518017844E+001
-6.68722105744E+001
-6.68882044597E+001
-6.69698077120E+001
-6.69893038313E+001
-6.70247949773E+001
-6.70381939914E+001
-6.69717770950E+001
-6.69988413837E+001
-6.69931345419E+001
-6.69622944861E+001
-6.69507623413E+001
-6.70080925074E+001
-6.69899880929E+001
-6.70306250546E+001
-6.70629929008E+001
-6.70338220788E+001
-6.69276567934E+001
-6.69229499679E+001
-6.69308130643E+001
-6.68603316753E+001
-6.69090246081E+001
-6.69434456739E+001
-6.69069491181E+001
-6.68448626378E+001
-6.68332318004E+001
-6.68690420592E+001
-6.67807191542E+001
-6.67518100819E+001
-6.67488791737E+001
-6.67148285452E+001
-6.67923254942E+001
-6.67870580239E+001
-6.67706589433E+001
-6.66783987408E+001
-6.66828226399E+001
-6.66974170462E+001
-6.67431772929E+001
-6.67255812395E+001
-6.66434011988E+001
-6.66981677363E+001
-6.67586081137E+001
-6.68317142309E+001
-6.68715516687E+001
-6.68326006052E+001
-6.68432062887E+001
-6.67717590760E+001
-6.67480855614E+001
-6.67505747854E+001
-6.67839135559E+001
-6.67659007551E+001
-6.68115846882E+001
-6.68449518837E+001
-6.68776666972E+001
-6.68440693745E+001
-6.68455808740E+001
-6.68458348374E+001
-6.68795345319E+001
-6.68394342378E+001
-6.68446417208E+001
-6.69077175964E+001
-6.69968589571E+001
-6.69948506756E+001
-6.68724259779E+001
-6.69268039487E+001
-6.70391804756E+001
-6.70336005338E+001
-6.69844474362E+001
-6.69823739272E+001
-6.69429233307E+001
-6.69479896623E+001
-6.69860571103E+001
-6.70116240110E+001
-6.70561303232E+001
-6.70295589724E+001
-6.69825441812E+001
-6.70198068235E+001
-6.69845638656E+001
-6.70036797746E+001
-6.69833326525E+001
-6.68030808172E+001
-6.67589610888E+001
-6.67163520097E+001
-6.67199464475E+001
-6.67947356899E+001
-6.68276017585E+001
-6.67968594478E+001
-6.67758072441E+001
-6.67233730539E+001
-6.67238772303E+001
-6.67338920538E+001
-6.67533710960E+001
-6.67232305150E+001
-6.67768956760E+001
-6.66973680048E+001
-6.66362335643E+001
-6.66725949145E+001
-6.66257802901E+001
-6.66498289479E+001
-6.67009726259E+001
-6.66974880949E+001
-6.66258982879E+001
-6.65623707857E+001
-6.65326850237E+001
-6.65315656567E+001
-6.64731587411E+001
-6.65188741839E+001
-6.66624274995E+001
-6.66635043081E+001
-6.67733018023E+001
-6.67041713146E+001
-6.66895392139E+001
-6.67442084476E+001
-6.67368340526E+001
-6.67272786663E+001
-6.67560204397E+001
-6.66842483619E+001
-6.66160353597E+001
-6.66274311162E+001
-6.66230035524E+001
-6.66507761013E+001
-6.66904491387E+001
-6.66838312176E+001
-6.66087677232E+001
-6.66287259666E+001
-6.66539947204E+001
-6.66837895987E+001
-6.66760479306E+001
-6.67414830236E+001
-6.67181516982E+001
-6.66975710360E+001
-6.66862403936E+001
-6.66909893359E+001
-6.66740307674E+001
-6.67241872340E+001
-6.67545426182E+001
-6.67374383862E+001
-6.67943062743E+001
-6.68008790877E+001
-6.67505669145E+001
-6.67824031608E+001
-6.68778059120E+001
-6.69398781273E+001
-6.69494705351E+001
-6.69532468055E+001
-6.69555135156E+001
-6.70059554285E+001
-6.70359947445E+001
-6.69927899738E+001
-6.70182941725E+001
-6.70264635670E+001
-6.70928254190E+001
-6.71181333227E+001
-6.71247448536E+001
-6.70962559877E+001
-6.71136517744E+001
-6.70911508910E+001
-6.70996353057E+001
-6.70651760334E+001
-6.70677807502E+001
-6.71421028664E+001
-6.71166713637E+001
-6.70907358654E+001
-6.70406733400E+001
-6.70182619847E+001
-6.69197649381E+001
-6.68602062825E+001
-6.68437672219E+001
-6.68777182273E+001
-6.68550735160E+001
-6.67957983550E+001
-6.67599586583E+001
-6.67231901794E+001
-6.66527599028E+001
-6.65626056313E+001
-6.65469890021E+001
-6.65234150225E+001
-6.64718376587E+001
-6.64511532247E+001
-6.64014976497E+001
-6.63928608016E+001
-6.63399425183E+001
-6.62158421808E+001
-6.62335259405E+001
-6.61949278245E+001
-6.62129072341E+001
-6.61311082849E+001
-6.60759409034E+001
-6.60156384965E+001
-6.59804866786E+001
-6.59538421522E+001
-6.58919881749E+001
-6.58529517326E+001
-6.57749378318E+001
-6.57326052294E+001
-6.56996326267E+001
-6.56225242205E+001
-6.56076639110E+001
-6.56160209569E+001
-6.56080303084E+001
-6.55895935396E+001
-6.56113040026E+001
-6.55782030914E+001
-6.55518083117E+001
-6.54887279681E+001
-6.54920434841E+001
-6.54767190394E+001
-6.54403856050E+001
-6.54204282348E+001
-6.53732395559E+001
-6.53128585207E+001
-6.52144028949E+001
-6.50995505839E+001
-6.50443557599E+001
-6.50208076767E+001
-6.49603949095E+001
-6.48509643239E+001
-6.47430065242E+001
-6.47442638482E+001
-6.47151549808E+001
-6.46654367809E+001
-6.46741937180E+001
-6.46554745266E+001
-6.46111804777E+001
-6.44813054626E+001
-6.44948820752E+001
-6.44741314320E+001
-6.43944937456E+001
-6.43634418045E+001
-6.43471673957E+001
-6.43103583332E+001
-6.42967271587E+001
-6.42856946571E+001
-6.42756431645E+001
-6.42189861862E+001
-6.41627196283E+001
-6.40951640010E+001
-6.40744745225E+001
-6.40328276856E+001
-6.40272182941E+001
-6.39872400843E+001
-6.39364373468E+001
-6.39229072057E+001
-6.39461681758E+001
-6.38820006000E+001
-6.38049355319E+001
-6.37892285368E+001
-6.37324139958E+001
-6.37236175760E+001
-6.36295445584E+001
-6.35825351440E+001
-6.35941810960E+001
-6.35592652291E+001
-6.35294344480E+001
-6.35238848092E+001
-6.34771438086E+001
-6.34812391088E+001
-6.33861530579E+001
-6.32569565882E+001
-6.32515032224E+001
-6.31228925234E+001
-6.31463676817E+001
-6.30714947101E+001
-6.29765359098E+001
-6.29153274702E+001
-6.28942533274E+001
-6.28138321945E+001
-6.28180095499E+001
-6.28233145921E+001
-6.27662595816E+001
-6.27269808758E+001
-6.26569388825E+001
-6.26013075246E+001
-6.25755318787E+001
-6.25829880080E+001
-6.25613750732E+001
-6.24838925688E+001
-6.24423508031E+001
-6.24375407598E+001
-6.23661638146E+001
-6.23152610147E+001
-6.22954629678E+001
-6.21990875982E+001
-6.21497249747E+001
-6.21169369690E+001
-6.20414984283E+001
-6.19968644977E+001
-6.20037608189E+001
-6.19545666370E+001
-6.18935068126E+001
-6.18744167642E+001
-6.18561235705E+001
-6.17545511714E+001
-6.16667092159E+001
-6.16304091133E+001
-6.16421137983E+001
-6.16069801114E+001
-6.15205094949E+001
-6.16245192032E+001
-6.15922947370E+001
-6.15220687782E+001
-6.14615595610E+001
-6.12197780562E+001
-6.11804109116E+001
-6.11656258049E+001
-6.11102901103E+001
-6.10435492997E+001
-6.10357714479E+001
-6.10079513163E+001
-6.09929930236E+001
-6.09395959573E+001
-6.08244175642E+001
-6.08067245878E+001
-6.07913901758E+001
-6.07642089418E+001
-6.07574768532E+001
-6.07721821415E+001
-6.07659624207E+001
-6.07536493504E+001
-6.07159721980E+001
-6.07125919022E+001
-6.07103675246E+001
-6.07225447962E+001
-6.07005548704E+001
-6.07194680977E+001
-6.07538776634E+001
-6.07365967567E+001
-6.07547023571E+001
-6.07689373293E+001
-6.07663372641E+001
-6.07675223878E+001
-6.07775229943E+001
-6.07579528741E+001
-6.07460136938E+001
-6.07494618737E+001
-6.07403822231E+001
-6.07295840366E+001
-6.07431951345E+001
-6.07565293726E+001
-6.07572435245E+001
-6.07831723792E+001
-6.08294883511E+001
-6.08121069589E+001
-6.08085070484E+001
-6.08436137175E+001
-6.08227933702E+001
-6.08366903918E+001
-6.08680093456E+001
-6.09817379595E+001
-6.09346661601E+001
-6.09288794925E+001
-6.08991680886E+001
-6.08499991737E+001
-6.08180500996E+001
-6.07465227676E+001
-6.07412100726E+001
-6.07510633974E+001
-6.07888521058E+001
-6.08126682749E+001
-6.07985460868E+001
-6.07742866984E+001
-6.07888269575E+001
-6.08236025448E+001
-6.08455089469E+001
-6.08677642207E+001
-6.08924239051E+001
-6.09179706755E+001
-6.09156732451E+001
-6.09287078113E+001
-6.09649692533E+001
-6.09874124913E+001
-6.10259615998E+001
-6.10592639940E+001
-6.10761628516E+001
-6.11036511599E+001
-6.11243113862E+001
-6.11018095172E+001
-6.11211301903E+001
-6.11965263007E+001
-6.11886390131E+001
-6.11801295153E+001
-6.11904155267E+001
-6.12106736833E+001
-6.12414198211E+001
-6.12352739870E+001
-6.12372103841E+001
-6.12235474015E+001
-6.12032949624E+001
-6.11993647687E+001
-6.12300110717E+001
-6.12349352563E+001
-6.12376492055E+001
-6.12354017654E+001
-6.12254154254E+001
-6.11852709911E+001
-6.11558195653E+001
-6.12047876417E+001
-6.12225068558E+001
-6.12044315728E+001
-6.11975270463E+001
-6.12300576440E+001
-6.12014399254E+001
-6.11783564786E+001
-6.11892230963E+001
-6.12028694761E+001
-6.11909241399E+001
-6.12039987972E+001
-6.11723529982E+001
-6.11697995704E+001
-6.11751905236E+001
-6.11795089683E+001
-6.11832008989E+001
-6.11448965476E+001
-6.11643589848E+001
-6.12168293173E+001
-6.12321502089E+001
-6.12352262036E+001
-6.12514517921E+001
-6.12818070612E+001
-6.12795792491E+001
-6.13024094323E+001
-6.13533907280E+001
-6.13463725861E+001
-6.14089888492E+001
-6.14168690551E+001
-6.13883468128E+001
-6.13788304090E+001
-6.13788898713E+001
-6.13653691411E+001
-6.13935691488E+001
-6.13967159399E+001
-6.13946596485E+001
-6.13667237352E+001
-6.13575801453E+001
-6.13398871860E+001
-6.13900122012E+001
-6.14043965684E+001
-6.14426756609E+001
-6.13589927572E+001
-6.13662889619E+001
-6.13775149951E+001
-6.13818021636E+001
-6.13291620481E+001
-6.13418368693E+001
-6.13692237361E+001
-6.13749064024E+001
-6.13297953144E+001
-6.13291355822E+001
-6.13098917852E+001
-6.11550547285E+001
-6.11880931174E+001
-6.12197517678E+001
-6.12458121294E+001
-6.12475819892E+001
-6.12558400109E+001
-6.12877626440E+001
-6.12929498265E+001
-6.13261624628E+001
-6.13235449187E+001
-6.12943621796E+001
-6.12889327037E+001
-6.12867764127E+001
-6.13768458057E+001
-6.13914534098E+001
-6.14030913001E+001
-6.14204458361E+001
-6.14494063115E+001
-6.15058854719E+001
-6.15060261024E+001
-6.15427522548E+001
-6.15493411128E+001
-6.15556833393E+001
-6.15524530144E+001
-6.15359769900E+001
-6.15670103557E+001
-6.15402312337E+001
-6.15534633256E+001
-6.15558914803E+001
-6.15496384587E+001
-6.15462039035E+001
-6.15436529729E+001
-6.15291100629E+001
-6.15283203394E+001
-6.15390564947E+001
-6.15547035251E+001
-6.14900041303E+001
-6.15025451424E+001
-6.15274728830E+001
-6.15266638894E+001
-6.15816745361E+001
-6.16059580065E+001
-6.16089820343E+001
-6.15733268739E+001
-6.15729444959E+001
-6.15428498914E+001
-6.14986637603E+001
-6.15385502383E+001
-6.15252457967E+001
-6.15234775569E+001
-6.14288322793E+001
-6.14336494635E+001
-6.14185919636E+001
-6.14254437575E+001
-6.14488772293E+001
-6.14429918909E+001
-6.14684088421E+001
-6.14432606988E+001
-6.14522146032E+001
-6.14207606464E+001
-6.14131541579E+001
-6.14444232816E+001
-6.14594886824E+001
-6.14476980459E+001
-6.14131721071E+001
-6.13973875261E+001
-6.13839674141E+001
-6.13627031179E+001
-6.13342504097E+001
-6.13064840438E+001
-6.13156676228E+001
-6.12829795929E+001
-6.12963860156E+001
-6.12943803293E+001
-6.12195859094E+001
-6.11702553122E+001
-6.11443838449E+001
-6.11322848885E+001
-6.11513184228E+001
-6.11055632740E+001
-6.10458725718E+001
-6.10476607665E+001
-6.10019955292E+001
-6.09942633637E+001
-6.10087818345E+001
-6.09614947751E+001
-6.09225907562E+001
-6.09117618247E+001
-6.09141413666E+001
-6.09070449921E+001
-6.08967084263E+001
-6.08417033014E+001
-6.08480380680E+001
-6.08440143604E+001
-6.08508379188E+001
-6.08664625018E+001
-6.08611729188E+001
-6.09119028711E+001
-6.09073238276E+001
-6.09050288740E+001
-6.08980293333E+001
-6.08960895318E+001
-6.09086393243E+001
-6.08899254723E+001
-6.09025727622E+001
-6.08909116914E+001
-6.08972778864E+001
-6.09035131172E+001
-6.08570971420E+001
-6.08778312431E+001
-6.08876293490E+001
-6.08629627272E+001
-6.08499926774E+001
-6.08479773877E+001
-6.08789935451E+001
-6.08790613131E+001
-6.08613954526E+001
-6.08482423468E+001
-6.08573011054E+001
-6.08597701277E+001
-6.08073308469E+001
-6.07806152761E+001
-6.07567216489E+001
-6.06750902363E+001
-6.06826369837E+001
-6.06708762565E+001
-6.06583849947E+001
-6.06438545397E+001
-6.06347271490E+001
-6.06316846468E+001
-6.06192132541E+001
-6.06112960288E+001
-6.05744706762E+001
-6.05753943988E+001
-6.05769795800E+001
-6.05638176671E+001
-6.05596057440E+001
-6.05431818872E+001
-6.05363662097E+001
-6.05129618776E+001
-6.05206736070E+001
-6.05338050415E+001
-6.05215198615E+001
-6.04908596090E+001
-6.04987153233E+001
-6.04830964324E+001
-6.04959789299E+001
-6.04906475801E+001
-6.04750694759E+001
-6.04752451590E+001
-6.04484153472E+001
-6.04603817649E+001
-6.04298254373E+001
-6.04090060817E+001
-6.03909598647E+001
-6.03940178989E+001
-6.04347410644E+001
-6.03636863264E+001
-6.03475748128E+001
-6.03054719184E+001
-6.03124514442E+001
-6.03186749864E+001
-6.02920570433E+001
-6.03013409995E+001
-6.02142140203E+001
-6.01850914731E+001
-6.01769784037E+001
-6.01811588830E+001
-6.01913768319E+001
-6.01436608849E+001
-6.01829895321E+001
-6.01654276547E+001
-6.01633187163E+001
-6.01555301673E+001
-6.01608431634E+001
-6.01319279743E+001
-6.01171219268E+001
-6.01688461804E+001
-6.01438383995E+001
-6.01616569204E+001
-6.01358998599E+001
-6.01278266268E+001
-6.01436851116E+001
-6.01276702965E+001
-6.00899483634E+001
-6.00731196409E+001
-6.00816839590E+001
-6.00879449817E+001
-6.01061603328E+001
-6.00716792327E+001
-6.00690439961E+001
-5.99968656731E+001
-5.99764009687E+001
-5.99398135152E+001
-5.99222243685E+001
-5.99006933866E+001
-5.98959600728E+001
-5.99444766917E+001
-5.98916764761E+001
-5.98755752859E+001
-5.98759465561E+001
-5.98851431325E+001
-5.99025244023E+001
-5.99042315116E+001
-5.98783173941E+001
-5.98671569733E+001
-5.99050010216E+001
-5.99023659035E+001
-5.99169594015E+001
-5.98800362444E+001
-5.99076506641E+001
-5.98838226667E+001
-5.98508408820E+001
-5.98467434233E+001
-5.98667786009E+001
-5.98801983068E+001
-5.98633398213E+001
-5.98820332158E+001
-5.98540698897E+001
-5.98844400438E+001
-5.99107885422E+001
-5.99108336939E+001
-5.99245054888E+001
-5.98822775479E+001
-5.98669320571E+001
-5.98711464138E+001
-5.98563464918E+001
-5.98379908988E+001
-5.98453083093E+001
-5.98461739934E+001
-5.98547278495E+001
-5.98405258276E+001
-5.98255614451E+001
-5.98510200596E+001
-5.98693475999E+001
-5.98417344776E+001
-5.98630606997E+001
-5.98859550189E+001
-5.98948909489E+001
-5.98858152866E+001
-5.99214284164E+001
-5.99428835758E+001
-5.99275794149E+001
-5.99183411120E+001
-5.99046946429E+001
-5.99029561636E+001
-5.99016405823E+001
-5.99294742332E+001
-5.99348580370E+001
-5.98965111401E+001
-5.98572770705E+001
-5.98771340029E+001
-5.99076937378E+001
-5.98796839457E+001
-5.99010360577E+001
-5.98830818008E+001
-5.98664412017E+001
-5.98783384922E+001
-5.98761122232E+001
-5.99295871934E+001
-5.99361900560E+001
-5.99091629849E+001
-5.99010283654E+001
-5.98919602763E+001
-5.98857374557E+001
-5.98506398693E+001
-5.98470631821E+001
-5.98234751998E+001
-5.98054934820E+001
-5.97673107651E+001
-5.97607438444E+001
-5.97577660684E+001
-5.97416558422E+001
-5.97971521280E+001
-5.98312210555E+001
-5.98283034078E+001
-5.97619554413E+001
-5.97509356950E+001
-5.97535740654E+001
-5.97661238419E+001
-5.97820170633E+001
-5.97824311872E+001
-5.97644561430E+001
-5.97684971117E+001
-5.97652406809E+001
-5.97774474199E+001
-5.97824099379E+001
-5.97839466594E+001
-5.97649223139E+001
-5.97792903115E+001
-5.97294535435E+001
-5.97347736255E+001
-5.97260124171E+001
-5.97170696815E+001
-5.97421056801E+001
-5.97365060909E+001
-5.97349916901E+001
-5.97391156024E+001
-5.97588826332E+001
-5.97587150357E+001
-5.97545336710E+001
-5.97706022157E+001
-5.97739315082E+001
-5.97748645504E+001
-5.97850817985E+001
-5.97993176016E+001
-5.97708460708E+001
-5.97044354155E+001
-5.97411898456E+001
-5.97211800785E+001
-5.97187571200E+001
-5.97189827422E+001
-5.97252367933E+001
-5.97585250933E+001
-5.97810331697E+001
-5.98210102730E+001
-5.98079078833E+001
-5.98279232971E+001
-5.98233665160E+001
-5.97872257623E+001
-5.97607686181E+001
-5.97163380095E+001
-5.97162662799E+001
-5.97064902498E+001
-5.97118199710E+001
-5.97023868839E+001
-5.97181975644E+001
-5.97150847812E+001
-5.96597622079E+001
-5.96497712261E+001
-5.96247477682E+001
-5.96433149457E+001
-5.96551362514E+001
-5.96280501707E+001
-5.96555320140E+001
-5.96583343620E+001
-5.96780695134E+001
-5.96556073199E+001
-5.96546800922E+001
-5.96032992824E+001
-5.95918221928E+001
-5.96013118245E+001
-5.96208101418E+001
-5.96203506617E+001
-5.96559863293E+001
-5.96809814064E+001
-5.97222468985E+001
-5.97315350813E+001
-5.96960138554E+001
-5.97314008750E+001
-5.97485205211E+001
-5.97492852276E+001
-5.97131721964E+001
-5.96926686904E+001
-5.96946892550E+001
-5.97038501042E+001
-5.97038913831E+001
-5.96935516127E+001
-5.96634719146E+001
-5.96414711211E+001
-5.96566947034E+001
-5.96879189298E+001
-5.96972087457E+001
-5.96727693686E+001
-5.96729694243E+001
-5.96489680875E+001
-5.96519778260E+001
-5.96653966092E+001
-5.96261528146E+001
-5.96414928137E+001
-5.96358360177E+001
-5.96388402078E+001
-5.96153278714E+001
-5.96006727889E+001
-5.96221896118E+001
-5.96480340364E+001
-5.96381856619E+001
-5.96687806305E+001
-5.96858706245E+001
-5.96765910829E+001
-5.96888420683E+001
-5.96803209617E+001
-5.96768902691E+001
-5.97231179014E+001
-5.97021461084E+001
-5.96957009189E+001
-5.96949907001E+001
-5.96704916619E+001
-5.96650649556E+001
-5.96480578939E+001
-5.96722440290E+001
-5.96727719102E+001
-5.96312102625E+001
-5.96988334874E+001
-5.96992075156E+001
-5.97100007754E+001
-5.97089844589E+001
-5.96680196552E+001
-5.96572387143E+001
-5.95985309790E+001
-5.96004980220E+001
-5.96117650878E+001
-5.96144137088E+001
-5.95824359439E+001
-5.96074162483E+001
-5.95946299070E+001
-5.95838967351E+001
-5.96130273955E+001
-5.96164691666E+001
-5.95954776110E+001
-5.95655511591E+001
-5.95527284978E+001
-5.95747456700E+001
-5.95763684146E+001
-5.96110555737E+001
-5.96018208376E+001
-5.96411266289E+001
-5.96725029225E+001
-5.97075093801E+001
-5.97661640474E+001
-5.97885868657E+001
-5.97795412268E+001
-5.97805841020E+001
-5.97942805882E+001
-5.97800945377E+001
-5.97451979126E+001
-5.97306296257E+001
-5.97519222630E+001
-5.97828152909E+001
-5.98237366778E+001
-5.98037033624E+001
-5.97861505192E+001
-5.97748648496E+001
-5.97621158553E+001
-5.97409403569E+001
-5.97368240391E+001
-5.97350623832E+001
-5.97401970805E+001
-5.97388781483E+001
-5.97697015275E+001
-5.98116002456E+001
-5.98164191131E+001
-5.98183118624E+001
-5.97983853773E+001
-5.98296388253E+001
-5.98131367396E+001
-5.98180288879E+001
-5.98247910183E+001
-5.98321892314E+001
-5.98296111276E+001
-5.98338231972E+001
-5.98376273415E+001
-5.98243648564E+001
-5.98357396406E+001
-5.98559279388E+001
-5.98502706311E+001
-5.98109731509E+001
-5.98685943891E+001
-5.98503028711E+001
-5.98177641319E+001
-5.98614683389E+001
-5.98721744801E+001
-5.98845206641E+001
-5.98794718385E+001
-5.98849489825E+001
-5.98587025498E+001
-5.98560190563E+001
-5.98823297116E+001
-5.99168131551E+001
-5.99085411408E+001
-5.99796208304E+001
-6.00171009950E+001
-6.00199119125E+001
-6.00244296062E+001
-6.00240872424E+001
-6.00327566465E+001
-6.00263106960E+001
-6.00281738165E+001
-6.00109048980E+001
-6.00635718159E+001
-6.00930825998E+001
-6.00869229192E+001
-6.00938402906E+001
-6.00978969846E+001
-6.01265284276E+001
-6.01236127509E+001
-6.01177505641E+001
-6.01146528049E+001
-6.01562166885E+001
-6.01432207902E+001
-6.02002226402E+001
-6.02198577728E+001
-6.02027114095E+001
-6.01975724343E+001
-6.01683319227E+001
-6.01453526580E+001
-6.01668336702E+001
-6.01516036225E+001
-6.01556153062E+001
-6.01250662532E+001
-6.01166942158E+001
-6.01255735049E+001
-6.00896366369E+001
-6.01047363965E+001
-6.01034712390E+001
-6.00968986645E+001
-6.01154636800E+001
-6.01115815691E+001
-6.01013909387E+001
-6.01505830779E+001
-6.01763809147E+001
-6.01795966465E+001
-6.01840751814E+001
-6.01828966803E+001
-6.02279422396E+001
-6.02274853916E+001
-6.02383668017E+001
-6.02477042524E+001
-6.02506882409E+001
-6.02870297107E+001
-6.03104028826E+001
-6.03024424833E+001
-6.02721333402E+001
-6.03100234730E+001
-6.03103722761E+001
-6.02941342943E+001
-6.02603698039E+001
-6.02834828161E+001
-6.02977482450E+001
-6.02715640323E+001
-6.02712308144E+001
-6.02460741913E+001
-6.02597149089E+001
-6.02670847428E+001
-6.02310488233E+001
-6.02453225762E+001
-6.02393670464E+001
-6.02399736525E+001
-6.02312940621E+001
-6.02623931737E+001
-6.02758401303E+001
-6.02581175467E+001
-6.02287982234E+001
-6.02744008742E+001
-6.02196529161E+001
-6.02129433890E+001
-6.02237432482E+001
-6.02452103223E+001
-6.02402530713E+001
-6.03105206212E+001
-6.03435846313E+001
-6.03942927417E+001
-6.04298168599E+001
-6.04118649695E+001
-6.04359290951E+001
-6.04178870435E+001
-6.04279937460E+001
-6.04276162374E+001
-6.04320571532E+001
-6.04364767113E+001
-6.04668645914E+001
-6.04929816357E+001
-6.05031516054E+001
-6.04754750442E+001
-6.04856834103E+001
-6.04732093972E+001
-6.05077105129E+001
-6.04621613429E+001
-6.04095853742E+001
-6.03735493488E+001
-6.03255769717E+001
-6.03278863964E+001
-6.03357933744E+001
-6.03373536938E+001
-6.03349350168E+001
-6.03243766939E+001
-6.03892975024E+001
-6.03993519877E+001
-6.04326188886E+001
-6.03993888144E+001
-6.03551898808E+001
-6.03763245986E+001
-6.03714031213E+001
-6.03978152044E+001
-6.04092149259E+001
-6.04307092571E+001
-6.04284333658E+001
-6.04248685997E+001
-6.04341028985E+001
-6.04269330641E+001
-6.04021826709E+001
-6.03526433255E+001
-6.03925835446E+001
-6.03883041496E+001
-6.04046480247E+001
-6.03843273345E+001
-6.04096568314E+001
-6.03989355738E+001
-6.04062264758E+001
-6.03727177501E+001
-6.03530286413E+001
-6.03718502243E+001
-6.03936157775E+001
-6.03952332668E+001
-6.03900671377E+001
-6.04049905508E+001
-6.03947022707E+001
-6.04161834618E+001
-6.03836084163E+001
-6.04322002624E+001
-6.04404313376E+001
-6.04210469204E+001
-6.03920236208E+001
-6.03910524519E+001
-6.04035634316E+001
-6.03881981212E+001
-6.03794239284E+001
-6.03626951153E+001
-6.03885368751E+001
-6.03146826488E+001
-6.03258795542E+001
-6.02584464544E+001
-6.02252717447E+001
-6.02342588420E+001
-6.02204621745E+001
-6.02789003449E+001
-6.02738640377E+001
-6.02767741311E+001
-6.02739746193E+001
-6.02743739101E+001
-6.02529615309E+001
-6.02280585924E+001
-6.02167726878E+001
-6.02123856316E+001
-6.01875094993E+001
-6.01670549904E+001
-6.01467618330E+001
-6.01511091911E+001
-6.01239142804E+001
-6.00777168955E+001
-6.00626238181E+001
-6.00466616720E+001
-6.00304932102E+001
-6.00501312041E+001
-6.00201522302E+001
-6.00448693492E+001
-6.00510036311E+001
-6.00192562853E+001
-6.00426140397E+001
-6.00330252826E+001
-6.00622186837E+001
-6.00243844722E+001
-5.99942770442E+001
-6.00039307878E+001
-6.00186993795E+001
-6.00156403588E+001
-6.00193273070E+001
-6.00020062459E+001
-6.00211107371E+001
-5.99983182898E+001
-5.99558399703E+001
-5.99774247328E+001
-5.99957417183E+001
-5.99205067652E+001
-5.99179037849E+001
-5.98915346739E+001
-5.99053407155E+001
-5.98907667668E+001
-5.98848151531E+001
-5.98675064893E+001
-5.98345675919E+001
-5.98031953307E+001
-5.97872253782E+001
-5.98220869637E+001
-5.98178680168E+001
-5.98030080078E+001
-5.98089885423E+001
-5.98231016452E+001
-5.98279021201E+001
-5.98025023548E+001
-5.98200476077E+001
-5.98188777831E+001
-5.98158101282E+001
-5.98221088168E+001
-5.98876852223E+001
-5.98985228569E+001
-5.99009650080E+001
-5.99215418606E+001
-5.99400478260E+001
-5.99743157640E+001
-5.99529510380E+001
-5.99542720275E+001
-5.99444141877E+001
-5.99602136867E+001
-5.99523177619E+001
-5.99904879177E+001
-6.00105570609E+001
-6.00170896239E+001
-6.00070879448E+001
-6.00302520720E+001
-5.99487889670E+001
-5.99428611224E+001
-5.99217691177E+001
-5.99066847915E+001
-5.99047894158E+001
-5.98808106043E+001
-5.98808918335E+001
-5.98670122052E+001
-5.98824742523E+001
-5.98753755936E+001
-5.98445366458E+001
-5.98345142999E+001
-5.97895240907E+001
-5.97704808596E+001
-5.97818757584E+001
-5.98201770284E+001
-5.97969385405E+001
-5.97812760561E+001
-5.97695850103E+001
-5.97855384724E+001
-5.98006922771E+001
-5.98020661092E+001
-5.97939201389E+001
-5.98269451531E+001
-5.98281916180E+001
-5.98306878464E+001
-5.98120061906E+001
-5.97576751318E+001
-5.97513199035E+001
-5.97274278775E+001
-5.97375130376E+001
-5.97186943550E+001
-5.97045288941E+001
-5.96822879109E+001
-5.97074641229E+001
-5.96950520549E+001
-5.96711527786E+001
-5.96714600450E+001
-5.96596600460E+001
-5.96540003335E+001
-5.96864004604E+001
-5.97065675944E+001
-5.96869118220E+001
-5.96502574418E+001
-5.96657452789E+001
-5.96530908060E+001
-5.96361154000E+001
-5.96032004431E+001
-5.96357104890E+001
-5.95926419611E+001
-5.96180709586E+001
-5.96421847560E+001
-5.96120432503E+001
-5.96331605063E+001
-5.96555613210E+001
-5.96358728957E+001
-5.96308120800E+001
-5.96246440561E+001
-5.96410330063E+001
-5.96307230094E+001
-5.95895841339E+001
-5.96008846652E+001
-5.96140473575E+001
-5.96096824405E+001
-5.95802256905E+001
-5.95672487400E+001
-5.95595313779E+001
-5.95558657858E+001
-5.95508717795E+001
-5.95207463626E+001
-5.95357081769E+001
-5.95230027773E+001
-5.95015545356E+001
-5.95097603641E+001
-5.94860499074E+001
-5.94839581126E+001
-5.94453257190E+001
-5.94094956031E+001
-5.94067689952E+001
-5.93939084047E+001
-5.94089672267E+001
-5.93839996818E+001
-5.93740716206E+001
-5.93797003592E+001
-5.93699410337E+001
-5.93954871002E+001
-5.93867239128E+001
-5.93976096270E+001
-5.93917894696E+001
-5.94162468394E+001
-5.94244531278E+001
-5.94486519165E+001
-5.94216270466E+001
-5.94274409701E+001
-5.94288115733E+001
-5.94900444953E+001
-5.94929491060E+001
-5.95232409703E+001
-5.95297204703E+001
-5.94972909845E+001
-5.95174557017E+001
-5.95080583890E+001
-5.95161689196E+001
-5.95193010567E+001
-5.95294424576E+001
-5.95143569105E+001
-5.95149812375E+001
-5.95655814240E+001
-5.95646951360E+001
-5.95420475038E+001
-5.95741051076E+001
-5.95785402547E+001
-5.95608929105E+001
-5.95145866384E+001
-5.95362158475E+001
-5.95433162600E+001
-5.95504211941E+001
-5.95338665444E+001
-5.95265260582E+001
-5.95345693710E+001
-5.95468974131E+001
-5.95656359501E+001
-5.95827242265E+001
-5.95808760874E+001
-5.95372346417E+001
-5.95443398977E+001
-5.95402004755E+001
-5.95699671404E+001
-5.95589873158E+001
-5.95561036045E+001
-5.95450862261E+001
-5.95500560599E+001
-5.95425621394E+001
-5.95114203645E+001
-5.94959162730E+001
-5.94432881483E+001
-5.94455786543E+001
-5.94502350789E+001
-5.94519904429E+001
-5.94555238263E+001
-5.94466667478E+001
-5.94431021931E+001
-5.94341575681E+001
-5.94590629852E+001
-5.94528911696E+001
-5.94734504037E+001
-5.94785696950E+001
-5.94516153752E+001
-5.94406845773E+001
-5.94448365334E+001
-5.94289795268E+001
-5.94344099791E+001
-5.94187429016E+001
-5.94377348218E+001
-5.94412431626E+001
-5.94660671123E+001
-5.94525054555E+001
-5.94885956750E+001
-5.94992319289E+001
-5.95060194041E+001
-5.94848286147E+001
-5.94908215667E+001
-5.95691438492E+001
-5.95818349820E+001
-5.95965395030E+001
-5.96006540088E+001
-5.95516413362E+001
-5.95227507655E+001
-5.95404127579E+001
-5.95570229252E+001
-5.95684936548E+001
-5.95586462426E+001
-5.95573565501E+001
-5.95393322775E+001
-5.94991012857E+001
-5.94820182048E+001
-5.94569513160E+001
-5.94507885410E+001
-5.94472340664E+001
-5.94531960378E+001
-5.94317950663E+001
-5.94173998870E+001
-5.94357297803E+001
-5.94364326111E+001
-5.94545121558E+001
-5.93966822887E+001
-5.93927599793E+001
-5.94321918574E+001
-5.94332966081E+001
-5.94648648514E+001
-5.94510045344E+001
-5.94364774509E+001
-5.94161719050E+001
-5.94163918736E+001
-5.94263920616E+001
-5.93967328451E+001
-5.93953192424E+001
-5.94053903617E+001
-5.94240783493E+001
-5.94127224560E+001
-5.94157205143E+001
-5.94219781152E+001
-5.93984035682E+001
-5.94118980034E+001
-5.93931961214E+001
-5.93892934753E+001
-5.93805293002E+001
-5.93414488987E+001
-5.93497640353E+001
-5.93705397114E+001
-5.93544504626E+001
-5.93734810757E+001
-5.93882685801E+001
-5.93674672131E+001
-5.93850928603E+001
-5.93956469172E+001
-5.93973029719E+001
-5.94050273893E+001
-5.94019960740E+001
-5.94260771569E+001
-5.94000353194E+001
-5.93933495905E+001
-5.93982793782E+001
-5.94166388006E+001
-5.94053170516E+001
-5.94849718984E+001
-5.94943749370E+001
-5.94773738512E+001
-5.95148787641E+001
-5.95100317204E+001
-5.95320018752E+001
-5.95302271533E+001
-5.95529871934E+001
-5.95497568708E+001
-5.95573907146E+001
-5.95494302408E+001
-5.95374502430E+001
-5.95609490173E+001
-5.95509049961E+001
-5.95628681993E+001
-5.95488482556E+001
-5.95554419657E+001
-5.95478746585E+001
-5.95513373467E+001
-5.95567243885E+001
-5.95418451578E+001
-5.94862642397E+001
-5.94655051306E+001
-5.94619527011E+001
-5.94926221393E+001
-5.94736144720E+001
-5.94343270224E+001
-5.94575820441E+001
-5.94542408377E+001
-5.94624546882E+001
-5.94561662432E+001
-5.94569445861E+001
-5.94482058600E+001
-5.94103788800E+001
-5.94335112881E+001
-5.94168040315E+001
-5.94022870740E+001
-5.94114821518E+001
-5.94046922492E+001
-5.94168589597E+001
-5.94024333846E+001
-5.94125317565E+001
-5.94077398320E+001
-5.94261919571E+001
-5.94426629737E+001
-5.94301554278E+001
-5.94161442953E+001
-5.94121622392E+001
-5.94061012075E+001
-5.94051584518E+001
-5.94293714961E+001
-5.94071316557E+001
-5.94144749848E+001
-5.93922504080E+001
-5.93751596316E+001
-5.93658546424E+001
-5.93865516014E+001
-5.94084055173E+001
-5.94089615395E+001
-5.94510666095E+001
-5.94731348327E+001
-5.94726247514E+001
-5.94696760077E+001
-5.94611530137E+001
-5.94364939673E+001
-5.94076522946E+001
-5.94308506261E+001
-5.94146272021E+001
-5.94231329671E+001
-5.93994378608E+001
-5.94185968387E+001
-5.93812264081E+001
-5.93811480044E+001
-5.93772042574E+001
-5.93591662327E+001
-5.93636663800E+001
-5.93830240326E+001
-5.93858355202E+001
-5.94292373542E+001
-5.94239542193E+001
-5.94209280571E+001
-5.94219112515E+001
-5.94334234249E+001
-5.94148438172E+001
-5.94222167186E+001
-5.94058701208E+001
-5.94323610582E+001
-5.94216793255E+001
-5.93533950272E+001
-5.93714429054E+001
-5.93397594477E+001
-5.93341716137E+001
-5.93349083518E+001
-5.93848740999E+001
-5.93784494303E+001
-5.93824830422E+001
-5.94153597495E+001
-5.94334674469E+001
-5.94288852988E+001
-5.94347397096E+001
-5.94268540265E+001
-5.94370192018E+001
-5.94510196617E+001
-5.94668767257E+001
-5.94953743413E+001
-5.95071296977E+001
-5.95329199495E+001
-5.95125890475E+001
-5.95020012867E+001
-5.95038745074E+001
-5.94958362496E+001
-5.95082476968E+001
-5.95311679757E+001
-5.95263352587E+001
-5.95372805396E+001
-5.94974665039E+001
-5.95074255615E+001
-5.95053123918E+001
-5.95136501463E+001
-5.95163657451E+001
-5.95117390457E+001
-5.95270577921E+001
-5.95509661592E+001
-5.95972021230E+001
-5.96069960208E+001
-5.95935775074E+001
-5.95846972154E+001
-5.95690967230E+001
-5.95853220503E+001
-5.95981228105E+001
-5.96019505421E+001
-5.95866554271E+001
-5.95975033748E+001
-5.96153851763E+001
-5.96366184062E+001
-5.96468805584E+001
-5.96845904103E+001
-5.96881349679E+001
-5.96592944922E+001
-5.97036662591E+001
-5.97165754538E+001
-5.97217250078E+001
-5.97557744238E+001
-5.97587859680E+001
-5.97675793361E+001
-5.97589471752E+001
-5.97844446760E+001
-5.98541200428E+001
-5.98753109068E+001
-5.98968110559E+001
-5.99768956230E+001
-5.99530881003E+001
-5.99531766521E+001
-5.99617848030E+001
-5.99645431212E+001
-5.99937993155E+001
-5.99927605020E+001
-6.00197530329E+001
-6.00082081601E+001
-6.00322618406E+001
-6.00409089366E+001
-6.01057933672E+001
-6.01427613303E+001
-6.01246819839E+001
-6.01348581199E+001
-6.01257420798E+001
-6.01308553805E+001
-6.01610676283E+001
-6.02010302498E+001
-6.02091622632E+001
-6.02317570306E+001
-6.02661628870E+001
-6.02880663671E+001
-6.02960906414E+001
-6.03794535374E+001
-6.03686886764E+001
-6.03830423530E+001
-6.04058558586E+001
-6.03923220037E+001
-6.04181165776E+001
-6.04471518206E+001
-6.04567442688E+001
-6.04410391963E+001
-6.04691080327E+001
-6.05014855461E+001
-6.05143011325E+001
-6.05156052302E+001
-6.04939596409E+001
-6.05263091257E+001
-6.05222299530E+001
-6.05351754199E+001
-6.05600848125E+001
-6.05473561157E+001
-6.06006354891E+001
-6.05978062591E+001
-6.06067344306E+001
-6.06303654591E+001
-6.06392587650E+001
-6.06476388787E+001
-6.06342220597E+001
-6.06653971018E+001
-6.06825263357E+001
-6.07429850906E+001
-6.07696048767E+001
-6.07731555547E+001
-6.07919697089E+001
-6.07932594263E+001
-6.07888543089E+001
-6.07840641509E+001
-6.08018696201E+001
-6.08271080693E+001
-6.08262081469E+001
-6.08091575030E+001
-6.08253991379E+001
-6.08102488640E+001
-6.08158590584E+001
-6.08444925965E+001
-6.08263276141E+001
-6.08418405441E+001
-6.08354113421E+001
-6.08704548350E+001
-6.08689731206E+001
-6.08769718242E+001
-6.08660763884E+001
-6.08947668620E+001
-6.09120394832E+001
-6.08875110515E+001
-6.08817702003E+001
-6.08841199852E+001
-6.08777616675E+001
-6.08573315333E+001
-6.08934647382E+001
-6.08857297613E+001
-6.08936912046E+001
-6.08791134537E+001
-6.08778602960E+001
-6.08950947278E+001
-6.08947252774E+001
-6.09063230031E+001
-6.08783679632E+001
-6.08647787393E+001
-6.08840439082E+001
-6.08958885867E+001
-6.09429108478E+001
-6.09619576846E+001
-6.09837544099E+001
-6.09632425883E+001
-6.09202797540E+001
-6.09161145027E+001
-6.09160805493E+001
-6.09231755609E+001
-6.09425718079E+001
-6.10016732018E+001
-6.10311063689E+001
-6.10379181718E+001
-6.10981754975E+001
-6.11193916017E+001
-6.11956465830E+001
-6.12319325528E+001
-6.12365618242E+001
-6.12454029125E+001
-6.12564965106E+001
-6.12645856231E+001
-6.12606418748E+001
-6.12687098030E+001
-6.12473115560E+001
-6.12658391201E+001
-6.12570470526E+001
-6.12471710838E+001
-6.12616439027E+001
-6.12791152186E+001
-6.13163593887E+001
-6.13093959848E+001
-6.13482696212E+001
-6.12929939116E+001
-6.13074161386E+001
-6.13259443236E+001
-6.13632525315E+001
-6.14011008913E+001
-6.13905064383E+001
-6.14226644805E+001
-6.13986646720E+001
-6.13976071339E+001
-6.13983610957E+001
-6.14019987412E+001
-6.13955281804E+001
-6.13561580051E+001
-6.13457848760E+001
-6.13365930417E+001
-6.13239448802E+001
-6.13073014017E+001
-6.13415401121E+001
-6.13553479975E+001
-6.13156999338E+001
-6.12903049025E+001
-6.13150170079E+001
-6.13215110925E+001
-6.13155212119E+001
-6.12508187670E+001
-6.12158738393E+001
-6.12133956166E+001
-6.11340016920E+001
-6.11303469210E+001
-6.11200523303E+001
-6.11009308080E+001
-6.11088946948E+001
-6.11177347102E+001
-6.10997086547E+001
-6.10794381776E+001
-6.10774076922E+001
-6.10767803310E+001
-6.10527155565E+001
-6.09983478709E+001
-6.10025120761E+001
-6.09817855926E+001
-6.09565790594E+001
-6.09641538049E+001
-6.09566605105E+001
-6.08996004156E+001
-6.09352335981E+001
-6.09335810379E+001
-6.09137074478E+001
-6.08964072733E+001
-6.09217849286E+001
-6.09060922117E+001
-6.08078275219E+001
-6.07873977846E+001
-6.08338603095E+001
-6.08308647672E+001
-6.08666088948E+001
-6.08691567760E+001
-6.08780851503E+001
-6.08459634255E+001
-6.08296290816E+001
-6.08159387293E+001
-6.07842193069E+001
-6.07343877441E+001
-6.07623870268E+001
-6.07960844121E+001
-6.07881134204E+001
-6.08163378644E+001
-6.07982943952E+001
-6.07931150145E+001
-6.07942040391E+001
-6.07574678389E+001
-6.07272654565E+001
-6.07239290054E+001
-6.07230048827E+001
-6.07170059919E+001
-6.07498212203E+001
-6.08872904776E+001
-6.08849670201E+001
-6.08474340561E+001
-6.07725333377E+001
-6.07735543765E+001
-6.07584307593E+001
-6.07388213843E+001
-6.07378325508E+001
-6.07363009837E+001
-6.07091174719E+001
-6.07504430579E+001
-6.07002056030E+001
-6.07005704649E+001
-6.07336823692E+001
-6.07278946405E+001
-6.07265528159E+001
-6.07435979384E+001
-6.07515132496E+001
-6.07269420924E+001
-6.07403948989E+001
-6.07462702384E+001
-6.07457622810E+001
-6.07371514905E+001
-6.07465789811E+001
-6.07251123604E+001
-6.07118945140E+001
-6.07465158539E+001
-6.07345467313E+001
-6.07722305239E+001
-6.07829710368E+001
-6.07612741286E+001
-6.07644986701E+001
-6.07312455590E+001
-6.07330205097E+001
-6.07397952528E+001
-6.07189910995E+001
-6.07107671234E+001
-6.07713826146E+001
-6.07684491058E+001
-6.07716597319E+001
-6.07932694233E+001
-6.08022952102E+001
-6.08054023583E+001
-6.07999661328E+001
-6.07672718448E+001
-6.07406056585E+001
-6.07266052448E+001
-6.07416076269E+001
-6.07465236944E+001
-6.07827447638E+001
-6.07823074250E+001
-6.08074379325E+001
-6.07992682658E+001
-6.07789690043E+001
-6.07854679527E+001
-6.07590271991E+001
-6.06959016373E+001
-6.06585175065E+001
-6.05688500924E+001
-6.05682107030E+001
-6.05842766095E+001
-6.05681521511E+001
-6.05970831401E+001
-6.06071501988E+001
-6.06210339764E+001
-6.05963220165E+001
-6.05776957765E+001
-6.05685225861E+001
-6.05908868631E+001
-6.05935882274E+001
-6.06397880483E+001
-6.06472830743E+001
-6.06233834635E+001
-6.06368452601E+001
-6.05835875207E+001
-6.05954808234E+001
-6.05723817790E+001
-6.05639805320E+001
-6.05707821709E+001
-6.05279340903E+001
-6.05427608204E+001
-6.04934595420E+001
-6.04950532813E+001
-6.05006418099E+001
-6.05023177902E+001
-6.04892625629E+001
-6.05223839367E+001
-6.05311681493E+001
-6.05451500701E+001
-6.05369374233E+001
-6.05560323560E+001
-6.05377976087E+001
-6.04818292979E+001
-6.04712503718E+001
-6.05001273088E+001
-6.05172462256E+001
-6.05387502799E+001
-6.05424989728E+001
-6.05361355302E+001
-6.05196955180E+001
-6.05463944668E+001
-6.05538759041E+001
-6.05673277109E+001
-6.05567003809E+001
-6.05755013880E+001
-6.05843447886E+001
-6.05850097472E+001
-6.06065063044E+001
-6.06558834215E+001
-6.06417600658E+001
-6.06703313790E+001
-6.06807460378E+001
-6.07315783552E+001
-6.07335357388E+001
-6.07015225862E+001
-6.07163527450E+001
-6.07545138218E+001
-6.07445146180E+001
-6.07568663764E+001
-6.08603816687E+001
-6.07993859780E+001
-6.08214461718E+001
-6.08593479019E+001
-6.08623644638E+001
-6.08158215870E+001
-6.09037764579E+001
-6.09411764159E+001
-6.09473445405E+001
-6.09731454879E+001
-6.09816477558E+001
-6.09429260256E+001
-6.09280727863E+001
-6.09096369909E+001
-6.09414755659E+001
-6.09443849800E+001
-6.09703024775E+001
-6.09653998890E+001
-6.10007542562E+001
-6.09917651471E+001
-6.09697281325E+001
-6.10223091053E+001
-6.10817686732E+001
-6.11049744043E+001
-6.11096563846E+001
-6.11591394646E+001
-6.12095330019E+001
-6.12387539519E+001
-6.12343882475E+001
-6.12769815133E+001
-6.13070804733E+001
-6.12730614158E+001
-6.11370821240E+001
-6.11054002780E+001
-6.11277261491E+001
-6.11582734397E+001
-6.11454592791E+001
-6.11941938108E+001
-6.13087765240E+001
-6.13113091891E+001
-6.13123692257E+001
-6.13496158671E+001
-6.13208704093E+001
-6.13440697295E+001
-6.13580686451E+001
-6.13444066598E+001
-6.13539919446E+001
-6.13859514610E+001
-6.13609125466E+001
-6.13615618496E+001
-6.14102790920E+001
-6.14516648128E+001
-6.14360059830E+001
-6.14252846183E+001
-6.14421050411E+001
-6.14441884057E+001
-6.14744974363E+001
-6.14559253513E+001
-6.14227201772E+001
-6.14530837569E+001
-6.14268645968E+001
-6.14220446889E+001
-6.14499686122E+001
-6.14439632318E+001
-6.14592747670E+001
-6.14417114148E+001
-6.14953928839E+001
-6.15103067479E+001
-6.15477510242E+001
-6.14778208348E+001
-6.15034858398E+001
-6.15445488622E+001
-6.15629054513E+001
-6.15558433681E+001
-6.15669918564E+001
-6.15619918100E+001
-6.15595155797E+001
-6.15760504421E+001
-6.16020514225E+001
-6.16155893657E+001
-6.16672447023E+001
-6.16112492780E+001
-6.16289722890E+001
-6.16076540210E+001
-6.15968112195E+001
-6.15646553373E+001
-6.15507110443E+001
-6.15788120388E+001
-6.16065476717E+001
-6.16121449078E+001
-6.16048481177E+001
-6.16027390892E+001
-6.16182354665E+001
-6.16290859210E+001
-6.16377154744E+001
-6.16456390145E+001
-6.16637446552E+001
-6.16906387625E+001
-6.17313946591E+001
-6.17334023629E+001
-6.17418206265E+001
-6.17605912980E+001
-6.16900031485E+001
-6.16753559057E+001
-6.16712654089E+001
-6.17219983107E+001
-6.16974851672E+001
-6.17064754490E+001
-6.16879411654E+001
-6.17195456002E+001
-6.17086472928E+001
-6.16978736427E+001
-6.16761463684E+001
-6.16883115622E+001
-6.16998046116E+001
-6.16922583885E+001
-6.17044244372E+001
-6.17872920351E+001
-6.17644616154E+001
-6.17763310804E+001
-6.17854907181E+001
-6.17878200132E+001
-6.18038537610E+001
-6.18254193254E+001
-6.19341665797E+001
-6.19280839730E+001
-6.19251344588E+001
-6.19573996222E+001
-6.19603635415E+001
-6.19484308620E+001
-6.19728235366E+001
-6.20130624531E+001
-6.20000376947E+001
-6.19905212422E+001
-6.20238378823E+001
-6.20019246828E+001
-6.20096068345E+001
-6.20564837935E+001
-6.20641773853E+001
-6.20456805831E+001
-6.19983511549E+001
-6.20000212071E+001
-6.20038650449E+001
-6.19981417485E+001
-6.19813223509E+001
-6.20114509043E+001
-6.20224065995E+001
-6.19991254438E+001
-6.19790031427E+001
-6.20040805485E+001
-6.20159995050E+001
-6.19312330139E+001
-6.19126287321E+001
-6.19151712369E+001
-6.18835254724E+001
-6.18513281386E+001
-6.18754792378E+001
-6.18173411767E+001
-6.17778131911E+001
-6.17623957367E+001
-6.17066263108E+001
-6.16907963407E+001
-6.17149093403E+001
-6.16977268854E+001
-6.17258318217E+001
-6.17231884781E+001
-6.17601852998E+001
-6.17541373194E+001
-6.17419785085E+001
-6.17480108471E+001
-6.17503341954E+001
-6.17854447414E+001
-6.17298256639E+001
-6.16465292861E+001
-6.16599589052E+001
-6.16716783047E+001
-6.16531456722E+001
-6.16099540249E+001
-6.16151337356E+001
-6.16419504917E+001
-6.16056908543E+001
-6.15860258357E+001
-6.16108244298E+001
-6.16438258712E+001
-6.16538353895E+001
-6.16553434662E+001
-6.16398990279E+001
-6.16238401235E+001
-6.15913708108E+001
-6.15205667461E+001
-6.15029112800E+001
-6.14815567011E+001
-6.14842321040E+001
-6.14876950132E+001
-6.14879641983E+001
-6.14545498557E+001
-6.14631386645E+001
-6.14337777751E+001
-6.14276245300E+001
-6.14324820964E+001
-6.14187161231E+001
-6.13991779874E+001
-6.13324116318E+001
-6.13545692825E+001
-6.13355282573E+001
-6.13387250083E+001
-6.13198768341E+001
-6.13310435980E+001
-6.13281375579E+001
-6.14160901251E+001
-6.14006304408E+001
-6.13907522592E+001
-6.14443715920E+001
-6.14204020086E+001
-6.14226168814E+001
-6.14102500726E+001
-6.13870315485E+001
-6.13470357131E+001
-6.13499942936E+001
-6.13380633586E+001
-6.13607933755E+001
-6.14120179552E+001
-6.13463572682E+001
-6.13216824914E+001
-6.13293963892E+001
-6.13081777079E+001
-6.13095343552E+001
-6.13363876136E+001
-6.13186013407E+001
-6.13088349394E+001
-6.13049726021E+001
-6.12404779596E+001
-6.12476884060E+001
-6.12472711739E+001
-6.12557218610E+001
-6.12796206670E+001
-6.12737130739E+001
-6.13064726061E+001
-6.12671840942E+001
-6.12389289470E+001
-6.12481900340E+001
-6.12567907653E+001
-6.12287552963E+001
-6.12221385792E+001
-6.12613172593E+001
-6.12245330041E+001
-6.12665167523E+001
-6.12260152143E+001
-6.12567798479E+001
-6.12667341654E+001
-6.12908958462E+001
-6.12760708314E+001
-6.12484950086E+001
-6.12693071281E+001
-6.12758072189E+001
-6.12585931945E+001
-6.11995596037E+001
-6.11883355782E+001
-6.11984872690E+001
-6.12315947899E+001
-6.12010804919E+001
-6.11971232410E+001
-6.11924652505E+001
-6.11809513624E+001
-6.12250531191E+001
-6.12128339656E+001
-6.12244279133E+001
-6.12011302101E+001
-6.11391914176E+001
-6.11091525610E+001
-6.10792110526E+001
-6.10480954340E+001
-6.10693093300E+001
-6.10659392092E+001
-6.10735232288E+001
-6.09707756406E+001
-6.09982466289E+001
-6.10099028699E+001
-6.10105329275E+001
-6.09785598178E+001
-6.10075063427E+001
-6.10534162149E+001
-6.10341809124E+001
-6.10601128933E+001
-6.10371010611E+001
-6.10073215298E+001
-6.10294187436E+001
-6.10084361102E+001
-6.09977787765E+001
-6.09682016255E+001
-6.09584370097E+001
-6.09776773344E+001
-6.10177748626E+001
-6.10198730137E+001
-6.10512480069E+001
-6.10408041554E+001
-6.10046796139E+001
-6.09875694178E+001
-6.10117258952E+001
-6.10097568677E+001
-6.10021398064E+001
-6.09780636526E+001
-6.10315601200E+001
-6.10372051918E+001
-6.10408935509E+001
-6.10659738199E+001
-6.10540747404E+001
-6.10760565542E+001
-6.10905094415E+001
-6.11093242074E+001
-6.11363688549E+001
-6.11518680971E+001
-6.11538359234E+001
-6.11121903845E+001
-6.11321970725E+001
-6.10976256901E+001
-6.11424541930E+001
-6.11560602941E+001
-6.11432003944E+001
-6.11416341772E+001
-6.10882395849E+001
-6.10454326922E+001
-6.09903164278E+001
-6.09465533783E+001
-6.09154678398E+001
-6.08534587100E+001
-6.07781054019E+001
-6.07161465440E+001
-6.06627853389E+001
-6.06132215244E+001
-6.05613357455E+001
-6.04986609127E+001
-6.04640874086E+001
-6.04198173796E+001
-6.03763826113E+001
-6.03456957686E+001
-6.03025965579E+001
-6.02796079993E+001
-6.02685112419E+001
-6.02296659583E+001
-6.01553643320E+001
-6.01498848715E+001
-6.01543894482E+001
-6.00770742624E+001
-6.00253584486E+001
-5.99967143695E+001
-5.99825525975E+001
-5.99498261170E+001
-5.99170113323E+001
-5.98656046957E+001
-5.98529064561E+001
-5.98106261187E+001
-5.97614457383E+001
-5.97436517727E+001
-5.97082287501E+001
-5.96665861549E+001
-5.95968238716E+001
-5.95751018465E+001
-5.95158961643E+001
-5.95115987768E+001
-5.93921269171E+001
-5.93819290490E+001
-5.93520361078E+001
-5.92603041398E+001
-5.92282208050E+001
-5.91769560131E+001
-5.91309304369E+001
-5.91288233422E+001
-5.90689055191E+001
-5.90354686304E+001
-5.89868751395E+001
-5.89265241558E+001
-5.87958094809E+001
-5.87862024837E+001
-5.87617699441E+001
-5.87307372565E+001
-5.86949010254E+001
-5.86592089184E+001
-5.86141838983E+001
-5.85771846981E+001
-5.85265751431E+001
-5.84820491317E+001
-5.84614494826E+001
-5.84255565998E+001
-5.83735579368E+001
-5.83519203899E+001
-5.83100726253E+001
-5.82843021934E+001
-5.82095945695E+001
-5.81868636219E+001
-5.81494834579E+001
-5.81035146241E+001
-5.80619850763E+001
-5.80373048345E+001
-5.79915895233E+001
-5.79250641256E+001
-5.79080061535E+001
-5.78161096133E+001
-5.77705867866E+001
-5.76860000985E+001
-5.76517280154E+001
-5.76031864037E+001
-5.75759374414E+001
-5.75556589310E+001
-5.75103959265E+001
-5.74748150451E+001
-5.74718567861E+001
-5.74400951043E+001
-5.74191352981E+001
-5.73780017954E+001
-5.73289391138E+001
-5.72983515073E+001
-5.72635069226E+001
-5.72431420058E+001
-5.72399220999E+001
-5.71541234234E+001
-5.71380897029E+001
-5.70967554083E+001
-5.70958763639E+001
-5.70642697268E+001
-5.70313162683E+001
-5.70035496152E+001
-5.69806016793E+001
-5.69300092452E+001
-5.68791443493E+001
-5.68188904908E+001
-5.67958321314E+001
-5.67392865869E+001
-5.66927494195E+001
-5.66135558851E+001
-5.65604790042E+001
-5.65047265224E+001
-5.64124899502E+001
-5.63679276325E+001
-5.63225612872E+001
-5.62912636583E+001
-5.62468058464E+001
-5.61871646914E+001
-5.61656623309E+001
-5.61034721706E+001
-5.60698781292E+001
-5.60101355409E+001
-5.59875496458E+001
-5.59201817778E+001
-5.58632046331E+001
-5.57899612970E+001
-5.57654219129E+001
-5.57609472977E+001
-5.57336796970E+001
-5.57145941282E+001
-5.56986626026E+001
-5.56637632907E+001
-5.56507450027E+001
-5.55561152857E+001
-5.55175401108E+001
-5.54592589479E+001
-5.53956305900E+001
-5.53957686384E+001
-5.53223727487E+001
-5.52662958093E+001
-5.52059817121E+001
-5.51382467549E+001
-5.50730950797E+001
-5.50557595201E+001
-5.50299522652E+001
-5.49925657131E+001
-5.49588692106E+001
-5.48726779279E+001
-5.48174402201E+001
-5.47745031973E+001
-5.47475386716E+001
-5.47385349102E+001
-5.47395352059E+001
-5.47308299793E+001
-5.47338687646E+001
-5.47358855687E+001
-5.47331337432E+001
-5.47409255507E+001
-5.47501494146E+001
-5.47540717962E+001
-5.47598043840E+001
-5.47541540060E+001
-5.47742411428E+001
-5.47644432963E+001
-5.47317624049E+001
-5.47214878374E+001
-5.47278959443E+001
-5.47329189092E+001
-5.47161386921E+001
-5.47120230543E+001
-5.47157509556E+001
-5.47265900460E+001
-5.47103507133E+001
-5.46983704727E+001
-5.47154238498E+001
-5.47221882233E+001
-5.46995904771E+001
-5.46982865558E+001
-5.46748708551E+001
-5.46766085278E+001
-5.46792884103E+001
-5.46713320846E+001
-5.46729520858E+001
-5.46683052636E+001
-5.46589872817E+001
-5.46499968574E+001
-5.46539794311E+001
-5.46846196358E+001
-5.46756647186E+001
-5.46581172159E+001
-5.46474122660E+001
-5.46351440569E+001
-5.45993266050E+001
-5.45954012179E+001
-5.45993302954E+001
-5.46048398551E+001
-5.46082819269E+001
-5.46123498199E+001
-5.46229909563E+001
-5.46375200808E+001
-5.46288553532E+001
-5.46225984605E+001
-5.46257274788E+001
-5.46574324951E+001
-5.46514313828E+001
-5.46403958632E+001
-5.46352345586E+001
-5.46551836213E+001
-5.46659031487E+001
-5.46461662735E+001
-5.46518179430E+001
-5.46329876870E+001
-5.46402195583E+001
-5.46462923956E+001
-5.46525531049E+001
-5.46602408571E+001
-5.46593295701E+001
-5.46592419698E+001
-5.46693475399E+001
-5.46671889689E+001
-5.46773355624E+001
-5.46642051321E+001
-5.46762091776E+001
-5.46792977284E+001
-5.47075473961E+001
-5.47116444167E+001
-5.47145093301E+001
-5.46990170084E+001
-5.47088845479E+001
-5.47207983191E+001
-5.47179559840E+001
-5.46884527783E+001
-5.46846477658E+001
-5.46774714628E+001
-5.46769940792E+001
-5.46620474923E+001
-5.46641445721E+001
-5.46492195111E+001
-5.46432715693E+001
-5.46542849474E+001
-5.46488728523E+001
-5.46394498802E+001
-5.46401296254E+001
-5.46426870975E+001
-5.46336106100E+001
-5.46197420091E+001
-5.46318808751E+001
-5.46046015026E+001
-5.46116184941E+001
-5.45911689485E+001
-5.45700799930E+001
-5.45814062152E+001
-5.46062407321E+001
-5.46061653508E+001
-5.46195306944E+001
-5.46416484268E+001
-5.46424623248E+001
-5.46603702950E+001
-5.46518162374E+001
-5.46367931829E+001
-5.46508858970E+001
-5.46712459863E+001
-5.46613177187E+001
-5.46600963039E+001
-5.46637418783E+001
-5.46510954704E+001
-5.46795549464E+001
-5.46960730086E+001
-5.47103293700E+001
-5.47116855858E+001
-5.47106095329E+001
-5.47288666270E+001
-5.47508440573E+001
-5.47415607386E+001
-5.47522533836E+001
-5.47554575026E+001
-5.47738803034E+001
-5.47518063940E+001
-5.47351794304E+001
-5.47357515167E+001
-5.47243166135E+001
-5.47097013870E+001
-5.47113159106E+001
-5.47279043843E+001
-5.47424966282E+001
-5.47471387495E+001
-5.47517804916E+001
-5.47565082049E+001
-5.47566391112E+001
-5.47671334113E+001
-5.47902067379E+001
-5.47742305472E+001
-5.47991211793E+001
-5.47977420627E+001
-5.47929434926E+001
-5.48309692867E+001
-5.48353324466E+001
-5.48287302513E+001
-5.48187955510E+001
-5.48223439185E+001
-5.48343809922E+001
-5.48347057613E+001
-5.48374566813E+001
-5.48265272982E+001
-5.48545978674E+001
-5.48448473443E+001
-5.48422843374E+001
-5.48580212173E+001
-5.48431592993E+001
-5.48536095004E+001
-5.48483024109E+001
-5.48413854915E+001
-5.48280452738E+001
-5.48186468636E+001
-5.48084901676E+001
-5.48108467559E+001
-5.48034127719E+001
-5.48069757908E+001
-5.48017617273E+001
-5.48164668698E+001
-5.48189697023E+001
-5.48187847149E+001
-5.48476382081E+001
-5.48525298442E+001
-5.48459348065E+001
-5.48453308687E+001
-5.48623294509E+001
-5.48553269722E+001
-5.48403545055E+001
-5.48434539914E+001
-5.48488426793E+001
-5.48643366657E+001
-5.48659375133E+001
-5.48602891962E+001
-5.48618166273E+001
-5.48663007033E+001
-5.48710253834E+001
-5.48720441900E+001
-5.48519062206E+001
-5.48631635413E+001
-5.48674541824E+001
-5.48523284586E+001
-5.48526514245E+001
-5.48720540970E+001
-5.48692150305E+001
-5.48682409052E+001
-5.48613083158E+001
-5.48539894898E+001
-5.48527780920E+001
-5.48193396017E+001
-5.48025752165E+001
-5.48010077380E+001
-5.47954436315E+001
-5.47938202554E+001
-5.47757813674E+001
-5.47727612446E+001
-5.47641431193E+001
-5.47493340743E+001
-5.47305450897E+001
-5.47134914533E+001
-5.47043675178E+001
-5.46944988603E+001
-5.46943708735E+001
-5.46800585177E+001
-5.46625130093E+001
-5.46584876454E+001
-5.46489964891E+001
-5.46328175056E+001
-5.46160749330E+001
-5.46157554646E+001
-5.46256356245E+001
-5.46295657551E+001
-5.46395343236E+001
-5.46307788849E+001
-5.46590953843E+001
-5.46331931139E+001
-5.46285480870E+001
-5.46344905401E+001
-5.46374921661E+001
-5.46127889652E+001
-5.46164366466E+001
-5.46235509060E+001
-5.46407702569E+001
-5.46538355053E+001
-5.46565344718E+001
-5.46521269255E+001
-5.46500414290E+001
-5.46514426049E+001
-5.46467237111E+001
-5.46439653857E+001
-5.46474931333E+001
-5.46361567097E+001
-5.46422129931E+001
-5.46564465432E+001
-5.46701301578E+001
-5.46888432101E+001
-5.46901707808E+001
-5.46819035401E+001
-5.46871687857E+001
-5.46696751274E+001
-5.46597748015E+001
-5.46497407458E+001
-5.46305737639E+001
-5.46120602856E+001
-5.45986072100E+001
-5.45875084362E+001
-5.45838786575E+001
-5.45897924257E+001
-5.45705437098E+001
-5.45850515063E+001
-5.45829017498E+001
-5.45947629676E+001
-5.45759047613E+001
-5.45616585304E+001
-5.45477130829E+001
-5.45468035990E+001
-5.45391589003E+001
-5.45113496595E+001
-5.44851052403E+001
-5.44584808976E+001
-5.44466194427E+001
-5.44285954969E+001
-5.44135637311E+001
-5.44166356890E+001
-5.44084102396E+001
-5.43980572777E+001
-5.43848416206E+001
-5.43562633747E+001
-5.43586399059E+001
-5.43479344124E+001
-5.43372776184E+001
-5.43331439115E+001
-5.43416797510E+001
-5.43238435414E+001
-5.43000101727E+001
-5.42946759306E+001
-5.42969071825E+001
-5.42906677719E+001
-5.42811815240E+001
-5.42729841690E+001
-5.42792691979E+001
-5.42549757815E+001
-5.42624606532E+001
-5.42374692476E+001
-5.42327470001E+001
-5.42175088822E+001
-5.41928349461E+001
-5.42125344896E+001
-5.41985259848E+001
-5.42099699029E+001
-5.41787546626E+001
-5.41682124159E+001
-5.41678928883E+001
-5.41805039746E+001
-5.41805559990E+001
-5.41555057433E+001
-5.41548228540E+001
-5.41565147600E+001
-5.41282194882E+001
-5.41328636437E+001
-5.41021031477E+001
-5.41035786487E+001
-5.40856231140E+001
-5.40850560073E+001
-5.40864443867E+001
-5.40796282476E+001
-5.40848268507E+001
-5.40822958630E+001
-5.40721384471E+001
-5.40647629943E+001
-5.40532534655E+001
-5.40290012207E+001
-5.40115931863E+001
-5.39961511973E+001
-5.39935494664E+001
-5.39976850459E+001
-5.39770646464E+001
-5.39476584143E+001
-5.39507179383E+001
-5.39592893833E+001
-5.39600415745E+001
-5.39637287219E+001
-5.39586828231E+001
-5.39545381153E+001
-5.39583794772E+001
-5.39555946329E+001
-5.39384605228E+001
-5.39354239645E+001
-5.39347145825E+001
-5.39247521728E+001
-5.38982296621E+001
-5.39084449890E+001
-5.39224280768E+001
-5.39279941088E+001
-5.39300128077E+001
-5.39295181621E+001
-5.39171182390E+001
-5.39081184360E+001
-5.39171061326E+001
-5.39183303123E+001
-5.39290231287E+001
-5.39282784321E+001
-5.39334882740E+001
-5.39231744419E+001
-5.39142211418E+001
-5.39209858889E+001
-5.39208330561E+001
-5.39424692383E+001
-5.39530796989E+001
-5.39413660483E+001
-5.39381732604E+001
-5.39352616513E+001
-5.39472606162E+001
-5.39467581213E+001
-5.39551274398E+001
-5.39724685000E+001
-5.39663374612E+001
-5.39743035150E+001
-5.39764141488E+001
-5.39702751278E+001
-5.39668584481E+001
-5.39572091684E+001
-5.39342724708E+001
-5.39356274176E+001
-5.39341548314E+001
-5.39083473297E+001
-5.39153418250E+001
-5.39092162368E+001
-5.38973644336E+001
-5.38995143174E+001
-5.39044436470E+001
-5.39109800488E+001
-5.39022962197E+001
-5.38889640518E+001
-5.38631035216E+001
-5.38674555264E+001
-5.38628582368E+001
-5.38697437247E+001
-5.38690570457E+001
-5.38771328827E+001
-5.38835115332E+001
-5.38742402172E+001
-5.38774945910E+001
-5.38704902389E+001
-5.38608617674E+001
-5.38338068055E+001
-5.38191065748E+001
-5.38102206528E+001
-5.38050619430E+001
-5.38180770051E+001
-5.38357256352E+001
-5.38620285823E+001
-5.38645103356E+001
-5.38703419972E+001
-5.38724987704E+001
-5.38758423781E+001
-5.38761977872E+001
-5.38544352707E+001
-5.38379012525E+001
-5.38204778141E+001
-5.38123970519E+001
-5.38125623545E+001
-5.37946909984E+001
-5.38098085257E+001
-5.38223550754E+001
-5.38294931161E+001
-5.38439457221E+001
-5.38507506719E+001
-5.38569552457E+001
-5.38701793646E+001
-5.38980717103E+001
-5.38977772170E+001
-5.39005611809E+001
-5.38958898764E+001
-5.38797061049E+001
-5.38768264038E+001
-5.38719031713E+001
-5.38720483435E+001
-5.38608302214E+001
-5.38510287392E+001
-5.38642906563E+001
-5.38576668761E+001
-5.38494043489E+001
-5.38396923265E+001
-5.38472401049E+001
-5.38481413355E+001
-5.38567651671E+001
-5.38554805913E+001
-5.38520293949E+001
-5.38519439473E+001
-5.38493859977E+001
-5.38372600826E+001
-5.38291475419E+001
-5.38396400785E+001
-5.38484083366E+001
-5.38526068586E+001
-5.38632029217E+001
-5.38479227095E+001
-5.38125785678E+001
-5.38132617521E+001
-5.38059855143E+001
-5.38064690444E+001
-5.38019137883E+001
-5.37895650797E+001
-5.37723580068E+001
-5.37896035153E+001
-5.37932984545E+001
-5.37884640434E+001
-5.37809988691E+001
-5.37783119770E+001
-5.37745370290E+001
-5.37944714856E+001
-5.37855730494E+001
-5.37997761993E+001
-5.37986521201E+001
-5.38014397690E+001
-5.38239851395E+001
-5.38316386633E+001
-5.38318835119E+001
-5.38178438024E+001
-5.38319213581E+001
-5.38318437232E+001
-5.38481573280E+001
-5.38616490142E+001
-5.38404182019E+001
-5.38543392133E+001
-5.38473191318E+001
-5.38654761837E+001
-5.38679243232E+001
-5.38752929114E+001
-5.38735154217E+001
-5.38565737673E+001
-5.38433294129E+001
-5.38449279605E+001
-5.38397239283E+001
-5.38322159902E+001
-5.38324668287E+001
-5.38312384434E+001
-5.38333172839E+001
-5.38322900472E+001
-5.38276521102E+001
-5.38449128838E+001
-5.38287065335E+001
-5.38132263531E+001
-5.38029626202E+001
-5.37990673961E+001
-5.38033842927E+001
-5.38246927086E+001
-5.38252351003E+001
-5.38222534732E+001
-5.38207745642E+001
-5.38108392675E+001
-5.38135978612E+001
-5.38103506321E+001
-5.38164878676E+001
-5.38309625641E+001
-5.38123243963E+001
-5.38088495394E+001
-5.37895106913E+001
-5.37808438636E+001
-5.37900010216E+001
-5.37925077261E+001
-5.37991450509E+001
-5.37949969218E+001
-5.37979288275E+001
-5.38459080658E+001
-5.38598729068E+001
-5.38828200845E+001
-5.39140136388E+001
-5.39459074450E+001
-5.39978366706E+001
-5.40024575867E+001
-5.40291726116E+001
-5.40828250982E+001
-5.40901723721E+001
-5.41522606529E+001
-5.42005701849E+001
-5.42099273254E+001
-5.42652002774E+001
-5.42961966225E+001
-5.43229469422E+001
-5.43765468375E+001
-5.44059313031E+001
-5.44365447736E+001
-5.44869225467E+001
-5.45014020577E+001
-5.45187324874E+001
-5.45504130969E+001
-5.45856498274E+001
-5.46041878979E+001
-5.46086917387E+001
-5.46473026229E+001
-5.47023492918E+001
-5.47173503393E+001
-5.47758724969E+001
-5.47994481981E+001
-5.48401169242E+001
-5.48597023334E+001
-5.48842039983E+001
-5.49085020815E+001
-5.49035874419E+001
-5.49264213178E+001
-5.49238265447E+001
-5.49530398615E+001
-5.49720368056E+001
-5.49827790181E+001
-5.50324493272E+001
-5.50614290740E+001
-5.50963675734E+001
-5.51371676072E+001
-5.51773930729E+001
-5.52197898636E+001
-5.52540035303E+001
-5.52852632531E+001
-5.53161310052E+001
-5.53303943553E+001
-5.53727046175E+001
-5.53847874956E+001
-5.54233018408E+001
-5.54574543311E+001
-5.54892701667E+001
-5.55113773333E+001
-5.55167779811E+001
-5.55533649523E+001
-5.55674204137E+001
-5.56057098243E+001
-5.56328148907E+001
-5.56449301514E+001
-5.56597189818E+001
-5.57054209664E+001
-5.57517742201E+001
-5.57888085001E+001
-5.58171469244E+001
-5.58504512942E+001
-5.58737048056E+001
-5.58874658306E+001
-5.58901021454E+001
-5.59193571918E+001
-5.59666855111E+001
-5.60112774668E+001
-5.60373842436E+001
-5.60816203266E+001
-5.60806196054E+001
-5.60931594530E+001
-5.61071239387E+001
-5.61559020052E+001
-5.61681926247E+001
-5.62143455301E+001
-5.62544097849E+001
-5.63156843464E+001
-5.63406485560E+001
-5.63624148424E+001
-5.63851755612E+001
-5.63989225291E+001
-5.64407787932E+001
-5.64527145766E+001
-5.64706154280E+001
-5.64949690542E+001
-5.65404765361E+001
-5.65591225094E+001
-5.65893441854E+001
-5.66265745332E+001
-5.66416477646E+001
-5.66635560416E+001
-5.66758352139E+001
-5.66963842404E+001
-5.66941682641E+001
-5.67207631708E+001
-5.67357361980E+001
-5.67539833555E+001
-5.67916179420E+001
-5.68213927919E+001
-5.68519504894E+001
-5.68847905451E+001
-5.68976429947E+001
-5.69102862321E+001
-5.69275361067E+001
-5.69420200199E+001
-5.69461651397E+001
-5.69966139153E+001
-5.70279864572E+001
-5.70469013307E+001
-5.70758294770E+001
-5.71142360133E+001
-5.71397434633E+001
-5.71694879717E+001
-5.72276596007E+001
-5.72527188146E+001
-5.72951715116E+001
-5.73312431387E+001
-5.73631988601E+001
-5.74141942358E+001
-5.74402900515E+001
-5.74816286314E+001
-5.75018849614E+001
-5.75283527813E+001
-5.75862685941E+001
-5.76103609432E+001
-5.76138138692E+001
-5.76161786539E+001
-5.76420430080E+001
-5.76428428184E+001
-5.76854690872E+001
-5.77044162671E+001
-5.77283548267E+001
-5.77628959673E+001
-5.77721631081E+001
-5.78254280472E+001
-5.78732287730E+001
-5.79112514739E+001
-5.79347891942E+001
-5.79490750292E+001
-5.79826228862E+001
-5.80183738833E+001
-5.80489528253E+001
-5.80828766604E+001
-5.80855380135E+001
-5.80799738459E+001
-5.80704697774E+001
-5.80716703615E+001
-5.80642761331E+001
-5.81165376890E+001
-5.81249828165E+001
-5.81155702364E+001
-5.81133524958E+001
-5.81220092212E+001
-5.80941180310E+001
-5.80774088027E+001
-5.80938649384E+001
-5.80664289480E+001
-5.80581552525E+001
-5.80715863009E+001
-5.80614763844E+001
-5.80448801903E+001
-5.80488139187E+001
-5.80320475622E+001
-5.80630477286E+001
-5.80512100709E+001
-5.80588727571E+001
-5.80712669201E+001
-5.80776261540E+001
-5.80980859187E+001
-5.81083572200E+001
-5.80829426443E+001
-5.80777212510E+001
-5.80701976298E+001
-5.80733799490E+001
-5.80488238486E+001
-5.80660594482E+001
-5.80695798579E+001
-5.80859969187E+001
-5.80905032970E+001
-5.80917607625E+001
-5.81124556576E+001
-5.81057657021E+001
-5.81266099185E+001
-5.81771918440E+001
-5.81375357938E+001
-5.81457395220E+001
-5.81667064567E+001
-5.81550126296E+001
-5.81475826329E+001
-5.81253018508E+001
-5.81055271097E+001
-5.81037238424E+001
-5.80917819444E+001
-5.80869545053E+001
-5.80619649220E+001
-5.80661333532E+001
-5.80493496310E+001
-5.80346494599E+001
-5.80275172213E+001
-5.80173703082E+001
-5.80699664274E+001
-5.80799342277E+001
-5.80902784415E+001
-5.80666903992E+001
-5.80767393213E+001
-5.81102008537E+001
-5.81299549566E+001
-5.81235520872E+001
-5.81181041272E+001
-5.81270449029E+001
-5.81286660589E+001
-5.81322516391E+001
-5.81435263070E+001
-5.81555230998E+001
-5.81731199794E+001
-5.81529466495E+001
-5.81445676610E+001
-5.81336131977E+001
-5.81295084709E+001
-5.81388533520E+001
-5.81635135785E+001
-5.81916578553E+001
-5.82477491813E+001
-5.82265508996E+001
-5.82367169358E+001
-5.82280732656E+001
-5.81995206821E+001
-5.82015737565E+001
-5.82005015072E+001
-5.82306121621E+001
-5.82577613893E+001
-5.82557294428E+001
-5.82415773433E+001
-5.82501837132E+001
-5.82405836077E+001
-5.82403463084E+001
-5.82392889292E+001
-5.82462887374E+001
-5.82447962041E+001
-5.82364257871E+001
-5.82510455329E+001
-5.82540346230E+001
-5.82786973717E+001
-5.82940740658E+001
-5.82995417702E+001
-5.82787737630E+001
-5.82812299411E+001
-5.83007931643E+001
-5.82981266097E+001
-5.82907038143E+001
-5.82922190129E+001
-5.82762704507E+001
-5.82889396071E+001
-5.83163430365E+001
-5.83141681661E+001
-5.83115469112E+001
-5.83089851244E+001
-5.82622396197E+001
-5.82966209931E+001
-5.83005179167E+001
-5.83167246932E+001
-5.83000381719E+001
-5.83166128672E+001
-5.83010218511E+001
-5.82680852589E+001
-5.82820019061E+001
-5.82871388752E+001
-5.82735858771E+001
-5.82638565962E+001
-5.82761550791E+001
-5.82877232576E+001
-5.82847635058E+001
-5.82911402255E+001
-5.82992473046E+001
-5.82824046395E+001
-5.83076359146E+001
-5.83398283619E+001
-5.83530546140E+001
-5.83528103583E+001
-5.83580805242E+001
-5.83515820989E+001
-5.83605889564E+001
-5.83737537444E+001
-5.83697514819E+001
-5.83782928959E+001
-5.83989032030E+001
-5.83973393719E+001
-5.83977917123E+001
-5.83901070164E+001
-5.84004947744E+001
-5.83973574945E+001
-5.83970974198E+001
-5.83662165533E+001
-5.83490484132E+001
-5.83211135111E+001
-5.83178729337E+001
-5.83351936541E+001
-5.83218603121E+001
-5.83198885524E+001
-5.82535716884E+001
-5.82681882543E+001
-5.82752703990E+001
-5.82636259208E+001
-5.82735568743E+001
-5.82640544319E+001
-5.82621501692E+001
-5.82650325713E+001
-5.82658326434E+001
-5.82688121146E+001
-5.82601686452E+001
-5.82633386167E+001
-5.82713160505E+001
-5.82778744684E+001
-5.82779993707E+001
-5.82869647796E+001
-5.82847201985E+001
-5.82752180284E+001
-5.82493956363E+001
-5.82635392141E+001
-5.82624711609E+001
-5.82401684240E+001
-5.82232746681E+001
-5.82428578647E+001
-5.82337259010E+001
-5.82249968331E+001
-5.82235748905E+001
-5.83087764361E+001
-5.83615298349E+001
-5.83900117636E+001
-5.84970914549E+001
-5.85093652101E+001
-5.85429296684E+001
-5.86001830399E+001
-5.86559669141E+001
-5.86826057074E+001
-5.87422562448E+001
-5.87554711978E+001
-5.87687818827E+001
-5.87967114122E+001
-5.89341986373E+001
-5.90015159347E+001
-5.90828889292E+001
-5.91775778642E+001
-5.92459661384E+001
-5.93672290810E+001
-5.94202040820E+001
-5.94577584605E+001
-5.95278963977E+001
-5.95876555738E+001
-5.96406238164E+001
-5.96936567103E+001
-5.96768451439E+001
-5.96842637630E+001
-5.97646513800E+001
-5.97941006751E+001
-5.98778900495E+001
-5.99171424684E+001
-5.99895878950E+001
-6.00610215896E+001
-6.01628022877E+001
-6.02915682318E+001
-6.03335592935E+001
-6.03423647372E+001
-6.04401804993E+001
-6.04863502498E+001
-6.05393864852E+001
-6.06117084889E+001
-6.06620032431E+001
-6.07277958235E+001
-6.07758546151E+001
-6.07957463496E+001
-6.08427901637E+001
-6.08653708393E+001
-6.09037119523E+001
-6.09568733717E+001
-6.10099667311E+001
-6.10555943431E+001
-6.11273378356E+001
-6.11690643237E+001
-6.12150034908E+001
-6.12519863047E+001
-6.13132119803E+001
-6.13558389273E+001
-6.13831479174E+001
-6.14551455581E+001
-6.14899856562E+001
-6.15635527599E+001
-6.15986452984E+001
-6.16576842281E+001
-6.17297061295E+001
-6.18001287665E+001
-6.18175593428E+001
-6.19102224135E+001
-6.19771320796E+001
-6.20082413391E+001
-6.20763555356E+001
-6.21147855849E+001
-6.21403105875E+001
-6.22396039859E+001
-6.23564450185E+001
-6.24154773261E+001
-6.24275300328E+001
-6.24793092078E+001
-6.25610953850E+001
-6.26299701014E+001
-6.27008103477E+001
-6.27929252986E+001
-6.28383295949E+001
-6.29407035765E+001
-6.29388200965E+001
-6.29700434808E+001
-6.29981768210E+001
-6.30498389195E+001
-6.30860049643E+001
-6.31193853754E+001
-6.31801751373E+001
-6.32063085637E+001
-6.32545869784E+001
-6.33626291908E+001
-6.34381348667E+001
-6.34655736433E+001
-6.35041843231E+001
-6.35395195226E+001
-6.36135871247E+001
-6.37412055712E+001
-6.37717950636E+001
-6.38049245045E+001
-6.38516139673E+001
-6.38998022740E+001
-6.39650850887E+001
-6.40707009632E+001
-6.41318679444E+001
-6.41588128993E+001
-6.41753489652E+001
-6.42346458937E+001
-6.42678216060E+001
-6.42702061811E+001
-6.43290297638E+001
-6.43439048052E+001
-6.43669452810E+001
-6.44388328445E+001
-6.45022642864E+001
-6.45321482339E+001
-6.45935450843E+001
-6.46389761782E+001
-6.47071192939E+001
-6.47835798878E+001
-6.48058951069E+001
-6.48549633895E+001
-6.49114213705E+001
-6.50132457668E+001
-6.50493604751E+001
-6.51288087097E+001
-6.51693437293E+001
-6.52225985852E+001
-6.52471797879E+001
-6.52984557376E+001
-6.53295321476E+001
-6.53492332130E+001
-6.53949378182E+001
-6.54017989895E+001
-6.54873279904E+001
-6.55258872602E+001
-6.55898377104E+001
-6.56874504119E+001
-6.57258894420E+001
-6.58213750248E+001
-6.58344869583E+001
-6.59358801045E+001
-6.59560429590E+001
-6.59784269396E+001
-6.61546895095E+001
-6.62172185359E+001
-6.62572918315E+001
-6.62722037557E+001
-6.63330967410E+001
-6.64009404982E+001
-6.63467062738E+001
-6.63276205625E+001
-6.63030835684E+001
-6.62330160923E+001
-6.62272292635E+001
-6.63121605069E+001
-6.63175586967E+001
-6.62891186439E+001
-6.62722308870E+001
-6.62872156892E+001
-6.63434688409E+001
-6.63701828252E+001
-6.64254009404E+001
-6.63230891870E+001
-6.63132858949E+001
-6.62820898972E+001
-6.62675836086E+001
-6.62731492364E+001
-6.62372487198E+001
-6.62582843012E+001
-6.63177799492E+001
-6.64106219907E+001
-6.64019712061E+001
-6.64336126748E+001
-6.64469736248E+001
-6.65304611312E+001
-6.65946258257E+001
-6.65864924245E+001
-6.66246326442E+001
-6.66715543712E+001
-6.67192975985E+001
-6.66784360279E+001
-6.67207236974E+001
-6.66508963452E+001
-6.65276172348E+001
-6.65198059972E+001
-6.65437435270E+001
-6.64719516081E+001
-6.64896524966E+001
-6.64623383338E+001
-6.64769483115E+001
-6.64709291822E+001
-6.65086071035E+001
-6.64913524925E+001
-6.65562202135E+001
-6.65749503246E+001
-6.65527204354E+001
-6.65025936004E+001
-6.65370057222E+001
-6.66073172235E+001
-6.65940957627E+001
-6.65511094372E+001
-6.65686233131E+001
-6.65638227419E+001
-6.66016277397E+001
-6.66443630706E+001
-6.66557319859E+001
-6.66759459306E+001
-6.66379002942E+001
-6.66600879549E+001
-6.66479070515E+001
-6.66684667765E+001
-6.66436046195E+001
-6.66290717259E+001
-6.65672920624E+001
-6.65575035289E+001
-6.65241760490E+001
-6.65041904597E+001
-6.64964010163E+001
-6.65076742038E+001
-6.65254885322E+001
-6.65906638151E+001
-6.65724941711E+001
-6.65051897659E+001
-6.65448399429E+001
-6.65753714723E+001
-6.65683811655E+001
-6.65888431340E+001
-6.65895928381E+001
-6.65668285283E+001
-6.65183152682E+001
-6.65581244497E+001
-6.65545306072E+001
-6.65466035601E+001
-6.65756283124E+001
-6.65721369687E+001
-6.65490206343E+001
-6.65261085915E+001
-6.65646606118E+001
-6.65759619349E+001
-6.65748231048E+001
-6.65375513830E+001
-6.65438559519E+001
-6.64999501465E+001
-6.64757848322E+001
-6.64512232009E+001
-6.64605874306E+001
-6.64731435983E+001
-6.63970576948E+001
-6.63977347577E+001
-6.64645527865E+001
-6.64407132894E+001
-6.64479239939E+001
-6.64160234056E+001
-6.63760606639E+001
-6.63836750865E+001
-6.64083785973E+001
-6.64291545707E+001
-6.64609439095E+001
-6.64435636640E+001
-6.64448750956E+001
-6.64207573438E+001
-6.64778565498E+001
-6.64625448473E+001
-6.65102985445E+001
-6.65186958899E+001
-6.65759105541E+001
-6.65877773553E+001
-6.66288128916E+001
-6.66078332153E+001
-6.66327525568E+001
-6.66807360790E+001
-6.66515368857E+001
-6.66066734449E+001
-6.65468742545E+001
-6.65319679606E+001
-6.65280301275E+001
-6.65006024818E+001
-6.64774602061E+001
-6.64827371595E+001
-6.64759548138E+001
-6.64915220408E+001
-6.65320138406E+001
-6.65351353402E+001
-6.65739831862E+001
-6.65227327369E+001
-6.65648708528E+001
-6.65432270583E+001
-6.64771272363E+001
-6.64761922238E+001
-6.64419296109E+001
-6.64728954229E+001
-6.63999121013E+001
-6.63947039202E+001
-6.63945723562E+001
-6.62789912543E+001
-6.63026227286E+001
-6.63012103877E+001
-6.63643662500E+001
-6.63234935300E+001
-6.63444934779E+001
-6.63686559739E+001
-6.64174707122E+001
-6.64810437327E+001
-6.64887255705E+001
-6.65160714648E+001
-6.64394477740E+001
-6.64621318180E+001
-6.65040975068E+001
-6.65469201162E+001
-6.65322300631E+001
-6.65629438352E+001
-6.65773013138E+001
-6.65301789164E+001
-6.65556767248E+001
-6.66278201015E+001
-6.66335145110E+001
-6.67014803093E+001
-6.66282543249E+001
-6.65955504275E+001
-6.65600333774E+001
-6.65097605637E+001
-6.63992083524E+001
-6.63806882923E+001
-6.64027601541E+001
-6.63610615635E+001
-6.63391230724E+001
-6.63568178219E+001
-6.63395818985E+001
-6.63652383909E+001
-6.62503141240E+001
-6.62017150657E+001
-6.61849064845E+001
-6.61025871293E+001
-6.60624726114E+001
-6.60268529948E+001
-6.60051763300E+001
-6.59909875806E+001
-6.59907198669E+001
-6.59373959475E+001
-6.59255488816E+001
-6.59022526046E+001
-6.58489119171E+001
-6.57508165062E+001
-6.57485697844E+001
-6.56539943157E+001
-6.56185393498E+001
-6.56179277760E+001
-6.55860700105E+001
-6.55130871425E+001
-6.53979019480E+001
-6.53771410340E+001
-6.54051562026E+001
-6.53377102623E+001
-6.53189614361E+001
-6.52429288413E+001
-6.51254281170E+001
-6.51260267772E+001
-6.50837214420E+001
-6.50967326551E+001
-6.50476085166E+001
-6.49991246785E+001
-6.49478049267E+001
-6.49475260111E+001
-6.49167367921E+001
-6.49221555894E+001
-6.49243224263E+001
-6.48713277278E+001
-6.48314434714E+001
-6.47967511116E+001
-6.47156752980E+001
-6.47028671878E+001
-6.46464358042E+001
-6.45904513714E+001
-6.45879760369E+001
-6.45180131369E+001
-6.44808093536E+001
-6.44531610392E+001
-6.43440483835E+001
-6.42840660975E+001
-6.42397384887E+001
-6.42293828704E+001
-6.41567098834E+001
-6.40815675180E+001
-6.40683437288E+001
-6.40362815835E+001
-6.40264173643E+001
-6.40185399397E+001
-6.39778652244E+001
-6.39215362971E+001
-6.38651488691E+001
-6.38408325654E+001
-6.38369956608E+001
-6.37436459054E+001
-6.37172706058E+001
-6.37056975703E+001
-6.37190901512E+001
-6.36748784505E+001
-6.36248283286E+001
-6.35766175965E+001
-6.35383565849E+001
-6.34051341654E+001
-6.33688489314E+001
-6.33483719177E+001
-6.33229266537E+001
-6.32749044175E+001
-6.32640150972E+001
-6.31978054505E+001
-6.31964951886E+001
-6.31057429875E+001
-6.31026485600E+001
-6.30761088069E+001
-6.30709481987E+001
-6.29937569950E+001
-6.29990669762E+001
-6.29040124053E+001
-6.28627582385E+001
-6.27907770550E+001
-6.27543660059E+001
-6.27024710505E+001
-6.26453612923E+001
-6.25848538938E+001
-6.25239042275E+001
-6.25145891456E+001
-6.25218274730E+001
-6.25076066028E+001
-6.25186182314E+001
-6.24605141240E+001
-6.24905262899E+001
-6.24439308386E+001
-6.24270248779E+001
-6.24065490774E+001
-6.23528000694E+001
-6.23572744766E+001
-6.23072600684E+001
-6.22566819999E+001
-6.22284466532E+001
-6.21461178899E+001
-6.21251552648E+001
-6.21167655281E+001
-6.20734352012E+001
-6.20618459454E+001
-6.20668999536E+001
-6.21004687376E+001
-6.20637795121E+001
-6.20580400512E+001
-6.20512822975E+001
-6.20131200340E+001
-6.20024233683E+001
-6.20101186427E+001
-6.19924252119E+001
-6.19254153742E+001
-6.18621548601E+001
-6.17911418386E+001
-6.17218950287E+001
-6.16985477538E+001
-6.16571361402E+001
-6.16329232561E+001
-6.15997374440E+001
-6.15466556557E+001
-6.15177821641E+001
-6.14858879764E+001
-6.13923258776E+001
-6.13326049707E+001
-6.13176740460E+001
-6.12857541258E+001
-6.11630397325E+001
-6.11610357914E+001
-6.10374763974E+001
-6.10417392969E+001
-6.10198950678E+001
-6.09966246002E+001
-6.09737985819E+001
-6.09275468734E+001
-6.09196960096E+001
-6.08269953466E+001
-6.08189404103E+001
-6.07343658421E+001
-6.07000945166E+001
-6.06520762352E+001
-6.05720128609E+001
-6.05699471071E+001
-6.05660581775E+001
-6.05844207048E+001
-6.05553535781E+001
-6.05580957208E+001
-6.05661967903E+001
-6.05532318752E+001
-6.05432057041E+001
-6.05629902102E+001
-6.05454707268E+001
-6.05803925906E+001
-6.05409922602E+001
-6.05402395854E+001
-6.05222806192E+001
-6.05095798470E+001
-6.05176965803E+001
-6.04994919477E+001
-6.05327260681E+001
-6.05565111978E+001
-6.05477916254E+001
-6.06319453300E+001
-6.06029250015E+001
-6.06035614881E+001
-6.06017775098E+001
-6.06303885042E+001
-6.06563464081E+001
-6.06530504253E+001
-6.06165784729E+001
-6.06324796844E+001
-6.06184880772E+001
-6.06446458681E+001
-6.06617775774E+001
-6.06526156494E+001
-6.06336693622E+001
-6.06760958259E+001
-6.07065659033E+001
-6.06899253247E+001
-6.06902120162E+001
-6.06935567831E+001
-6.07181586575E+001
-6.07379153198E+001
-6.07044724079E+001
-6.07328808118E+001
-6.07211322761E+001
-6.06686059550E+001
-6.06474780054E+001
-6.06836923205E+001
-6.06760405542E+001
-6.06923874010E+001
-6.07014268489E+001
-6.07320628006E+001
-6.07385962066E+001
-6.07804517553E+001
-6.07845135731E+001
-6.07840419251E+001
-6.07885494079E+001
-6.07829251687E+001
-6.07697764692E+001
-6.08045725803E+001
-6.08450429655E+001
-6.08553763502E+001
-6.08548218658E+001
-6.08678392258E+001
-6.08759122600E+001
-6.08774365224E+001
-6.08716106360E+001
-6.08498753373E+001
-6.08724539467E+001
-6.08931275116E+001
-6.08986091110E+001
-6.09133740966E+001
-6.09680730727E+001
-6.10172127320E+001
-6.09883733213E+001
-6.09958410142E+001
-6.09999476096E+001
-6.10045775733E+001
-6.10230349290E+001
-6.10046468438E+001
-6.10683997511E+001
-6.10474479985E+001
-6.10702981652E+001
-6.10306825876E+001
-6.10310109884E+001
-6.10553653612E+001
-6.10444114355E+001
-6.10462261386E+001
-6.10295436731E+001
-6.10195690122E+001
-6.10121743419E+001
-6.10538316200E+001
-6.10810270248E+001
-6.11127969191E+001
-6.11352302839E+001
-6.12426574398E+001
-6.12308379817E+001
-6.11966186424E+001
-6.11806631300E+001
-6.11486090983E+001
-6.12070681170E+001
-6.12160321075E+001
-6.12162006186E+001
-6.12245671567E+001
-6.11585480757E+001
-6.11603001366E+001
-6.11794851087E+001
-6.11715771317E+001
-6.11675145370E+001
-6.11510248736E+001
-6.11384806489E+001
-6.11181332564E+001
-6.11036020940E+001
-6.11490707494E+001
-6.11126244259E+001
-6.11299433567E+001
-6.11176788820E+001
-6.10720438993E+001
-6.10370936091E+001
-6.10096043520E+001
-6.09130736703E+001
-6.09063058212E+001
-6.08976084351E+001
-6.09091636824E+001
-6.09097291140E+001
-6.08898381580E+001
-6.09303023015E+001
-6.09214382074E+001
-6.09399760577E+001
-6.09118499293E+001
-6.09043441026E+001
-6.08518504587E+001
-6.08666701087E+001
-6.09039944118E+001
-6.09003007209E+001
-6.09258021449E+001
-6.09222393434E+001
-6.09437897311E+001
-6.09198611939E+001
-6.09180148356E+001
-6.09201408073E+001
-6.09344554451E+001
-6.09899941103E+001
-6.09653256058E+001
-6.09416250567E+001
-6.09427495613E+001
-6.09420423505E+001
-6.09536857200E+001
-6.09716945158E+001
-6.09128271414E+001
-6.08934352409E+001
-6.08853723927E+001
-6.08729594096E+001
-6.08134565095E+001
-6.08236240132E+001
-6.08221981953E+001
-6.08323518493E+001
-6.08500744182E+001
-6.08778709359E+001
-6.08833495460E+001
-6.08423715537E+001
-6.09059877389E+001
-6.08524454458E+001
-6.08550798472E+001
-6.08754442917E+001
-6.08789517258E+001
-6.08730603213E+001
-6.08556185177E+001
-6.08857864594E+001
-6.08758174360E+001
-6.08481215232E+001
-6.08304815430E+001
-6.07749654070E+001
-6.08149666834E+001
-6.08097123640E+001
-6.08188364294E+001
-6.07863216858E+001
-6.08189659081E+001
-6.08308309533E+001
-6.08773145171E+001
-6.08628140147E+001
-6.08492061450E+001
-6.08263855308E+001
-6.08001187200E+001
-6.08621848139E+001
-6.08537848159E+001
-6.08034183987E+001
-6.07691461528E+001
-6.07669711137E+001
-6.07795184149E+001
-6.07851297240E+001
-6.07994837237E+001
-6.08220359496E+001
-6.08366682253E+001
-6.07741774455E+001
-6.07578847865E+001
-6.07656900822E+001
-6.07724236473E+001
-6.07216837727E+001
-6.07217896952E+001
-6.07207503821E+001
-6.06982812043E+001
-6.06820529010E+001
-6.06520274073E+001
-6.06134143854E+001
-6.05938113114E+001
-6.05824807567E+001
-6.05512104242E+001
-6.05464334235E+001
-6.05836532623E+001
-6.05675128024E+001
-6.05390185666E+001
-6.05448725092E+001
-6.05344891144E+001
-6.05474889802E+001
-6.05178647979E+001
-6.05816732876E+001
-6.05923069108E+001
-6.05693531194E+001
-6.05468608467E+001
-6.05284666445E+001
-6.05150857371E+001
-6.05035802878E+001
-6.04758577455E+001
-6.04278864427E+001
-6.04489124902E+001
-6.04364748775E+001
-6.04646220412E+001
-6.04182273145E+001
-6.04392616772E+001
-6.04200703576E+001
-6.03540235069E+001
-6.03702547649E+001
-6.03588604840E+001
-6.03796966857E+001
-6.03813380278E+001
-6.03680487128E+001
-6.03931908473E+001
-6.03808935791E+001
-6.03854817053E+001
-6.03878586559E+001
-6.03833698425E+001
-6.03716970962E+001
-6.03077816950E+001
-6.02698075797E+001
-6.02847704155E+001
-6.01680395407E+001
-6.01900678403E+001
-6.01992167885E+001
-6.02213991266E+001
-6.02207448659E+001
-6.01810342752E+001
-6.01681842487E+001
-6.01331929956E+001
-6.01886121279E+001
-6.02107734061E+001
-6.02154408444E+001
-6.01924747939E+001
-6.01931660764E+001
-6.02265581945E+001
-6.02118506845E+001
-6.02162845543E+001
-6.02266143803E+001
-6.02258935409E+001
-6.01499470449E+001
-6.01587057962E+001
-6.01630704975E+001
-6.01699845523E+001
-6.01539918139E+001
-6.01587219591E+001
-6.01860803313E+001
-6.01848410566E+001
-6.01771639418E+001
-6.01856852460E+001
-6.01668371353E+001
-6.01873640247E+001
-6.02045603963E+001
-6.01505543779E+001
-6.01605739696E+001
-6.01496269952E+001
-6.01307439769E+001
-6.01269673705E+001
-6.01752329922E+001
-6.01553737596E+001
-6.00942110049E+001
-6.00877708655E+001
-6.00535141027E+001
-6.00356599317E+001
-6.00246496128E+001
-6.00433502871E+001
-6.00240524849E+001
-6.00200024051E+001
-6.00293551665E+001
-5.99900642130E+001
-5.99760231669E+001
-6.00475180527E+001
-6.00446414392E+001
-6.00564460464E+001
-6.00235525107E+001
-6.00366890096E+001
-6.00499157214E+001
-6.00868557636E+001
-6.01544915322E+001
-6.01641599670E+001
-6.01655144946E+001
-6.01179892050E+001
-6.01354460148E+001
-6.01797259508E+001
-6.01848020082E+001
-6.01584029219E+001
-6.01559819159E+001
-6.01386096868E+001
-6.00731295760E+001
-6.00586363178E+001
-6.00418332086E+001
-6.00178876395E+001
-6.00201771187E+001
-6.00150552522E+001
-6.00689974425E+001
-6.00662580770E+001
-6.00356238826E+001
-6.00250261844E+001
-6.00594088101E+001
-6.00373493585E+001
-6.00032640962E+001
-5.99961120178E+001
-5.99968635477E+001
-5.99965491190E+001
-5.99208421040E+001
-5.99392047469E+001
-5.98941100118E+001
-5.99004673609E+001
-5.98846970022E+001
-5.99109437207E+001
-5.99126087180E+001
-5.98461174017E+001
-5.98315588332E+001
-5.98400841508E+001
-5.98495142264E+001
-5.98524577792E+001
-5.99231647631E+001
-5.98998513899E+001
-5.98689438394E+001
-5.98415083595E+001
-5.98467738961E+001
-5.98430237115E+001
-5.98944595931E+001
-5.98896156009E+001
-5.98952296954E+001
-5.99164594570E+001
-5.99020060262E+001
-5.98924502287E+001
-5.99191068674E+001
-5.99110369719E+001
-5.99246676739E+001
-5.99556608183E+001
-5.99919742704E+001
-5.99912378630E+001
-6.00421504644E+001
-6.00840591745E+001
-6.00692791963E+001
-6.00610019664E+001
-6.00434675940E+001
-6.00553212180E+001
-6.00893148297E+001
-6.00577577405E+001
-6.01081121288E+001
-6.00917859138E+001
-6.00989750272E+001
-6.01025699624E+001
-6.01101336888E+001
-6.00972125920E+001
-6.01017405228E+001
-6.00939240293E+001
-6.01158030736E+001
-6.00964019594E+001
-6.00885436336E+001
-6.01179080446E+001
-6.00846177251E+001
-6.00696395283E+001
-6.00499545614E+001
-6.00529590469E+001
-6.00557949391E+001
-6.00473139414E+001
-6.00385949066E+001
-6.00281241725E+001
-6.00476090800E+001
-6.00559634717E+001
-6.00338025342E+001
-6.00249223450E+001
-6.00261371846E+001
-6.00161661103E+001
-6.00397331543E+001
-6.00441856437E+001
-6.00737565120E+001
-6.00422328019E+001
-6.00215455382E+001
-6.00221979401E+001
-6.00058379053E+001
-5.99926898247E+001
-5.99699641118E+001
-5.99556693411E+001
-5.99486476616E+001
-5.99570832051E+001
-5.99729213788E+001
-5.99083869436E+001
-5.98993700578E+001
-5.99142568676E+001
-5.99284203040E+001
-5.99247378690E+001
-5.98972692691E+001
-5.99295214112E+001
-5.98878435308E+001
-5.98808862424E+001
-5.98814156491E+001
-5.98749976487E+001
-5.98428694335E+001
-5.98537885658E+001
-5.98552036138E+001
-5.98508222800E+001
-5.98738607727E+001
-5.98411134075E+001
-5.98589525118E+001
-5.98927398338E+001
-5.98996303820E+001
-5.99346187797E+001
-5.99167286219E+001
-5.99400890487E+001
-5.99778904421E+001
-5.99841129035E+001
-5.99596591000E+001
-6.00208780814E+001
-6.00059593552E+001
-5.99563192158E+001
-5.99489322331E+001
-5.99641622339E+001
-5.99529244734E+001
-5.99241662594E+001
-5.99519377073E+001
-5.99561780286E+001
-5.99035446394E+001
-5.99088568044E+001
-5.99244949847E+001
-5.98834365267E+001
-5.98791204812E+001
-5.99536183641E+001
-5.99576467972E+001
-5.99577299249E+001
-5.99558099534E+001
-6.00027246372E+001
-5.99996566185E+001
-6.00003933028E+001
-5.99917001927E+001
-5.99174659579E+001
-5.99068546009E+001
-5.99284905618E+001
-5.99519254546E+001
-5.99339638901E+001
-5.98896492124E+001
-5.98782156589E+001
-5.99040343500E+001
-5.99191625020E+001
-5.99201177361E+001
-5.99179913145E+001
-5.99780346078E+001
-5.99784694067E+001
-6.00252929517E+001
-6.00455912162E+001
-6.00634628696E+001
-6.00196575713E+001
-5.99975619338E+001
-6.00123693928E+001
-6.00484975769E+001
-6.00430895913E+001
-6.00424312838E+001
-6.00421886906E+001
-6.00121811519E+001
-5.99990642963E+001
-6.00122945104E+001
-6.00251891048E+001
-6.00052343563E+001
-6.00065940610E+001
-6.00159320533E+001
-6.00129976415E+001
-5.99948786266E+001
-6.00173617189E+001
-5.99933188311E+001
-6.00217969812E+001
-6.00165748427E+001
-6.00161679783E+001
-6.00327352233E+001
-5.99640016907E+001
-6.00132651173E+001
-6.00226987867E+001
-6.00641551545E+001
-6.00774669941E+001
-6.00732489530E+001
-6.00489416020E+001
-6.00866583207E+001
-6.00758002488E+001
-6.00535432983E+001
-6.00812879624E+001
-6.00967027439E+001
-6.00684876758E+001
-6.00554594066E+001
-6.00707360013E+001
-6.01371721253E+001
-6.01198993999E+001
-6.01291408218E+001
-6.01225714635E+001
-6.01059488124E+001
-6.00752108070E+001
-6.00787426537E+001
-6.00800331824E+001
-6.00524649712E+001
-6.00256527712E+001
-6.00110325560E+001
-5.99877047522E+001
-5.99574842341E+001
-5.99615723471E+001
-6.00046919969E+001
-6.00332843034E+001
-6.00371574722E+001
-6.00598372959E+001
-6.01892306225E+001
-6.02006671832E+001
-6.02900021862E+001
-6.03110929201E+001
-6.03416084854E+001
-6.04235030704E+001
-6.04977639052E+001
-6.05744978668E+001
-6.06306649187E+001
-6.07053863133E+001
-6.07733492330E+001
-6.07823155593E+001
-6.08477355764E+001
-6.08576344041E+001
-6.08736726485E+001
-6.08848598619E+001
-6.09187565506E+001
-6.09699304117E+001
-6.10315923105E+001
-6.10279840619E+001
-6.10763202981E+001
-6.10682516383E+001
-6.11131585998E+001
-6.11550542736E+001
-6.12101110005E+001
-6.12931754191E+001
-6.13467785128E+001
-6.14705210593E+001
-6.15564853943E+001
-6.17021269966E+001
-6.18286908327E+001
-6.18965396992E+001
-6.20442824304E+001
-6.20750768341E+001
-6.20865878315E+001
-6.21123024086E+001
-6.21280172849E+001
-6.22549732720E+001
-6.22858368416E+001
-6.23200706691E+001
-6.23732831554E+001
-6.24113242309E+001
-6.24813261356E+001
-6.25639501346E+001
-6.25879387713E+001
-6.26499930817E+001
-6.26983856893E+001
-6.27037088058E+001
-6.27240064444E+001
-6.27713067740E+001
-6.27897776142E+001
-6.28403990732E+001
-6.28874526811E+001
-6.29238708281E+001
-6.30126202736E+001
-6.30259740064E+001
-6.30865262088E+001
-6.31087073454E+001
-6.31053255291E+001
-6.31722133579E+001
-6.33384659339E+001
-6.33941180022E+001
-6.34780340761E+001
-6.35231370200E+001
-6.36688649448E+001
-6.37167390508E+001
-6.37629448977E+001
-6.38054615592E+001
-6.38266104481E+001
-6.38842454268E+001
-6.39143461288E+001
-6.39949926450E+001
-6.40349809815E+001
-6.40584021016E+001
-6.41097929359E+001
-6.40856873177E+001
-6.41236925548E+001
-6.41305011983E+001
-6.41344994758E+001
-6.41686498179E+001
-6.42396849665E+001
-6.42864074555E+001
-6.43059068532E+001
-6.43917353830E+001
-6.44369171567E+001
-6.44517560904E+001
-6.45470312542E+001
-6.45710720118E+001
-6.46519448287E+001
-6.47416566505E+001
-6.47791935242E+001
-6.47903508355E+001
-6.48360976663E+001
-6.48384243414E+001
-6.48788630391E+001
-6.49164723966E+001
-6.49408128973E+001
-6.49725303167E+001
-6.50567797186E+001
-6.50608506952E+001
-6.51450648213E+001
-6.51947139198E+001
-6.52330364279E+001
-6.54054066178E+001
-6.54679699401E+001
-6.54793263705E+001
-6.55558888812E+001
-6.56522216043E+001
-6.57558368105E+001
-6.57968495237E+001
-6.58978972097E+001
-6.59236191832E+001
-6.59476498671E+001
-6.59709908319E+001
-6.59838560292E+001
-6.60187010543E+001
-6.60531907885E+001
-6.61464733610E+001
-6.61514333854E+001
-6.61167791455E+001
-6.61493009972E+001
-6.61554765896E+001
-6.62978313162E+001
-6.63406303815E+001
-6.63421461243E+001
-6.63578824501E+001
-6.63815411517E+001
-6.65156979424E+001
-6.65198624201E+001
-6.65620435896E+001
-6.66017808760E+001
-6.66424141001E+001
-6.67035976303E+001
-6.66512405870E+001
-6.67179730069E+001
-6.67755132188E+001
-6.68109969411E+001
-6.68573648896E+001
-6.68961057208E+001
-6.69189236125E+001
-6.69529899860E+001
-6.69740001792E+001
-6.70088772987E+001
-6.70370653253E+001
-6.70761236202E+001
-6.71205665530E+001
-6.71355226669E+001
-6.71505799201E+001
-6.71454375137E+001
-6.72140058627E+001
-6.72453073903E+001
-6.72083277981E+001
-6.71856807690E+001
-6.71400466480E+001
-6.72251696528E+001
-6.72225506484E+001
-6.72032235973E+001
-6.71580959063E+001
-6.71190127503E+001
-6.71467767642E+001
-6.72496243844E+001
-6.72781130033E+001
-6.73577826872E+001
-6.73556825238E+001
-6.73717273234E+001
-6.74518158969E+001
-6.75537143150E+001
-6.75749804162E+001
-6.76409628910E+001
-6.76377865170E+001
-6.76714877357E+001
-6.76368883887E+001
-6.77152524696E+001
-6.78019652902E+001
-6.77949621667E+001
-6.77992909426E+001
-6.77449703816E+001
-6.77242881753E+001
-6.77134106440E+001
-6.76877091356E+001
-6.76194488565E+001
-6.74948613828E+001
-6.74951751902E+001
-6.74067786729E+001
-6.75685798841E+001
-6.75867585489E+001
-6.75827729839E+001
-6.75935698392E+001
-6.74919277517E+001
-6.74844211233E+001
-6.75657267646E+001
-6.75602993906E+001
-6.75234493530E+001
-6.75033069650E+001
-6.75512444559E+001
-6.75369998141E+001
-6.75070628408E+001
-6.75300974055E+001
-6.75454198455E+001
-6.76021137872E+001
-6.75953104145E+001
-6.76055432069E+001
-6.76102320486E+001
-6.76007761142E+001
-6.75993222440E+001
-6.75540380397E+001
-6.75516987374E+001
-6.75365862609E+001
-6.75431224462E+001
-6.76097194028E+001
-6.76443199949E+001
-6.75365878798E+001
-6.75075978477E+001
-6.75311533060E+001
-6.75334545011E+001
-6.74467635060E+001
-6.74240004620E+001
-6.74126454542E+001
-6.74340414891E+001
-6.74434448787E+001
-6.73778699977E+001
-6.74543695978E+001
-6.74228177734E+001
-6.73620992711E+001
-6.73517014871E+001
-6.72999222145E+001
-6.73614789433E+001
-6.73924116992E+001
-6.74590230901E+001
-6.75226753083E+001
-6.75303616253E+001
-6.75599453095E+001
-6.75853304340E+001
-6.75968165343E+001
-6.75541399547E+001
-6.75503166594E+001
-6.78458532398E+001
-6.77907472593E+001
-6.78125102097E+001
-6.77999880732E+001
-6.77486991585E+001
-6.78010501283E+001
-6.79416282853E+001
-6.79998283747E+001
-6.80021546260E+001
-6.80403083226E+001
-6.80272477706E+001
-6.80857899664E+001
-6.81031744529E+001
-6.80313951105E+001
-6.80420403167E+001
-6.79790160365E+001
-6.80482109484E+001
-6.80638248174E+001
-6.79157394278E+001
-6.79356510480E+001
-6.79324169474E+001
-6.79024275784E+001
-6.78429364649E+001
-6.77890481185E+001
-6.78032209008E+001
-6.77644910457E+001
-6.77856840826E+001
-6.78239534790E+001
-6.78614737548E+001
-6.79157835716E+001
-6.79848455966E+001
-6.80227832217E+001
-6.81019901764E+001
-6.81571913024E+001
-6.81765419309E+001
-6.81772563007E+001
-6.81488976950E+001
-6.80504776023E+001
-6.80827623244E+001
-6.80849085433E+001
-6.80987854579E+001
-6.80970613876E+001
-6.80159910745E+001
-6.80753127238E+001
-6.81219505995E+001
-6.82016250273E+001
-6.82997805879E+001
-6.82552824570E+001
-6.82626807510E+001
-6.83679115678E+001
-6.83136124536E+001
-6.83000223231E+001
-6.82938648238E+001
-6.83840239962E+001
-6.83913184127E+001
-6.84164355427E+001
-6.84550622569E+001
-6.86057551830E+001
-6.86240841043E+001
-6.86388500433E+001
-6.85933539469E+001
-6.86624584570E+001
-6.86718770228E+001
-6.86974540568E+001
-6.87206229680E+001
-6.87205002473E+001
-6.86489346458E+001
-6.86400964483E+001
-6.86632072287E+001
-6.85691431542E+001
-6.85506604194E+001
-6.85183923889E+001
-6.85355503972E+001
-6.85326875415E+001
-6.85384912569E+001
-6.84112470031E+001
-6.83659591823E+001
-6.83126650365E+001
-6.82829717125E+001
-6.82976023065E+001
-6.82523279676E+001
-6.81736324237E+001
-6.81567622138E+001
-6.81245597171E+001
-6.81473063726E+001
-6.81475755078E+001
-6.81596736064E+001
-6.81308860762E+001
-6.80756737428E+001
-6.80809854975E+001
-6.80506361332E+001
-6.81622622603E+001
-6.81798320292E+001
-6.81117592245E+001
-6.81235820029E+001
-6.80960605961E+001
-6.81322838237E+001
-6.81561327680E+001
-6.81718586623E+001
-6.80956075283E+001
-6.81943396528E+001
-6.82315127835E+001
-6.82670828759E+001
-6.82697840800E+001
-6.84192951700E+001
-6.84101667451E+001
-6.84203742403E+001
-6.84419561044E+001
-6.84181403906E+001
-6.83336692197E+001
-6.83647278703E+001
-6.83508092648E+001
-6.83742615411E+001
-6.83897156243E+001
-6.83849076940E+001
-6.83831436977E+001
-6.84037399281E+001
-6.83770363380E+001
-6.84110043557E+001
-6.84298978665E+001
-6.83938723501E+001
-6.85473277767E+001
-6.85502048585E+001
-6.85963278177E+001
-6.85066024111E+001
-6.84976086743E+001
-6.84592801529E+001
-6.84985178123E+001
-6.84378191378E+001
-6.84570046481E+001
-6.84615224905E+001
-6.85601301922E+001
-6.85246653177E+001
-6.85185312632E+001
-6.85962447603E+001
-6.86983647155E+001
-6.86711309561E+001
-6.87459635169E+001
-6.87812585435E+001
-6.87372536836E+001
-6.88223269224E+001
-6.88060600774E+001
-6.87947348696E+001
-6.87549928266E+001
-6.87001019416E+001
-6.87484047633E+001
-6.86952592817E+001
-6.86703489740E+001
-6.86649183462E+001
-6.86414443224E+001
-6.86304865640E+001
-6.83710990376E+001
-6.84399889151E+001
-6.84593904949E+001
-6.83948536297E+001
-6.83893678957E+001
-6.83999669152E+001
-6.82749506851E+001
-6.82185087690E+001
-6.81815120103E+001
-6.81072494414E+001
-6.80913695074E+001
-6.80727595458E+001
-6.80410250284E+001
-6.80515414826E+001
-6.80760605684E+001
-6.80842668471E+001
-6.80078971273E+001
-6.80559287212E+001
-6.80900756137E+001
-6.80298391951E+001
-6.80741036114E+001
-6.80313305646E+001
-6.80405138990E+001
-6.80396786370E+001
-6.81240551044E+001
-6.81839767169E+001
-6.81993458329E+001
-6.82109561168E+001
-6.82265191357E+001
-6.82773212650E+001
-6.82671018739E+001
-6.82081327403E+001
-6.80702706024E+001
-6.81311297648E+001
-6.81474551360E+001
-6.81611056651E+001
-6.81890386027E+001
-6.83229860853E+001
-6.83057801611E+001
-6.83312931327E+001
-6.83205014884E+001
-6.83371974504E+001
-6.84006403851E+001
-6.83306244740E+001
-6.82667545115E+001
-6.81691622842E+001
-6.81332450971E+001
-6.81398298868E+001
-6.81554358706E+001
-6.80193035666E+001
-6.80751734370E+001
-6.80786715395E+001
-6.80451914504E+001
-6.79829335793E+001
-6.80130593643E+001
-6.80032551978E+001
-6.80818390976E+001
-6.79285102498E+001
-6.79951232149E+001
-6.79533500852E+001
-6.80548457936E+001
-6.79845620947E+001
-6.79354954468E+001
-6.79472876525E+001
-6.78793753816E+001
-6.78793079796E+001
-6.78802388996E+001
-6.79268092487E+001
-6.79062081434E+001
-6.79549166360E+001
-6.80180028620E+001
-6.80197192329E+001
-6.80111356994E+001
-6.80324670476E+001
-6.79946489986E+001
-6.79938640756E+001
-6.79894606031E+001
-6.80072780649E+001
-6.80233587201E+001
-6.80432274706E+001
-6.80382170255E+001
-6.80460873383E+001
-6.80994434127E+001
-6.80665139890E+001
-6.80371051721E+001
-6.80572279767E+001
-6.80316504636E+001
-6.80517251184E+001
-6.80483004353E+001
-6.80119235427E+001
-6.80505722993E+001
-6.79636538912E+001
-6.79086671282E+001
-6.78997973258E+001
-6.78727394442E+001
-6.79462554849E+001
-6.79573781155E+001
-6.78763391849E+001
-6.78615079790E+001
-6.78320357914E+001
-6.77040558334E+001
-6.76581627003E+001
-6.76046539930E+001
-6.76492752977E+001
-6.74899210438E+001
-6.74592993887E+001
-6.74714067867E+001
-6.74660567399E+001
-6.74903377840E+001
-6.74900370928E+001
-6.75288121290E+001
-6.74957908564E+001
-6.75599720793E+001
-6.76268862476E+001
-6.76465651935E+001
-6.77369444373E+001
-6.77035596718E+001
-6.76787455764E+001
-6.76639138144E+001
-6.76639643631E+001
-6.77073966353E+001
-6.75577519020E+001
-6.75956250008E+001
-6.76483020568E+001
-6.76474430847E+001
-6.76365866570E+001
-6.76458231487E+001
-6.76460518612E+001
-6.76344537556E+001
-6.76567484692E+001
-6.77216133149E+001
-6.76439132499E+001
-6.76916602500E+001
-6.76946219579E+001
-6.76194373448E+001
-6.75880204383E+001
-6.75262418215E+001
-6.74598363460E+001
-6.74073535624E+001
-6.74463161925E+001
-6.73531248508E+001
-6.74646945738E+001
-6.74281131944E+001
-6.74142090177E+001
-6.74437565392E+001
-6.73823719258E+001
-6.73923295595E+001
-6.73971907525E+001
-6.74419703248E+001
-6.75135582679E+001
-6.75140239106E+001
-6.75265554571E+001
-6.74710506990E+001
-6.74194798021E+001
-6.74395270664E+001
-6.74368350332E+001
-6.73656902834E+001
-6.73218087128E+001
-6.72881314888E+001
-6.73287034106E+001
-6.73348591928E+001
-6.73747915398E+001
-6.73368913053E+001
-6.73372822231E+001
-6.73643285064E+001
-6.73836773796E+001
-6.73570880903E+001
-6.73871242486E+001
-6.73744254711E+001
-6.73410666062E+001
-6.73990916860E+001
-6.73491552546E+001
-6.73964598656E+001
-6.74159825902E+001
-6.74774872400E+001
-6.73902523828E+001
-6.73340986134E+001
-6.72889532671E+001
-6.72037176460E+001
-6.71663939174E+001
-6.71321355856E+001
-6.70722541701E+001
-6.71883959758E+001
-6.71902933477E+001
-6.70895239574E+001
-6.71156731240E+001
-6.72069684079E+001
-6.71952446689E+001
-6.70469780572E+001
-6.70381414888E+001
-6.70365481333E+001
-6.70488349377E+001
-6.70124842886E+001
-6.69461705025E+001
-6.70062932042E+001
-6.70165231754E+001
-6.70212050678E+001
-6.69946313697E+001
-6.70154404028E+001
-6.69846370309E+001
-6.69620182002E+001
-6.69283645103E+001
-6.69113029499E+001
-6.69467810664E+001
-6.69497115491E+001
-6.69247704946E+001
-6.69598370546E+001
-6.68625670271E+001
-6.68426011300E+001
-6.67841578146E+001
-6.68360871491E+001
-6.67531415897E+001
-6.67637417125E+001
-6.67963283261E+001
-6.67452911115E+001
-6.67409359082E+001
-6.68077952796E+001
-6.67964058904E+001
-6.67669303683E+001
-6.67894771109E+001
-6.67847687669E+001
-6.67089229498E+001
-6.67361369970E+001
-6.67507486233E+001
-6.67678133487E+001
-6.67115542375E+001
-6.67562957894E+001
-6.67608468600E+001
-6.67092841948E+001
-6.66745064507E+001
-6.66254358134E+001
-6.66205226225E+001
-6.67293645812E+001
-6.66832795182E+001
-6.66640932456E+001
-6.66679293790E+001
-6.66326177893E+001
-6.66558552799E+001
-6.65907702984E+001
-6.66003201961E+001
-6.65964944195E+001
-6.66595982079E+001
-6.66177318181E+001
-6.67165591109E+001
-6.67088611122E+001
-6.67792614195E+001
-6.66860937006E+001
-6.66451362234E+001
-6.67292013865E+001
-6.67092567424E+001
-6.66463250963E+001
-6.66941792370E+001
-6.67125310610E+001
-6.67257843577E+001
-6.67056751944E+001
-6.66722923626E+001
-6.66706728110E+001
-6.66586559666E+001
-6.66863083060E+001
-6.66780042640E+001
-6.66882464562E+001
-6.66502169537E+001
-6.66876988847E+001
-6.67429774735E+001
-6.66856662429E+001
-6.66641915152E+001
-6.65494792344E+001
-6.65766286531E+001
-6.66344325193E+001
-6.66116462088E+001
-6.65603262623E+001
-6.65274763193E+001
-6.66212575252E+001
-6.65763232392E+001
-6.64747612105E+001
-6.65136475787E+001
-6.65413021338E+001
-6.65815692435E+001
-6.66233236603E+001
-6.66508030846E+001
-6.66013917101E+001
-6.65988185767E+001
-6.65888956721E+001
-6.65661245164E+001
-6.65921682592E+001
-6.66082491869E+001
-6.65554106121E+001
-6.65906572359E+001
-6.65490491371E+001
-6.65895129662E+001
-6.65965495254E+001
-6.65897175314E+001
-6.64593308735E+001
-6.64815648601E+001
-6.64876047178E+001
-6.65064774167E+001
-6.65438764607E+001
-6.65854525979E+001
-6.65821201976E+001
-6.65429508383E+001
-6.65090165324E+001
-6.65411030508E+001
-6.65317096314E+001
-6.64957974282E+001
-6.65177266222E+001
-6.64971916562E+001
-6.65608299744E+001
-6.66207740416E+001
-6.65838691290E+001
-6.65981056888E+001
-6.66071470844E+001
-6.66863714793E+001
-6.66622979053E+001
-6.66922230956E+001
-6.67125802407E+001
-6.67540733351E+001
-6.67371778094E+001
-6.67992254117E+001
-6.68027671978E+001
-6.68316651947E+001
-6.68591063629E+001
-6.68169030443E+001
-6.68357860041E+001
-6.68006540490E+001
-6.67818578806E+001
-6.68471042498E+001
-6.68417972303E+001
-6.69133624426E+001
-6.69539091197E+001
-6.70314543074E+001
-6.70757648773E+001
-6.70282669198E+001
-6.70167297447E+001
-6.69208527896E+001
-6.69030303184E+001
-6.69021172737E+001
-6.68856208948E+001
-6.67376397224E+001
-6.67897289029E+001
-6.67648856930E+001
-6.67470809664E+001
-6.67424944509E+001
-6.66862313060E+001
-6.67242035370E+001
-6.67749016793E+001
-6.67425541305E+001
-6.67014232741E+001
-6.67447483897E+001
-6.67265164001E+001
-6.66823914181E+001
-6.66925846562E+001
-6.67503913534E+001
-6.67544157994E+001
-6.68230894092E+001
-6.68448489867E+001
-6.69143598615E+001
-6.69516180626E+001
-6.69080567548E+001
-6.68715439832E+001
-6.68951545524E+001
-6.69485176217E+001
-6.69031846734E+001
-6.69543740151E+001
-6.69444773097E+001
-6.69985517925E+001
-6.70314703901E+001
-6.70498661756E+001
-6.69447624986E+001
-6.69841840136E+001
-6.69966674949E+001
-6.70227656318E+001
-6.70028733421E+001
-6.70497697167E+001
-6.70783402115E+001
-6.70686887904E+001
-6.70555292312E+001
-6.71854554194E+001
-6.71524358143E+001
-6.71359018196E+001
-6.71953573506E+001
-6.72277413498E+001
-6.72300784129E+001
-6.72348208159E+001
-6.70934397024E+001
-6.70524991696E+001
-6.70678499568E+001
-6.70215495062E+001
-6.70141393550E+001
-6.70587348946E+001
-6.72136041577E+001
-6.71835777844E+001
-6.72085171663E+001
-6.71089260262E+001
-6.71568273293E+001
-6.71315405633E+001
-6.71652636779E+001
-6.70977019325E+001
-6.71176592934E+001
-6.71395060850E+001
-6.70935515373E+001
-6.71066394658E+001
-6.71837010383E+001
-6.72458452740E+001
-6.72646066364E+001
-6.72818398823E+001
-6.73837638880E+001
-6.74782255622E+001
-6.74966124907E+001
-6.76068293170E+001
-6.75804520235E+001
-6.75885185526E+001
-6.75939006494E+001
-6.75826419629E+001
-6.75727839609E+001
-6.74688707089E+001
-6.74541996650E+001
-6.74608360301E+001
-6.75090558261E+001
-6.75166629409E+001
-6.74878540146E+001
-6.74695056612E+001
-6.75440076136E+001
-6.75713648024E+001
-6.75193302896E+001
-6.75528348890E+001
-6.76143217161E+001
-6.76813646685E+001
-6.76584828070E+001
-6.76696760794E+001
-6.76132972029E+001
-6.75667716011E+001
-6.75588018179E+001
-6.75053208284E+001
-6.74530548548E+001
-6.74969611994E+001
-6.74799923287E+001
-6.75023591380E+001
-6.75693639312E+001
-6.76380533300E+001
-6.76566707342E+001
-6.76622175339E+001
-6.76429511072E+001
-6.77151524481E+001
-6.77453235339E+001
-6.77126258825E+001
-6.77042269122E+001
-6.77029197969E+001
-6.76515986003E+001
-6.76529182362E+001
-6.77975619573E+001
-6.79561544315E+001
-6.79469592529E+001
-6.79285796721E+001
-6.80035841299E+001
-6.79888305081E+001
-6.80050215770E+001
-6.80246012636E+001
-6.79595704234E+001
-6.79645739669E+001
-6.80264162767E+001
-6.80148883603E+001
-6.79674570034E+001
-6.78855850252E+001
-6.78920173705E+001
-6.78626294071E+001
-6.78863737459E+001
-6.78732863802E+001
-6.78997528711E+001
-6.78520787772E+001
-6.78752059531E+001
-6.78159963414E+001
-6.78203225092E+001
-6.78162350750E+001
-6.78200012969E+001
-6.78244476582E+001
-6.78172734375E+001
-6.77159773209E+001
-6.77005555407E+001
-6.76640436308E+001
-6.76498933615E+001
-6.75922033835E+001
-6.75444715714E+001
-6.76095627304E+001
-6.76224015905E+001
-6.76507807617E+001
-6.76647864428E+001
-6.77290732555E+001
-6.77439019281E+001
-6.77740882606E+001
-6.77661770017E+001
-6.78686774137E+001
-6.78910653822E+001
-6.78981121345E+001
-6.79581372973E+001
-6.79364236743E+001
-6.78656745492E+001
-6.78717144180E+001
-6.79085175498E+001
-6.79217642088E+001
-6.79117024291E+001
-6.80008509320E+001
-6.80807857636E+001
-6.80340242396E+001
-6.80575736843E+001
-6.80268368996E+001
-6.79648380149E+001
-6.79675008449E+001
-6.79738098674E+001
-6.80028158341E+001
-6.80906836396E+001
-6.82424818175E+001
-6.81867158776E+001
-6.81666006511E+001
-6.81401195554E+001
-6.81558080891E+001
-6.81366101744E+001
-6.81328497593E+001
-6.81054020407E+001
-6.81515128672E+001
-6.81222860439E+001
-6.81084168007E+001
-6.81082073499E+001
-6.81295520986E+001
-6.81187823149E+001
-6.80803585690E+001
-6.81266627113E+001
-6.81647617953E+001
-6.80780140091E+001
-6.80524144627E+001
-6.80441139931E+001
-6.80089209240E+001
-6.80650845227E+001
-6.80515205949E+001
-6.81278431591E+001
-6.81292409090E+001
-6.82357978722E+001
-6.82183434055E+001
-6.82299011204E+001
-6.83128847405E+001
-6.83075460335E+001
-6.81984288752E+001
-6.82242816183E+001
-6.82902470458E+001
-6.83316200816E+001
-6.83328699526E+001
-6.82995713843E+001
-6.82842216447E+001
-6.82822553651E+001
-6.82891554178E+001
-6.83273878342E+001
-6.83060890252E+001
-6.83068626242E+001
-6.83599960632E+001
-6.82961691566E+001
-6.82425097678E+001
-6.82897981713E+001
-6.81595313929E+001
-6.80830948841E+001
-6.80937734399E+001
-6.79854888397E+001
-6.80291714434E+001
-6.80598939408E+001
-6.80702855338E+001
-6.82271930218E+001
-6.83016866187E+001
-6.83107554491E+001
-6.82899931816E+001
-6.83071126553E+001
-6.82637797699E+001
-6.82797449662E+001
-6.83287087541E+001
-6.83383609153E+001
-6.82890635591E+001
-6.82975861056E+001
-6.82896412661E+001
-6.82763091394E+001
-6.82283949291E+001
-6.82044619003E+001
-6.81710415927E+001
-6.81250555230E+001
-6.81727942685E+001
-6.82760682723E+001
-6.83673091173E+001
-6.84722310565E+001
-6.85306360220E+001
-6.85145089675E+001
-6.85640317005E+001
-6.85592899517E+001
-6.85995899587E+001
-6.85260635869E+001
-6.85165388602E+001
-6.84887276468E+001
-6.84664712426E+001
-6.84171261245E+001
-6.83744946297E+001
-6.83627390198E+001
-6.84249542678E+001
-6.84027941501E+001
-6.84173773602E+001
-6.83761318942E+001
-6.82355859259E+001
-6.80644630202E+001
-6.80774790317E+001
-6.80996725080E+001
-6.79989405492E+001
-6.81140220295E+001
-6.80918869178E+001
-6.81029151190E+001
-6.81545153647E+001
-6.81122646794E+001
-6.81655620851E+001
-6.81929763162E+001
-6.82215354681E+001
-6.82495647611E+001
-6.82663197605E+001
-6.82568539047E+001
-6.82153932960E+001
-6.81618167141E+001
-6.81014433161E+001
-6.81007624193E+001
-6.80654864893E+001
-6.81119140743E+001
-6.81094228324E+001
-6.81908933561E+001
-6.82316438453E+001
-6.82741623971E+001
-6.82739890691E+001
-6.82150523246E+001
-6.83092313940E+001
-6.82332852130E+001
-6.82197529670E+001
-6.82808619520E+001
-6.84312000778E+001
-6.84102066046E+001
-6.83955459306E+001
-6.83405671181E+001
-6.83544525273E+001
-6.83525549645E+001
-6.83176508482E+001
-6.83250613500E+001
-6.83438092520E+001
-6.82874698139E+001
-6.83829324336E+001
-6.83918080120E+001
-6.83476104698E+001
-6.83939067653E+001
-6.84240779820E+001
-6.84089303142E+001
-6.83858432141E+001
-6.84270794885E+001
-6.84613239182E+001
-6.84008821165E+001
-6.83291131071E+001
-6.83400702359E+001
-6.83193168710E+001
-6.82939863627E+001
-6.83031197006E+001
-6.82549749020E+001
-6.82405907570E+001
-6.82141189222E+001
-6.81662646214E+001
-6.80452180848E+001
-6.80603974773E+001
-6.81838733449E+001
-6.82345561926E+001
-6.82331282505E+001
-6.82640463450E+001
-6.83154237073E+001
-6.83864394317E+001
-6.83228901507E+001
-6.83316090007E+001
-6.84045830243E+001
-6.83584559183E+001
-6.83438838435E+001
-6.82971436492E+001
-6.82913752367E+001
-6.82669657986E+001
-6.82040933844E+001
-6.82415663849E+001
-6.82771853653E+001
-6.83855822095E+001
-6.84130566799E+001
-6.83320956923E+001
-6.84111121993E+001
-6.83087641517E+001
-6.83775699490E+001
-6.82952230043E+001
-6.82821231554E+001
-6.83072238540E+001
-6.82236442329E+001
-6.82624097739E+001
-6.82968708757E+001
-6.83112880692E+001
-6.82740873084E+001
-6.82166784693E+001
-6.81617319940E+001
-6.82291915844E+001
-6.82802861869E+001
-6.82767007183E+001
-6.82961208017E+001
-6.82452845290E+001
-6.83009776118E+001
-6.83151657087E+001
-6.81821864019E+001
-6.81483460191E+001
-6.81969390236E+001
-6.82133167735E+001
-6.83011032247E+001
-6.83414160014E+001
-6.82807217696E+001
-6.83282183592E+001
-6.82883136628E+001
-6.82280529266E+001
-6.83293602340E+001
-6.82268933216E+001
-6.81819460923E+001
-6.81146494910E+001
-6.81387825522E+001
-6.80809842594E+001
-6.81705519173E+001
-6.81449896607E+001
-6.80783039719E+001
-6.81005985922E+001
-6.81521627123E+001
-6.81623270640E+001
-6.81953924766E+001
-6.81661258515E+001
-6.81720489946E+001
-6.81950146551E+001
-6.82247708420E+001
-6.82466885745E+001
-6.81979956186E+001
-6.81175282008E+001
-6.80336683676E+001
-6.79592865234E+001
-6.79964245196E+001
-6.80161142941E+001
-6.80528569045E+001
-6.80365594475E+001
-6.79708876711E+001
-6.79457701873E+001
-6.79566125120E+001
-6.80056958025E+001
-6.80640359463E+001
-6.81819057427E+001
-6.82986286174E+001
-6.83325941163E+001
-6.82760016226E+001
-6.83293849406E+001
-6.83131066236E+001
-6.82874632121E+001
-6.82764201988E+001
-6.82956297629E+001
-6.82422914719E+001
-6.82438507548E+001
-6.83011068063E+001
-6.82412379918E+001
-6.82108027048E+001
-6.82148014759E+001
-6.81999891594E+001
-6.82002069834E+001
-6.81528956395E+001
-6.81471928850E+001
-6.81976732706E+001
-6.81877961355E+001
-6.81884425757E+001
-6.82001787932E+001
-6.82207057089E+001
-6.82240668375E+001
-6.82211719149E+001
-6.82631810777E+001
-6.82253417942E+001
-6.82187157734E+001
-6.82341889417E+001
-6.81430744964E+001
-6.81434018034E+001
-6.81450793633E+001
-6.81414830067E+001
-6.81951765786E+001
-6.81079725548E+001
-6.81155242094E+001
-6.81628952430E+001
-6.81002727107E+001
-6.79710612781E+001
-6.79689650708E+001
-6.80064412906E+001
-6.80391723232E+001
-6.80130748361E+001
-6.79524390260E+001
-6.80011785447E+001
-6.80343508291E+001
-6.80092383153E+001
-6.79720715671E+001
-6.79298009449E+001
-6.79201800925E+001
-6.79442974290E+001
-6.79355815745E+001
-6.79380951906E+001
-6.79589684982E+001
-6.80737022880E+001
-6.80436472687E+001
-6.80045721107E+001
-6.80394160049E+001
-6.80346324085E+001
-6.80676193717E+001
-6.80629470303E+001
-6.80387651135E+001
-6.80898202363E+001
-6.80941055260E+001
-6.80377614426E+001
-6.81046224333E+001
-6.81460334843E+001
-6.81335806568E+001
-6.81377890783E+001
-6.80586375573E+001
-6.80583977997E+001
-6.80532881520E+001
-6.79671248617E+001
-6.79316428712E+001
-6.79393241757E+001
-6.79654203190E+001
-6.79491389208E+001
-6.78703567093E+001
-6.78799675099E+001
-6.78464972855E+001
-6.78662810845E+001
-6.78541731093E+001
-6.78597629679E+001
-6.78815597606E+001
-6.78217675042E+001
-6.78087726095E+001
-6.77818687365E+001
-6.77406517322E+001
-6.77202053449E+001
-6.76592027802E+001
-6.76690433836E+001
-6.76164387937E+001
-6.76011448744E+001
-6.76056904788E+001
-6.75998743963E+001
-6.75699856430E+001
-6.74987882382E+001
-6.74404802744E+001
-6.74371713218E+001
-6.73885774512E+001
-6.73978170774E+001
-6.74549237463E+001
-6.73674059918E+001
-6.73381412160E+001
-6.73280582925E+001
-6.73188835452E+001
-6.73776863758E+001
-6.73554261483E+001
-6.74812184288E+001
-6.75048481383E+001
-6.75247490205E+001
-6.75027949816E+001
-6.74596818799E+001
-6.74222471884E+001
-6.74445682167E+001
-6.75195486223E+001
-6.74577168567E+001
-6.74942370186E+001
-6.75072425933E+001
-6.75189402908E+001
-6.75486916520E+001
-6.75138907417E+001
-6.75016981800E+001
-6.75395888675E+001
-6.75455371198E+001
-6.74982556392E+001
-6.75159496268E+001
-6.75457099005E+001
-6.75133215913E+001
-6.74724756705E+001
-6.74650172564E+001
-6.73908290057E+001
-6.74316468775E+001
-6.74122430583E+001
-6.73613776645E+001
-6.73267997632E+001
-6.74458607977E+001
-6.74330429324E+001
-6.74480704824E+001
-6.74796450861E+001
-6.74419655009E+001
-6.74148691951E+001
-6.73602838482E+001
-6.73006926972E+001
-6.73345975223E+001
-6.73243780161E+001
-6.73408312244E+001
-6.73309317601E+001
-6.72845498230E+001
-6.72885268367E+001
-6.71948642286E+001
-6.71188536261E+001
-6.70678472834E+001
-6.70815394726E+001
-6.70191563044E+001
-6.70154135680E+001
-6.70278708777E+001
-6.71018012158E+001
-6.71045780103E+001
-6.71326108557E+001
-6.70995564671E+001
-6.71444980971E+001
-6.71222280089E+001
-6.71157424009E+001
-6.71176405866E+001
-6.71346819854E+001
-6.71726180114E+001
-6.72279086399E+001
-6.72107609382E+001
-6.71660295392E+001
-6.71578275073E+001
-6.71701612883E+001
-6.71729062635E+001
-6.72264932080E+001
-6.72973116734E+001
-6.72895628884E+001
-6.72594194438E+001
-6.73307627534E+001
-6.73094351810E+001
-6.72893350930E+001
-6.73128070943E+001
-6.73663110142E+001
-6.73868055945E+001
-6.74136010271E+001
-6.74509465344E+001
-6.74170136435E+001
-6.74408471680E+001
-6.74680613000E+001
-6.74915569855E+001
-6.75244122124E+001
-6.74773116751E+001
-6.74751795951E+001
-6.74571564720E+001
-6.75437948819E+001
-6.75627808427E+001
-6.75017815373E+001
-6.74880500337E+001
-6.74664507762E+001
-6.74594296399E+001
-6.73756137923E+001
-6.73526737864E+001
-6.72910719159E+001
-6.72632479682E+001
-6.72331428928E+001
-6.72014058810E+001
-6.70417229711E+001
-6.69707722191E+001
-6.69490466890E+001
-6.68750966263E+001
-6.68158460822E+001
-6.67583426561E+001
-6.67094927229E+001
-6.66659683072E+001
-6.65731945704E+001
-6.64735861912E+001
-6.64576745060E+001
-6.63510061298E+001
-6.62885616846E+001
-6.62503403235E+001
-6.62147581840E+001
-6.61634944844E+001
-6.60639827637E+001
-6.60315534078E+001
-6.60004272392E+001
-6.59696626368E+001
-6.58564868919E+001
-6.58486304183E+001
-6.58420354350E+001
-6.58282029507E+001
-6.57981033042E+001
-6.57872532021E+001
-6.57669992081E+001
-6.57484839409E+001
-6.56927398178E+001
-6.56341965175E+001
-6.56246256371E+001
-6.55798062391E+001
-6.54851639915E+001
-6.54929729646E+001
-6.54815851725E+001
-6.54644750222E+001
-6.53949654322E+001
-6.53698847842E+001
-6.53656787255E+001
-6.53880382224E+001
-6.53376775803E+001
-6.53431844365E+001
-6.52881036075E+001
-6.52912627821E+001
-6.52150673497E+001
-6.52295986802E+001
-6.52053855076E+001
-6.51208511132E+001
-6.51095406881E+001
-6.50462340365E+001
-6.50307768094E+001
-6.49700163761E+001
-6.48729047722E+001
-6.48153606728E+001
-6.46460595302E+001
-6.45902880602E+001
-6.45379233306E+001
-6.45023135739E+001
-6.44358801741E+001
-6.43961625761E+001
-6.43091858345E+001
-6.42221722068E+001
-6.41761966158E+001
-6.41134830442E+001
-6.40948374808E+001
-6.39323147232E+001
-6.38012154869E+001
-6.37978946051E+001
-6.37916594965E+001
-6.37292790471E+001
-6.36994956923E+001
-6.36405990634E+001
-6.35741358259E+001
-6.35450827141E+001
-6.35209441158E+001
-6.34852813347E+001
-6.33958370215E+001
-6.33901473080E+001
-6.33169238717E+001
-6.32843681651E+001
-6.32086976785E+001
-6.31730129050E+001
-6.30000116652E+001
-6.29568191685E+001
-6.29054799904E+001
-6.28402199688E+001
-6.27934993534E+001
-6.27177405968E+001
-6.26827823833E+001
-6.26380812759E+001
-6.25422214377E+001
-6.24966560512E+001
-6.24843537723E+001
-6.24704154905E+001
-6.24553387739E+001
-6.23892637807E+001
-6.23317700468E+001
-6.23052878832E+001
-6.22929782584E+001
-6.22233854608E+001
-6.21774465232E+001
-6.21717263770E+001
-6.21584428798E+001
-6.20493621351E+001
-6.19784923730E+001
-6.19285093457E+001
-6.19042765808E+001
-6.17680429399E+001
-6.17375964199E+001
-6.17879000236E+001
-6.17422961261E+001
-6.16290030093E+001
-6.15394576327E+001
-6.15011873747E+001
-6.14218886461E+001
-6.12348548302E+001
-6.12034744450E+001
-6.10542522125E+001
-6.09850509828E+001
-6.07591615705E+001
-6.06028032989E+001
-6.05689687327E+001
-6.04004104703E+001
-6.02914145060E+001
-6.02011386571E+001
-6.00052167903E+001
-5.99315426232E+001
-5.98547899021E+001
-5.98304772662E+001
-5.98290552111E+001
-5.97914799085E+001
-5.98123403840E+001
-5.98017729843E+001
-5.98276761113E+001
-5.98840267716E+001
-5.99298234070E+001
-5.99499830980E+001
-5.99089809597E+001
-5.98778502745E+001
-5.98628321287E+001
-5.98440520825E+001
-5.98671413179E+001
-5.98630680161E+001
-5.98566249176E+001
-5.98496396880E+001
-5.98674108090E+001
-5.98635627621E+001
-5.98174417009E+001
-5.98050894256E+001
-5.98639147350E+001
-5.97807828935E+001
-5.98156991525E+001
-5.97811794533E+001
-5.97770850962E+001
-5.98106129609E+001
-5.98398345800E+001
-5.98577505946E+001
-5.99121933311E+001
-5.99332069179E+001
-5.99916542591E+001
-5.99446872804E+001
-5.99691287601E+001
-6.00029365112E+001
-5.99708607421E+001
-5.99662947640E+001
-5.98675120025E+001
-5.98621299893E+001
-5.97822677564E+001
-5.97507217774E+001
-5.97306772568E+001
-5.98184641845E+001
-5.98817750953E+001
-5.99833876091E+001
-6.00614451862E+001
-6.02460649506E+001
-6.02177877402E+001
-6.03453708219E+001
-6.01105467109E+001
-5.98805199518E+001
-5.99537985530E+001
-6.03667165133E+001
-6.06191399803E+001
-6.05787101458E+001
-6.17123492081E+001
-6.33066586054E+001
-6.09933717892E+001
-6.66163011123E+001
-7.11104495300E+001
-7.33587816364E+001
-7.07645933904E+001
-6.98014983071E+001
-6.94389708033E+001
-6.92396068165E+001
-6.82697947961E+001
-6.88547136203E+001
-6.88065146213E+001
-6.88665448323E+001
-6.84941523478E+001
-6.80882264561E+001
-6.80096874907E+001
-6.80869561609E+001
-6.78453072460E+001
-6.76121832436E+001
-6.76617984629E+001
-6.73778821900E+001
-6.74676846328E+001
-6.72157091329E+001
-6.72592793309E+001
-6.70226981831E+001
-6.68627398536E+001
-6.67454189663E+001
-6.67203972431E+001
-6.65832527496E+001
-6.66882448907E+001
-6.67135983385E+001
-6.66186757532E+001
-6.64959901651E+001
-6.67599122135E+001
-6.66390485483E+001
-6.66435245240E+001
-6.65828109994E+001
-6.67545382254E+001
-6.66299845142E+001
-6.66640394625E+001
-6.67729473689E+001
-6.66475710901E+001
-6.65745495100E+001
-6.65626472867E+001
-6.65447462254E+001
-6.64773464804E+001
-6.64371024758E+001
-6.63391026733E+001
-6.63685400444E+001
-6.65104084036E+001
-6.64318486598E+001
-6.64182924651E+001
-6.63115855353E+001
-6.63488540821E+001
-6.63108637600E+001
-6.62877379526E+001
-6.63597509581E+001
-6.64484710380E+001
-6.63570484046E+001
-6.62799246833E+001
-6.61728805033E+001
-6.62464162082E+001
-6.61760964231E+001
-6.62245881143E+001
-6.62758967508E+001
-6.63632627180E+001
-6.63009018983E+001
-6.62577729853E+001
-6.62569666902E+001
-6.62940960465E+001
-6.63566155662E+001
-6.64276104929E+001
-6.64301317435E+001
-6.64009722299E+001
-6.64199304346E+001
-6.64496438353E+001
-6.64510802448E+001
-6.64642358058E+001
-6.64653244761E+001
-6.64099908166E+001
-6.64645255729E+001
-6.64353531890E+001
-6.63217406239E+001
-6.63170317037E+001
-6.63130331755E+001
-6.64189480409E+001
-6.63665926255E+001
-6.64054264102E+001
-6.63312361642E+001
-6.62674025490E+001
-6.62868356065E+001
-6.62517341115E+001
-6.62922778124E+001
-6.61153330336E+001
-6.61284183656E+001
-6.60708377100E+001
-6.61042294637E+001
-6.60532973337E+001
-6.60281813583E+001
-6.60218164574E+001
-6.59882369612E+001
-6.59865428312E+001
-6.59952698591E+001
-6.60858172655E+001
-6.60789610108E+001
-6.61024683322E+001
-6.60513255039E+001
-6.59882338728E+001
-6.60381680095E+001
-6.60415566109E+001
-6.60554568157E+001
-6.60341924799E+001
-6.60327876389E+001
-6.60489574835E+001
-6.60582563477E+001
-6.60435513899E+001
-6.59970381911E+001
-6.59615386711E+001
-6.60234372041E+001
-6.59617246124E+001
-6.59364387932E+001
-6.59693804066E+001
-6.59660676088E+001
-6.59593559845E+001
-6.60038091380E+001
-6.60316992990E+001
-6.60460007427E+001
-6.60568341927E+001
-6.60477455615E+001
-6.61666964772E+001
-6.62003470403E+001
-6.61591109221E+001
-6.61283961026E+001
-6.61503433151E+001
-6.61077218908E+001
-6.61386589192E+001
-6.60901526776E+001
-6.61095358161E+001
-6.60852663605E+001
-6.59685339740E+001
-6.59489049082E+001
-6.59200034040E+001
-6.58930861959E+001
-6.58490404784E+001
-6.58590919980E+001
-6.58586731952E+001
-6.58974470140E+001
-6.58480563768E+001
-6.58056057740E+001
-6.57529176666E+001
-6.58329118224E+001
-6.57961599725E+001
-6.57587400750E+001
-6.57112909643E+001
-6.57082466312E+001
-6.58055871148E+001
-6.57758214341E+001
-6.58212349784E+001
-6.59674155144E+001
-6.59358554119E+001
-6.59283214929E+001
-6.59108559545E+001
-6.59178484684E+001
-6.59197221165E+001
-6.59681751480E+001
-6.59494244762E+001
-6.59170650717E+001
-6.59158396519E+001
-6.60212418960E+001
-6.59899113111E+001
-6.60038342945E+001
-6.59901952501E+001
-6.58693814159E+001
-6.58259729770E+001
-6.58631628401E+001
-6.59292634296E+001
-6.58669769985E+001
-6.58741539711E+001
-6.58960254800E+001
-6.59533663612E+001
-6.59404964827E+001
-6.59023001604E+001
-6.58946113569E+001
-6.58673225618E+001
-6.58941096375E+001
-6.58307870339E+001
-6.58015753637E+001
-6.57382236736E+001
-6.56869844411E+001
-6.57220113603E+001
-6.57225215687E+001
-6.57646764355E+001
-6.57912747655E+001
-6.57914237968E+001
-6.58227796475E+001
-6.57143442226E+001
-6.57534660839E+001
-6.57677982172E+001
-6.58184060069E+001
-6.57782663920E+001
-6.58201040197E+001
-6.57820566857E+001
-6.57763594189E+001
-6.57600174778E+001
-6.57367979213E+001
-6.57637494834E+001
-6.57907184248E+001
-6.59056910793E+001
-6.59178736983E+001
-6.59022044126E+001
-6.59168317507E+001
-6.58939265573E+001
-6.58615768612E+001
-6.57936905612E+001
-6.57533057978E+001
-6.57132723187E+001
-6.56070636273E+001
-6.55603011368E+001
-6.56133629950E+001
-6.55979693725E+001
-6.56159456256E+001
-6.55983873730E+001
-6.56055324966E+001
-6.55852368346E+001
-6.55597416722E+001
-6.55290433896E+001
-6.56040855388E+001
-6.55873972640E+001
-6.55678921305E+001
-6.55244023483E+001
-6.55337614570E+001
-6.54422491653E+001
-6.54384696231E+001
-6.54353268424E+001
-6.54279390474E+001
-6.55088677600E+001
-6.53913640897E+001
-6.54409394475E+001
-6.54229139483E+001
-6.54618487028E+001
-6.54843551835E+001
-6.54615708070E+001
-6.54588810969E+001
-6.54612833534E+001
-6.54783110694E+001
-6.55074782865E+001
-6.55661765062E+001
-6.55038574140E+001
-6.54937919412E+001
-6.54982414379E+001
-6.55314786723E+001
-6.55284279893E+001
-6.56106399537E+001
-6.55748999044E+001
-6.55318707557E+001
-6.55381299434E+001
-6.55322329705E+001
-6.55453197168E+001
-6.55773134267E+001
-6.55763859755E+001
-6.55792125550E+001
-6.55875194649E+001
-6.55879213336E+001
-6.55548308361E+001
-6.57764009189E+001
-6.57983935618E+001
-6.58624791887E+001
-6.60186655860E+001
-6.60676919131E+001
-6.62882115292E+001
-6.63202563244E+001
-6.63479368012E+001
-6.63147183823E+001
-6.63732140761E+001
-6.63974874881E+001
-6.64144950518E+001
-6.63583344368E+001
-6.63817176717E+001
-6.64091590962E+001
-6.63819855716E+001
-6.62646392339E+001
-6.62354825252E+001
-6.62723199996E+001
-6.62818666576E+001
-6.62951270103E+001
-6.63446372858E+001
-6.63320106136E+001
-6.64154701205E+001
-6.64510344224E+001
-6.65277311309E+001
-6.65932364350E+001
-6.66123120782E+001
-6.66275521646E+001
-6.67202861531E+001
-6.68171459428E+001
-6.68008905403E+001
-6.67828687537E+001
-6.67553963810E+001
-6.67209040185E+001
-6.66834927789E+001
-6.67757410578E+001
-6.67436474652E+001
-6.67613542331E+001
-6.68008544420E+001
-6.67854092235E+001
-6.68161400593E+001
-6.67492856657E+001
-6.68662936918E+001
-6.68453817082E+001
-6.67421512304E+001
-6.67504713077E+001
-6.67519967175E+001
-6.67378014420E+001
-6.67001313107E+001
-6.66926355435E+001
-6.66367545683E+001
-6.66676152928E+001
-6.66835090601E+001
-6.67267473582E+001
-6.66340987018E+001
-6.66085925345E+001
-6.66238360325E+001
-6.67144828004E+001
-6.67142808518E+001
-6.67505435999E+001
-6.67794637847E+001
-6.68233559085E+001
-6.68634943992E+001
-6.69636882219E+001
-6.69565250452E+001
-6.69027443666E+001
-6.68469338487E+001
-6.68415385055E+001
-6.68919126264E+001
-6.69013671225E+001
-6.68960776213E+001
-6.69106305207E+001
-6.68998996088E+001
-6.69350689012E+001
-6.69690822819E+001
-6.70002634845E+001
-6.70207190535E+001
-6.70053759650E+001
-6.70045597418E+001
-6.70099049006E+001
-6.70332291136E+001
-6.70280991865E+001
-6.69796283537E+001
-6.69850098787E+001
-6.69370231195E+001
-6.69473186305E+001
-6.69622114941E+001
-6.69301455234E+001
-6.69655025324E+001
-6.69169181866E+001
-6.69598755965E+001
-6.70420083336E+001
-6.70556039205E+001
-6.69691921328E+001
-6.69672674442E+001
-6.69643592790E+001
-6.69542929959E+001
-6.69495736511E+001
-6.69505561619E+001
-6.69798827242E+001
-6.69607022015E+001
-6.69734902753E+001
-6.70370774521E+001
-6.70742811091E+001
-6.70650295415E+001
-6.70931705324E+001
-6.71194627165E+001
-6.70902767161E+001
-6.70394616741E+001
-6.70071409539E+001
-6.70352765085E+001
-6.70072420300E+001
-6.69374530501E+001
-6.68838373496E+001
-6.69152029327E+001
-6.69416134008E+001
-6.69801378603E+001
-6.69721705141E+001
-6.69191782116E+001
-6.69521775209E+001
-6.69509138497E+001
-6.69233740164E+001
-6.69703013178E+001
-6.70005456949E+001
-6.69939588332E+001
-6.70805840436E+001
-6.70800722364E+001
-6.70330608223E+001
-6.71415271936E+001
-6.71774969275E+001
-6.72019079985E+001
-6.71967585244E+001
-6.71994619659E+001
-6.72162605216E+001
-6.72509258114E+001
-6.72450774219E+001
-6.72221167415E+001
-6.72173325343E+001
-6.72304133614E+001
-6.72417853967E+001
-6.72633881480E+001
-6.72273033304E+001
-6.71892186425E+001
-6.71689626336E+001
-6.71917236366E+001
-6.71953360478E+001
-6.72122533886E+001
-6.72638325899E+001
-6.72354208386E+001
-6.72583602035E+001
-6.70412961221E+001
-6.69955336468E+001
-6.69572110171E+001
-6.68130470757E+001
-6.68184012741E+001
-6.66210184828E+001
-6.66073399593E+001
-6.66166023432E+001
-6.66337717641E+001
-6.66265178056E+001
-6.66210287622E+001
-6.66100344306E+001
-6.66548006335E+001
-6.66424438895E+001
-6.66012063563E+001
-6.66166069997E+001
-6.66453630856E+001
-6.66398960784E+001
-6.65751050021E+001
-6.65752105933E+001
-6.65782567354E+001
-6.65476238696E+001
-6.65387504576E+001
-6.65051845628E+001
-6.64605085069E+001
-6.63922637218E+001
-6.63961152412E+001
-6.64098765313E+001
-6.64242948677E+001
-6.63639092818E+001
-6.62502093518E+001
-6.62643346800E+001
-6.62572516911E+001
-6.62566533567E+001
-6.62627670877E+001
-6.63805955721E+001
-6.63259567559E+001
-6.63021986793E+001
-6.63302939388E+001
-6.62567275802E+001
-6.63090674667E+001
-6.62331779461E+001
-6.62321528782E+001
-6.61638807276E+001
-6.61704594852E+001
-6.61657106038E+001
-6.63067756977E+001
-6.62926562823E+001
-6.63135086275E+001
-6.64378533751E+001
-6.64379594367E+001
-6.64376346463E+001
-6.65448153535E+001
-6.66501945945E+001
-6.67232702076E+001
-6.67024936555E+001
-6.68907738412E+001
-6.68638101946E+001
-6.68211581093E+001
-6.69109891603E+001
-6.69010384975E+001
-6.68430379063E+001
-6.68451665601E+001
-6.67962987934E+001
-6.67274405963E+001
-6.67350472435E+001
-6.67250517617E+001
-6.67733956588E+001
-6.67770560243E+001
-6.67521804281E+001
-6.66970159425E+001
-6.67424206672E+001
-6.67569222597E+001
-6.67513126189E+001
-6.67016367204E+001
-6.67559017985E+001
-6.68166528730E+001
-6.67840110649E+001
-6.67722557329E+001
-6.67314009342E+001
-6.67713809633E+001
-6.68502280084E+001
-6.68731982256E+001
-6.68746417956E+001
-6.68796744130E+001
-6.68889142307E+001
-6.69018941888E+001
-6.68003507807E+001
-6.67767996530E+001
-6.67799916632E+001
-6.67817001797E+001
-6.67596210029E+001
-6.66968114396E+001
-6.66557493086E+001
-6.66938818259E+001
-6.67772393413E+001
-6.67864910305E+001
-6.67606759908E+001
-6.67405928360E+001
-6.67827548433E+001
-6.67395857405E+001
-6.68025079183E+001
-6.68770224417E+001
-6.68897501488E+001
-6.69103088388E+001
-6.68797531413E+001
-6.69174079973E+001
-6.69761559917E+001
-6.69785009271E+001
-6.70355880301E+001
-6.70136071925E+001
-6.70152067649E+001
-6.70851331208E+001
-6.71234905794E+001
-6.71960697493E+001
-6.72175559092E+001
-6.72121901425E+001
-6.71762478153E+001
-6.71759315247E+001
-6.73553127888E+001
-6.73310924539E+001
-6.73645395033E+001
-6.74072427825E+001
-6.74178097117E+001
-6.74212047660E+001
-6.74902242144E+001
-6.74246877485E+001
-6.74485243990E+001
-6.76190866314E+001
-6.75923075909E+001
-6.75682163017E+001
-6.75504964709E+001
-6.75491051494E+001
-6.75557292858E+001
-6.75901599950E+001
-6.75775459686E+001
-6.75684487928E+001
-6.75910996461E+001
-6.76199102780E+001
-6.76214055655E+001
-6.76725570460E+001
-6.77379236277E+001
-6.78026851250E+001
-6.79233667899E+001
-6.79278451134E+001
-6.79930901084E+001
-6.80133353473E+001
-6.79786115433E+001
-6.79112563731E+001
-6.80303806953E+001
-6.80637430301E+001
-6.80917418789E+001
-6.81184072108E+001
-6.81390720009E+001
-6.81253177607E+001
-6.81310607391E+001
-6.80524656439E+001
-6.81029129667E+001
-6.80614087316E+001
-6.80785623076E+001
-6.80661381763E+001
-6.80363324143E+001
-6.80639001116E+001
-6.80532666351E+001
-6.80661208222E+001
-6.80597870411E+001
-6.81966957951E+001
-6.81634032852E+001
-6.81970707095E+001
-6.82525577542E+001
-6.82640265847E+001
-6.82191230474E+001
-6.82316969529E+001
-6.82584044107E+001
-6.82922355535E+001
-6.83892798613E+001
-6.83926686832E+001
-6.83508745547E+001
-6.83047092001E+001
-6.83110329575E+001
-6.83147187835E+001
-6.83297382435E+001
-6.83488710080E+001
-6.84653930114E+001
-6.84722747503E+001
-6.85953515788E+001
-6.84827957076E+001
-6.85097347980E+001
-6.85075118952E+001
-6.84987332720E+001
-6.85250994278E+001
-6.84818451981E+001
-6.84874114143E+001
-6.84691059269E+001
-6.85040576490E+001
-6.85161910444E+001
-6.84823468083E+001
-6.83835596619E+001
-6.84109164661E+001
-6.84582947499E+001
-6.84009418900E+001
-6.84641686158E+001
-6.84531468933E+001
-6.83114417987E+001
-6.82331201166E+001
-6.81598379330E+001
-6.81829289868E+001
-6.79986066321E+001
-6.80330912466E+001
-6.80119659172E+001
-6.79932441506E+001
-6.81037940209E+001
-6.81445973477E+001
-6.81038689597E+001
-6.81319219989E+001
-6.80977776612E+001
-6.80640204750E+001
-6.80736627593E+001
-6.80088752182E+001
-6.80646720344E+001
-6.81479467003E+001
-6.81531039534E+001
-6.81918178506E+001
-6.81718612952E+001
-6.82484748229E+001
-6.82610104533E+001
-6.82306154507E+001
-6.81845112065E+001
-6.82506681195E+001
-6.82938334722E+001
-6.83003475995E+001
-6.82534532449E+001
-6.81384398588E+001
-6.82220417249E+001
-6.82351267221E+001
-6.82514405016E+001
-6.82719534197E+001
-6.82345320991E+001
-6.82286314334E+001
-6.82646741808E+001
-6.82560202706E+001
-6.82484939738E+001
-6.82313642760E+001
-6.82197027995E+001
-6.82194263161E+001
-6.82857514586E+001
-6.82044490932E+001
-6.81800476063E+001
-6.82828527223E+001
-6.83090962257E+001
-6.82998067711E+001
-6.83163508064E+001
-6.84231989020E+001
-6.83980916270E+001
-6.84196306341E+001
-6.84500560447E+001
-6.84544210305E+001
-6.83877631155E+001
-6.83410692542E+001
-6.83234862043E+001
-6.83429937327E+001
-6.83797371066E+001
-6.84063785421E+001
-6.84015203828E+001
-6.83508686118E+001
-6.83018674670E+001
-6.83269645666E+001
-6.83466822597E+001
-6.84667924538E+001
-6.84998045971E+001
-6.83152828050E+001
-6.83487613117E+001
-6.82974728568E+001
-6.81974982793E+001
-6.81913195309E+001
-6.81646499277E+001
-6.80841257408E+001
-6.80772538084E+001
-6.80599432964E+001
-6.78943980816E+001
-6.78553045508E+001
-6.79146427457E+001
-6.79249439815E+001
-6.79321132896E+001
-6.78488617064E+001
-6.78234596360E+001
-6.78083635467E+001
-6.78149317643E+001
-6.78257734052E+001
-6.78402147369E+001
-6.77668330178E+001
-6.77064540917E+001
-6.76525873904E+001
-6.76318614065E+001
-6.75373131509E+001
-6.75506956719E+001
-6.74633283175E+001
-6.73911773581E+001
-6.74622142179E+001
-6.74631905377E+001
-6.73734522689E+001
-6.73613828511E+001
-6.74247174993E+001
-6.74024476413E+001
-6.74239510548E+001
-6.74292519027E+001
-6.75352785662E+001
-6.75484373421E+001
-6.74860385421E+001
-6.75618200479E+001
-6.75701012185E+001
-6.75552538604E+001
-6.76837510786E+001
-6.77989186816E+001
-6.78308564274E+001
-6.78615408999E+001
-6.79764734008E+001
-6.78781042631E+001
-6.79034658218E+001
-6.78972539926E+001
-6.79022508818E+001
-6.79870162258E+001
-6.80514243050E+001
-6.80865152156E+001
-6.81332978230E+001
-6.80939656359E+001
-6.80267367381E+001
-6.80545480865E+001
-6.80759177715E+001
-6.80813348133E+001
-6.80761457463E+001
-6.81583326742E+001
-6.81735935526E+001
-6.81801188553E+001
-6.80933472262E+001
-6.80810212239E+001
-6.79761607523E+001
-6.80266088212E+001
-6.80180596951E+001
-6.80178909430E+001
-6.80972472438E+001
-6.81565055366E+001
-6.82294984572E+001
-6.83949396234E+001
-6.84983365431E+001
-6.85197083441E+001
-6.84987598467E+001
-6.85112906963E+001
-6.84702933633E+001
-6.85323591603E+001
-6.85010417337E+001
-6.85268731607E+001
-6.85334455939E+001
-6.85654123646E+001
-6.86495665598E+001
-6.86517885264E+001
-6.86649609216E+001
-6.86687076048E+001
-6.87191862471E+001
-6.87187156587E+001
-6.87077030217E+001
-6.86515394803E+001
-6.85538950373E+001
-6.85320777072E+001
-6.85351268176E+001
-6.85235881745E+001
-6.85737151831E+001
-6.86751931941E+001
-6.86832373566E+001
-6.87651713178E+001
-6.87738012783E+001
-6.88194622591E+001
-6.88479584071E+001
-6.88031195941E+001
-6.87873888799E+001
-6.87363996508E+001
-6.87589490895E+001
-6.87763205535E+001
-6.87836583989E+001
-6.87793499755E+001
-6.87801610516E+001
-6.88728734877E+001
-6.89405176216E+001
-6.89822255258E+001
-6.88807280746E+001
-6.88872676634E+001
-6.89028708867E+001
-6.88925937956E+001
-6.88920548043E+001
-6.89601356044E+001
-6.89713756129E+001
-6.89485930878E+001
-6.89465754012E+001
-6.89203332713E+001
-6.89066089023E+001
-6.89467985088E+001
-6.88093678630E+001
-6.87929711073E+001
-6.88165563747E+001
-6.87477598116E+001
-6.87922004918E+001
-6.88404817090E+001
-6.88763615680E+001
-6.87468033820E+001
-6.87455007212E+001
-6.86815718230E+001
-6.86342162232E+001
-6.86230092265E+001
-6.86881817661E+001
-6.86872963042E+001
-6.86781274162E+001
-6.87654433442E+001
-6.87928888167E+001
-6.87748484627E+001
-6.87359310602E+001
-6.87355287440E+001
-6.87227952820E+001
-6.87063818722E+001
-6.87599847604E+001
-6.85824941325E+001
-6.85487633907E+001
-6.86470721846E+001
-6.86592221619E+001
-6.88137467065E+001
-6.88406095766E+001
-6.88182642114E+001
-6.87886880601E+001
-6.88121684404E+001
-6.87567847166E+001
-6.88271937665E+001
-6.88544540016E+001
-6.88502996720E+001
-6.88030168836E+001
-6.88262953224E+001
-6.88574720146E+001
-6.88763466040E+001
-6.88629586843E+001
-6.89137892756E+001
-6.89064164213E+001
-6.89162145954E+001
-6.89253349884E+001
-6.89670534406E+001
-6.89958739849E+001
-6.89929147515E+001
-6.89835149984E+001
-6.89710552871E+001
-6.89790530576E+001
-6.90113341467E+001
-6.90750100306E+001
-6.90508493413E+001
-6.91509127628E+001
-6.91424895653E+001
-6.90998938382E+001
-6.91065927719E+001
-6.90978481894E+001
-6.91151957859E+001
-6.91201326490E+001
-6.90004305966E+001
-6.90070251331E+001
-6.90477364548E+001
-6.90654838053E+001
-6.90308768663E+001
-6.90838352309E+001
-6.90262894044E+001
-6.88606470464E+001
-6.87922775110E+001
-6.87750575157E+001
-6.86773321755E+001
-6.86460209202E+001
-6.86333379224E+001
-6.85940210496E+001
-6.86368550461E+001
-6.86220131847E+001
-6.85506346432E+001
-6.85319375237E+001
-6.84776968183E+001
-6.85297117956E+001
-6.85359329244E+001
-6.85034319529E+001
-6.84924683323E+001
-6.85809256494E+001
-6.85742169274E+001
-6.84925985394E+001
-6.84340864442E+001
-6.84523608040E+001
-6.84709683970E+001
-6.84464773102E+001
-6.84218879886E+001
-6.83981127298E+001
-6.83686691730E+001
-6.84185663235E+001
-6.83522864453E+001
-6.82861344349E+001
-6.82897081605E+001
-6.81738162780E+001
-6.80824939992E+001
-6.79955657455E+001
-6.79745717191E+001
-6.79051533350E+001
-6.79825996969E+001
-6.79273383110E+001
-6.78749647838E+001
-6.78713059738E+001
-6.78270685950E+001
-6.78031844059E+001
-6.77401445553E+001
-6.77697553448E+001
-6.77942580227E+001
-6.78124186621E+001
-6.77775188308E+001
-6.77742710025E+001
-6.77675049063E+001
-6.77610061995E+001
-6.77408638691E+001
-6.77375803842E+001
-6.77597585112E+001
-6.78358405307E+001
-6.78039272008E+001
-6.77678157684E+001
-6.77645101588E+001
-6.76817473991E+001
-6.76265986178E+001
-6.75610319376E+001
-6.77044630978E+001
-6.77045264594E+001
-6.77517936786E+001
-6.77618683334E+001
-6.78136700713E+001
-6.77329707515E+001
-6.77530096527E+001
-6.77720310644E+001
-6.77081579912E+001
-6.76826005876E+001
-6.76516922946E+001
-6.77195990183E+001
-6.77178699059E+001
-6.78326712594E+001
-6.78149624996E+001
-6.78326401578E+001
-6.78674941270E+001
-6.78106288107E+001
-6.77949331133E+001
-6.77828375476E+001
-6.77846337770E+001
-6.78557600635E+001
-6.78757236269E+001
-6.78873267522E+001
-6.79297184136E+001
-6.80284016256E+001
-6.80372168299E+001
-6.80534793361E+001
-6.80349753482E+001
-6.79635096672E+001
-6.79365824767E+001
-6.79974437569E+001
-6.79651783079E+001
-6.79920845207E+001
-6.79403168650E+001
-6.79432581382E+001
-6.78649058145E+001
-6.78279470195E+001
-6.78754092717E+001
-6.77461174404E+001
-6.77364907209E+001
-6.77167180529E+001
-6.77453539368E+001
-6.77580438766E+001
-6.78224079119E+001
-6.78002466557E+001
-6.77425553208E+001
-6.77440045154E+001
-6.77228148285E+001
-6.76801244354E+001
-6.76614821450E+001
-6.75134665418E+001
-6.74984203190E+001
-6.74302725194E+001
-6.73864497921E+001
-6.73634137631E+001
-6.73462768372E+001
-6.72528852947E+001
-6.72189518780E+001
-6.71665865516E+001
-6.71263731689E+001
-6.70573057184E+001
-6.69979287856E+001
-6.69731903679E+001
-6.69836281241E+001
-6.69207967249E+001
-6.69192229074E+001
-6.69804412846E+001
-6.69166332239E+001
-6.68527859390E+001
-6.67996539941E+001
-6.67474060029E+001
-6.66902050949E+001
-6.66515655382E+001
-6.65822606963E+001
-6.65439256190E+001
-6.64838824672E+001
-6.64117934936E+001
-6.62517369850E+001
-6.62105104476E+001
-6.61990373696E+001
-6.60890231841E+001
-6.61116869031E+001
-6.60059110898E+001
-6.59647430443E+001
-6.59134558945E+001
-6.58943179543E+001
-6.58613570979E+001
-6.57618537792E+001
-6.57392416652E+001
-6.56478688143E+001
-6.55576035895E+001
-6.55260209272E+001
-6.55034311070E+001
-6.54396565034E+001
-6.53992464104E+001
-6.53512002718E+001
-6.53044474108E+001
-6.52872472643E+001
-6.51687843451E+001
-6.50417327000E+001
-6.50242103469E+001
-6.49680147108E+001
-6.49152533849E+001
-6.48414465854E+001
-6.47863946184E+001
-6.47604858661E+001
-6.46987006751E+001
-6.45698662356E+001
-6.45744270567E+001
-6.45437467963E+001
-6.45583533704E+001
-6.44690430717E+001
-6.44178829209E+001
-6.44057922797E+001
-6.44052109132E+001
-6.43657881018E+001
-6.43465355383E+001
-6.42722127902E+001
-6.42324848309E+001
-6.42087747093E+001
-6.41304515122E+001
-6.40463354302E+001
-6.40339508616E+001
-6.40417007274E+001
-6.40269927952E+001
-6.40310129563E+001
-6.39375704106E+001
-6.38585222464E+001
-6.38446960757E+001
-6.37439200531E+001
-6.37124057789E+001
-6.36990049195E+001
-6.36662780986E+001
-6.35976900033E+001
-6.35343990464E+001
-6.34971163611E+001
-6.34394849224E+001
-6.34007679364E+001
-6.33374432299E+001
-6.33006271976E+001
-6.32670968056E+001
-6.32530179233E+001
-6.31514703343E+001
-6.30656448704E+001
-6.30341567624E+001
-6.29635873512E+001
-6.29944145458E+001
-6.30390102137E+001
-6.30286909198E+001
-6.29376576153E+001
-6.27765837866E+001
-6.27248352276E+001
-6.26691136917E+001
-6.26183076964E+001
-6.25317145173E+001
-6.24937964096E+001
-6.23863625104E+001
-6.22946661376E+001
-6.22821494347E+001
-6.22327829798E+001
-6.21685020787E+001
-6.20440755317E+001
-6.20287154793E+001
-6.18796068254E+001
-6.18211503982E+001
-6.17982593682E+001
-6.17392288218E+001
-6.17433715700E+001
-6.17254274534E+001
-6.17265610787E+001
-6.16838526813E+001
-6.15896111622E+001
-6.15247491709E+001
-6.14564023338E+001
-6.14229951191E+001
-6.13020588538E+001
-6.12581436484E+001
-6.11855411571E+001
-6.11384158810E+001
-6.10921485268E+001
-6.10801999174E+001
-6.09632723231E+001
-6.09301569082E+001
-6.09000029797E+001
-6.09044596215E+001
-6.08752490873E+001
-6.08685310158E+001
-6.08631448751E+001
-6.07975024492E+001
-6.08028249730E+001
-6.07212865596E+001
-6.06899699380E+001
-6.06554504227E+001
-6.05898689209E+001
-6.05216574222E+001
-6.04482943891E+001
-6.04215489781E+001
-6.03922727854E+001
-6.04037825367E+001
-6.03160537759E+001
-6.02727573409E+001
-6.02550509282E+001
-6.02265135096E+001
-6.02457267182E+001
-6.02675302285E+001
-6.02327584464E+001
-6.02278874245E+001
-6.02273865089E+001
-6.02632421770E+001
-6.02819180919E+001
-6.02576587168E+001
-6.02730447788E+001
-6.02823276855E+001
-6.02955821122E+001
-6.02836772731E+001
-6.03136991485E+001
-6.03052515627E+001
-6.01665080646E+001
-6.01446545621E+001
-6.01284221526E+001
-6.01086219237E+001
-6.00509218551E+001
-6.00621024914E+001
-6.01114152118E+001
-6.01038243838E+001
-6.00950098473E+001
-6.00853758869E+001
-6.00943695445E+001
-6.01213370497E+001
-6.01550644469E+001
-6.01324984983E+001
-6.01269237468E+001
-6.01367823767E+001
-6.01429422784E+001
-6.01280719459E+001
-6.01499504766E+001
-6.01407834146E+001
-6.01527040673E+001
-6.01615472443E+001
-6.01566095028E+001
-6.01679019726E+001
-6.01672203701E+001
-6.01486282562E+001
-6.01492415341E+001
-6.01315130427E+001
-6.01131467316E+001
-6.01165231907E+001
-6.01377679363E+001
-6.01835671216E+001
-6.01894322864E+001
-6.02088341903E+001
-6.02116146926E+001
-6.02066871783E+001
-6.02051551348E+001
-6.01966569480E+001
-6.02050879304E+001
-6.02372287331E+001
-6.02411589016E+001
-6.02295426659E+001
-6.02204690513E+001
-6.02034807671E+001
-6.02000916876E+001
-6.02003381058E+001
-6.02070058716E+001
-6.01801750946E+001
-6.01601108364E+001
-6.01597560091E+001
-6.01692693223E+001
-6.02009578805E+001
-6.01941102103E+001
-6.02000679949E+001
-6.01616180799E+001
-6.01756004170E+001
-6.01576647780E+001
-6.01499671164E+001
-6.01417442969E+001
-6.01451486266E+001
-6.01619952863E+001
-6.01878611509E+001
-6.02046980173E+001
-6.01973530780E+001
-6.01824109417E+001
-6.01442003204E+001
-6.01712131934E+001
-6.01645786581E+001
-6.02009979150E+001
-6.01685493004E+001
-6.01641152994E+001
-6.01390778602E+001
-6.01523783640E+001
-6.01412653135E+001
-6.01591145921E+001
-6.01693423712E+001
-6.01906069060E+001
-6.01761424600E+001
-6.01758695125E+001
-6.01788497700E+001
-6.01116885067E+001
-6.00647885272E+001
-6.00463224242E+001
-6.00328039191E+001
-6.00068798681E+001
-6.00105569019E+001
-5.99883031091E+001
-5.99700544887E+001
-5.99612781715E+001
-5.99731184927E+001
-5.99746847525E+001
-5.99689328183E+001
-5.99743411143E+001
-5.99516903669E+001
-5.99466755934E+001
-5.99527820656E+001
-5.99379326559E+001
-5.99336361059E+001
-5.99430483659E+001
-5.99230553167E+001
-5.99412070853E+001
-5.98914818402E+001
-5.98568320790E+001
-5.98700757768E+001
-5.98928106954E+001
-5.99131009483E+001
-5.99221366403E+001
-5.99335809323E+001
-5.99327588189E+001
-5.99214939809E+001
-5.98947950177E+001
-5.98889209477E+001
-5.98525872091E+001
-5.98555121256E+001
-5.98631514729E+001
-5.99059207479E+001
-5.98915051530E+001
-5.98270378847E+001
-5.98211208337E+001
-5.98102313595E+001
-5.98192120975E+001
-5.97835253236E+001
-5.97910592056E+001
-5.97549615401E+001
-5.97739550824E+001
-5.97648763751E+001
-5.97790962320E+001
-5.97855242654E+001
-5.97812361171E+001
-5.98056632065E+001
-5.97910914799E+001
-5.98003298614E+001
-5.97863646012E+001
-5.98164841873E+001
-5.98024223489E+001
-5.98310896671E+001
-5.98368292534E+001
-5.98200207063E+001
-5.98087012703E+001
-5.98174461089E+001
-5.98375326682E+001
-5.98284098457E+001
-5.98470275963E+001
-5.98376552389E+001
-5.98410432854E+001
-5.98288741547E+001
-5.97903951955E+001
-5.97621183527E+001
-5.97446260175E+001
-5.97162377958E+001
-5.97229921705E+001
-5.97379115037E+001
-5.97665858342E+001
-5.98003458245E+001
-5.98414390538E+001
-5.98550335560E+001
-5.98394682768E+001
-5.97940330859E+001
-5.98118894783E+001
-5.98134823375E+001
-5.98000453110E+001
-5.97924824990E+001
-5.97810257400E+001
-5.97478393682E+001
-5.97466656879E+001
-5.97701638140E+001
-5.97405298538E+001
-5.97214517002E+001
-5.97232839064E+001
-5.97445767718E+001
-5.98237713578E+001
-5.97967943259E+001
-5.98266733401E+001
-5.98326594265E+001
-5.98732938639E+001
-5.99492450141E+001
-5.99788610270E+001
-6.00121811851E+001
-6.00810073623E+001
-6.01341174539E+001
-6.01761176122E+001
-6.02084797156E+001
-6.01829442158E+001
-6.02028320164E+001
-6.02478669861E+001
-6.03105128682E+001
-6.03092254774E+001
-6.03522243015E+001
-6.03464670828E+001
-6.03525889005E+001
-6.03414971196E+001
-6.03465611336E+001
-6.03761646787E+001
-6.04317774156E+001
-6.04975684145E+001
-6.05227271527E+001
-6.05697591804E+001
-6.05619086582E+001
-6.05906340175E+001
-6.05979791775E+001
-6.06181488356E+001
-6.06460894456E+001
-6.06501767910E+001
-6.06846802910E+001
-6.07109063127E+001
-6.08950409372E+001
-6.09222497322E+001
-6.09662204953E+001
-6.09510414682E+001
-6.09742963296E+001
-6.10232850705E+001
-6.10101578506E+001
-6.10293097681E+001
-6.10682379984E+001
-6.10694509097E+001
-6.10937776213E+001
-6.11375222651E+001
-6.11419679090E+001
-6.11793610034E+001
-6.11604820798E+001
-6.11977730460E+001
-6.12423398666E+001
-6.12619797549E+001
-6.13075489663E+001
-6.13708507202E+001
-6.14132486442E+001
-6.14363560105E+001
-6.14747899985E+001
-6.14939952461E+001
-6.15052339058E+001
-6.15239140456E+001
-6.15815832599E+001
-6.15773094385E+001
-6.15799877733E+001
-6.16240034509E+001
-6.16368160899E+001
-6.17284904531E+001
-6.17904061006E+001
-6.18367703850E+001
-6.18856096149E+001
-6.19647201141E+001
-6.19896832989E+001
-6.20266996346E+001
-6.20454026827E+001
-6.20630813316E+001
-6.21389227586E+001
-6.21651253885E+001
-6.22001839698E+001
-6.23031262348E+001
-6.23137900022E+001
-6.23370391579E+001
-6.23529678705E+001
-6.24216300817E+001
-6.24652698715E+001
-6.24439491710E+001
-6.24839224892E+001
-6.24796497888E+001
-6.25030457348E+001
-6.25523854378E+001
-6.25970547099E+001
-6.26326899907E+001
-6.27362911656E+001
-6.27801940379E+001
-6.28217573889E+001
-6.28758424594E+001
-6.29370748628E+001
-6.29745304318E+001
-6.30061545544E+001
-6.30349566272E+001
-6.30665960408E+001
-6.31099469458E+001
-6.31497898949E+001
-6.31830497570E+001
-6.32778313413E+001
-6.32848814961E+001
-6.33406313910E+001
-6.33894792791E+001
-6.33949967849E+001
-6.34591774134E+001
-6.34823096058E+001
-6.35997818976E+001
-6.36810171401E+001
-6.37165519836E+001
-6.37430554370E+001
-6.38480037003E+001
-6.39152678964E+001
-6.39201510019E+001
-6.39860706660E+001
-6.40203453356E+001
-6.40688116668E+001
-6.41030536505E+001
-6.42556841734E+001
-6.43686634403E+001
-6.43449864852E+001
-6.44176602667E+001
-6.45164345554E+001
-6.46356364437E+001
-6.46834788243E+001
-6.47328331652E+001
-6.47667562602E+001
-6.48062387214E+001
-6.49721765483E+001
-6.50626660078E+001
-6.50525646476E+001
-6.50522813346E+001
-6.50718749440E+001
-6.51101122729E+001
-6.51114711552E+001
-6.51149334736E+001
-6.51514669567E+001
-6.51957450155E+001
-6.52443800161E+001
-6.52555868553E+001
-6.52910137413E+001
-6.53649701166E+001
-6.54329136930E+001
-6.54042822015E+001
-6.54230330470E+001
-6.54532562939E+001
-6.54486342418E+001
-6.54667230755E+001
-6.54536111193E+001
-6.54682347861E+001
-6.54930366336E+001
-6.55515191923E+001
-6.55640647491E+001
-6.55570698162E+001
-6.56798347000E+001
-6.56993054229E+001
-6.56573712521E+001
-6.56208225409E+001
-6.56408024563E+001
-6.56251491201E+001
-6.56379855984E+001
-6.56580439062E+001
-6.56680746455E+001
-6.57057232315E+001
-6.56800788529E+001
-6.56866124736E+001
-6.57483683842E+001
-6.57827940456E+001
-6.58289524011E+001
-6.59022238413E+001
-6.58760921574E+001
-6.58285499965E+001
-6.57853380003E+001
-6.57955170098E+001
-6.57581304509E+001
-6.58505464479E+001
-6.58571547541E+001
-6.59019404382E+001
-6.59268956900E+001
-6.59732914702E+001
-6.59699212309E+001
-6.59487214012E+001
-6.59475332704E+001
-6.58293048843E+001
-6.58483889211E+001
-6.58765380184E+001
-6.59124881991E+001
-6.59571223498E+001
-6.59228997521E+001
-6.59474195604E+001
-6.59328042879E+001
-6.59463104812E+001
-6.60089909547E+001
-6.60837250069E+001
-6.60864350640E+001
-6.60707812010E+001
-6.60564865840E+001
-6.60556210472E+001
-6.60629599827E+001
-6.61295264131E+001
-6.61410063137E+001
-6.61448093936E+001
-6.61385128249E+001
-6.61127722405E+001
-6.61203435181E+001
-6.60851937615E+001
-6.60666855134E+001
-6.61203184027E+001
-6.61373005750E+001
-6.62143617606E+001
-6.62042907301E+001
-6.62327937843E+001
-6.63081081037E+001
-6.63759370106E+001
-6.63059579107E+001
-6.63215493516E+001
-6.63247171557E+001
-6.63261026181E+001
-6.62974312027E+001
-6.63330714044E+001
-6.63217422100E+001
-6.63408415247E+001
-6.63694338939E+001
-6.63630716398E+001
-6.63728533250E+001
-6.63583877925E+001
-6.63180605620E+001
-6.63536722462E+001
-6.63488012165E+001
-6.63905576320E+001
-6.63847168933E+001
-6.63746523326E+001
-6.63872574582E+001
-6.63699442056E+001
-6.64202866550E+001
-6.64572020632E+001
-6.64327004381E+001
-6.65115970613E+001
-6.65262193649E+001
-6.64537731659E+001
-6.64902783458E+001
-6.64861776947E+001
-6.64919924407E+001
-6.64642181050E+001
-6.64687242350E+001
-6.65175904790E+001
-6.65688434047E+001
-6.65253664200E+001
-6.64860454004E+001
-6.64485151110E+001
-6.64763965803E+001
-6.64056539796E+001
-6.64254832409E+001
-6.63716863927E+001
-6.63595215595E+001
-6.65074007739E+001
-6.64938914056E+001
-6.65291638237E+001
-6.64180799893E+001
-6.64438466770E+001
-6.64210945973E+001
-6.64407727288E+001
-6.63477848780E+001
-6.63332981739E+001
-6.63931103677E+001
-6.63465434329E+001
-6.64137928869E+001
-6.64215384850E+001
-6.64680793489E+001
-6.64685288832E+001
-6.63900248269E+001
-6.63828333690E+001
-6.63534973850E+001
-6.62583284026E+001
-6.62395377647E+001
-6.62272782159E+001
-6.62664993976E+001
-6.62588814956E+001
-6.62363977743E+001
-6.60937549188E+001
-6.60171212056E+001
-6.60516730078E+001
-6.60483876145E+001
-6.61220588644E+001
-6.61557230646E+001
-6.61890076470E+001
-6.62438493121E+001
-6.62489127661E+001
-6.62038974452E+001
-6.61868785057E+001
-6.62674822924E+001
-6.62704286745E+001
-6.62189813183E+001
-6.62025213141E+001
-6.62180608695E+001
-6.62451531376E+001
-6.62649037416E+001
-6.62974633439E+001
-6.62489797742E+001
-6.61922782196E+001
-6.62254386253E+001
-6.61756960093E+001
-6.61431176734E+001
-6.61478139212E+001
-6.60919257585E+001
-6.59709213639E+001
-6.59762114020E+001
-6.60105631429E+001
-6.60411097127E+001
-6.59908433875E+001
-6.59876658553E+001
-6.59665569562E+001
-6.59450674817E+001
-6.59078156538E+001
-6.58498979248E+001
-6.58980983413E+001
-6.58869486032E+001
-6.58609124390E+001
-6.58153302311E+001
-6.57828653595E+001
-6.57357675134E+001
-6.58857579505E+001
-6.59112391774E+001
-6.59381602733E+001
-6.60207335745E+001
-6.60469930340E+001
-6.59625540635E+001
-6.59878820933E+001
-6.59654046410E+001
-6.59496721294E+001
-6.58949301160E+001
-6.59103606332E+001
-6.60220716049E+001
-6.60014259974E+001
-6.59867654883E+001
-6.59202717403E+001
-6.58965763422E+001
-6.60490887045E+001
-6.60588812268E+001
-6.60461020951E+001
-6.60408401530E+001
-6.60273321135E+001
-6.59884529835E+001
-6.59656779604E+001
-6.58805454167E+001
-6.58737239133E+001
-6.59006647902E+001
-6.59106002865E+001
-6.58561659832E+001
-6.58550030819E+001
-6.57865407768E+001
-6.58322915279E+001
-6.58600090129E+001
-6.58752162442E+001
-6.58937884957E+001
-6.58572538329E+001
-6.58638217048E+001
-6.59233284922E+001
-6.59304627634E+001
-6.59074714825E+001
-6.58082392169E+001
-6.58689146457E+001
-6.58864912885E+001
-6.58143177269E+001
-6.57801850759E+001
-6.57866059161E+001
-6.58076886972E+001
-6.57727898603E+001
-6.57543629629E+001
-6.57594545855E+001
-6.57560800096E+001
-6.57579000930E+001
-6.57414836239E+001
-6.57135773491E+001
-6.56966550147E+001
-6.57542475250E+001
-6.57702070777E+001
-6.57602251391E+001
-6.57213479905E+001
-6.56887405541E+001
-6.56519052449E+001
-6.56407244589E+001
-6.57534226971E+001
-6.57969326189E+001
-6.58021915818E+001
-6.57668159218E+001
-6.58688405849E+001
-6.58894034939E+001
-6.58162562049E+001
-6.57941870921E+001
-6.58186141069E+001
-6.58106531000E+001
-6.58647827654E+001
-6.58524294680E+001
-6.58491213150E+001
-6.58125582506E+001
-6.58060962563E+001
-6.58265114185E+001
-6.59506504390E+001
-6.59843981946E+001
-6.59795536891E+001
-6.60291418814E+001
-6.61391677337E+001
-6.61663928029E+001
-6.61669265834E+001
-6.61656228838E+001
-6.60213476157E+001
-6.59899253313E+001
-6.59999316389E+001
-6.60216851536E+001
-6.59266163849E+001
-6.59314672577E+001
-6.58915550258E+001
-6.59440779771E+001
-6.60898703552E+001
-6.59942988047E+001
-6.59825475648E+001
-6.59079838316E+001
-6.59001699515E+001
-6.59007246875E+001
-6.57923676457E+001
-6.57674315135E+001
-6.57911622096E+001
-6.57881693935E+001
-6.58365100341E+001
-6.57807443226E+001
-6.57474418790E+001
-6.56847796561E+001
-6.57062970860E+001
-6.57507738005E+001
-6.57954843253E+001
-6.58274618953E+001
-6.57915782495E+001
-6.57821017179E+001
-6.57000312944E+001
-6.56405606571E+001
-6.56168581813E+001
-6.55732906383E+001
-6.55901139298E+001
-6.55890632233E+001
-6.56040135077E+001
-6.55282805991E+001
-6.55366754727E+001
-6.55367692943E+001
-6.55466679345E+001
-6.55760264392E+001
-6.55519831244E+001
-6.55574253473E+001
-6.55899142283E+001
-6.56312878143E+001
-6.56457874925E+001
-6.56130522243E+001
-6.55903702020E+001
-6.55852255344E+001
-6.55372009991E+001
-6.55263415386E+001
-6.55542859410E+001
-6.55475483203E+001
-6.55260313467E+001
-6.55348021287E+001
-6.55693790254E+001
-6.56543142471E+001
-6.57671042497E+001
-6.58308702420E+001
-6.58104090859E+001
-6.58093712881E+001
-6.58224402996E+001
-6.58344288196E+001
-6.58188923692E+001
-6.59353895752E+001
-6.59248213323E+001
-6.59353038742E+001
-6.58129104244E+001
-6.59144822503E+001
-6.59448170739E+001
-6.59063061210E+001
-6.59079095919E+001
-6.59574426780E+001
-6.59414251731E+001
-6.59401839705E+001
-6.59339063729E+001
-6.59885807675E+001
-6.59789214929E+001
-6.58827019769E+001
-6.58907405630E+001
-6.58847463486E+001
-6.59497019034E+001
-6.59329636717E+001
-6.57590488066E+001
-6.57173070711E+001
-6.57737195480E+001
-6.58036259777E+001
-6.58654373742E+001
-6.59033819706E+001
-6.59319043000E+001
-6.59674665742E+001
-6.60242850450E+001
-6.60367178494E+001
-6.60445434319E+001
-6.61021185547E+001
-6.60919369671E+001
-6.61043794266E+001
-6.60517167222E+001
-6.60065273997E+001
-6.60661090552E+001
-6.60359271152E+001
-6.60756340065E+001
-6.60632230743E+001
-6.60675634797E+001
-6.60701449094E+001
-6.60598207242E+001
-6.61002365702E+001
-6.60679333038E+001
-6.60289232013E+001
-6.60224662665E+001
-6.59999285029E+001
-6.59932049572E+001
-6.59503088116E+001
-6.59474468848E+001
-6.59322682315E+001
-6.59254489103E+001
-6.59120311848E+001
-6.59239462606E+001
-6.59338621900E+001
-6.60153057772E+001
-6.60517072550E+001
-6.60026212527E+001
-6.60425469581E+001
-6.60799011425E+001
-6.61183113270E+001
-6.61295625588E+001
-6.61221947303E+001
-6.61149074278E+001
-6.61073506059E+001
-6.61140182986E+001
-6.60841272222E+001
-6.60811478050E+001
-6.59246670298E+001
-6.58939766808E+001
-6.58218825984E+001
-6.58318467565E+001
-6.59061230972E+001
-6.58764706651E+001
-6.58041983643E+001
-6.57784562930E+001
-6.57206236548E+001
-6.57509185001E+001
-6.57096949965E+001
-6.57088171632E+001
-6.56696717583E+001
-6.58072122383E+001
-6.58717403200E+001
-6.57824620364E+001
-6.56788095575E+001
-6.56822303951E+001
-6.56845224731E+001
-6.56943358924E+001
-6.56750777749E+001
-6.57288880931E+001
-6.57129993303E+001
-6.57106971261E+001
-6.57415744101E+001
-6.57698501451E+001
-6.58159481215E+001
-6.57584180547E+001
-6.55900491024E+001
-6.56395116741E+001
-6.56380016447E+001
-6.56405347811E+001
-6.56101740236E+001
-6.55839775872E+001
-6.55651218508E+001
-6.55613455139E+001
-6.55513873095E+001
-6.55277900325E+001
-6.54809964795E+001
-6.54566411760E+001
-6.54943185125E+001
-6.55110318583E+001
-6.55241447569E+001
-6.54916814666E+001
-6.54600257502E+001
-6.55244965665E+001
-6.55864297391E+001
-6.56192699003E+001
-6.56496547913E+001
-6.56646559413E+001
-6.56730077687E+001
-6.57015982160E+001
-6.57776754458E+001
-6.58249320381E+001
-6.58183460582E+001
-6.58640958314E+001
-6.58869191028E+001
-6.59190419089E+001
-6.59002170109E+001
-6.58773374891E+001
-6.59039115401E+001
-6.58602545182E+001
-6.58663615392E+001
-6.58745552576E+001
-6.58979683068E+001
-6.59698587719E+001
-6.60789118259E+001
-6.60831215488E+001
-6.60765213521E+001
-6.61078972408E+001
-6.61588807502E+001
-6.62125786218E+001
-6.62095158585E+001
-6.61934534778E+001
-6.61718451833E+001
-6.61192858131E+001
-6.60392228171E+001
-6.59909222472E+001
-6.60061995342E+001
-6.60142163015E+001
-6.60405568247E+001
-6.60235511685E+001
-6.60265862482E+001
-6.59480263246E+001
-6.60026819670E+001
-6.59913414257E+001
-6.59932691240E+001
-6.58786388754E+001
-6.58340360842E+001
-6.57990524650E+001
-6.58061337110E+001
-6.57914508346E+001
-6.58021479740E+001
-6.57929237192E+001
-6.58642929181E+001
-6.57907408485E+001
-6.57699570889E+001
-6.57380141658E+001
-6.57844339130E+001
-6.57707890860E+001
-6.57867695312E+001
-6.58208326160E+001
-6.58150641898E+001
-6.58205826601E+001
-6.58184381483E+001
-6.58085107603E+001
-6.57931670556E+001
-6.57395568643E+001
-6.57112694762E+001
-6.57355235939E+001
-6.57070666674E+001
-6.56921098231E+001
-6.56676782677E+001
-6.56730007584E+001
-6.56564507240E+001
-6.57108532274E+001
-6.57346951575E+001
-6.57641995133E+001
-6.56933248360E+001
-6.57149370202E+001
-6.57104910672E+001
-6.57715253655E+001
-6.57460664300E+001
-6.56903732305E+001
-6.56868214961E+001
-6.56397472262E+001
-6.56138413215E+001
-6.56306735617E+001
-6.56289441572E+001
-6.56384885982E+001
-6.56270279488E+001
-6.55932045697E+001
-6.56155443140E+001
-6.56217847139E+001
-6.56031166894E+001
-6.55679570629E+001
-6.55613259165E+001
-6.55368847060E+001
-6.54670435337E+001
-6.53973068962E+001
-6.53831975113E+001
-6.53665811666E+001
-6.53078068159E+001
-6.52754428111E+001
-6.52602587600E+001
-6.52607122556E+001
-6.52537210709E+001
-6.51471775639E+001
-6.50746677302E+001
-6.51344878895E+001
-6.51745620440E+001
-6.51337182082E+001
-6.51551911173E+001
-6.51479130087E+001
-6.51062043601E+001
-6.50013100511E+001
-6.49807902196E+001
-6.49874335349E+001
-6.50356052690E+001
-6.50677465008E+001
-6.50130305481E+001
-6.50115131668E+001
-6.49742320684E+001
-6.49122157605E+001
-6.47297981771E+001
-6.46621371223E+001
-6.46497446118E+001
-6.46372868746E+001
-6.45966550126E+001
-6.46058347415E+001
-6.45867291256E+001
-6.45790626551E+001
-6.45451710501E+001
-6.45127208705E+001
-6.44864992263E+001
-6.44919171698E+001
-6.44464084679E+001
-6.43958093680E+001
-6.44017937416E+001
-6.43759062397E+001
-6.43672992844E+001
-6.43838953555E+001
-6.43634335040E+001
-6.43694826466E+001
-6.43147521465E+001
-6.42862768730E+001
-6.42938894884E+001
-6.42392101689E+001
-6.43559007828E+001
-6.43626937663E+001
-6.43712665965E+001
-6.43576075238E+001
-6.43251372290E+001
-6.43079106814E+001
-6.42534225470E+001
-6.42256967601E+001
-6.41480830732E+001
-6.41533971193E+001
-6.41125421604E+001
-6.40559032732E+001
-6.40368653444E+001
-6.40074581745E+001
-6.40071792223E+001
-6.38665914030E+001
-6.37973114792E+001
-6.37848296204E+001
-6.37234054059E+001
-6.36843658431E+001
-6.36334546564E+001
-6.36505089319E+001
-6.36684570492E+001
-6.36522604245E+001
-6.36808244539E+001
-6.37086903246E+001
-6.36979186830E+001
-6.36571208414E+001
-6.35803178231E+001
-6.34696821949E+001
-6.34549980194E+001
-6.34498813574E+001
-6.34609476276E+001
-6.33883611218E+001
-6.32831197666E+001
-6.32641920136E+001
-6.32991030366E+001
-6.33139457000E+001
-6.32797771384E+001
-6.32397009345E+001
-6.32285866772E+001
-6.32827813698E+001
-6.32336329727E+001
-6.31669671857E+001
-6.31775154608E+001
-6.31944853754E+001
-6.32012220125E+001
-6.31601037639E+001
-6.31685206650E+001
-6.31822714839E+001
-6.31794771563E+001
-6.31747884243E+001
-6.31613623982E+001
-6.31813661033E+001
-6.31836853699E+001
-6.32119264135E+001
-6.32092417260E+001
-6.31578366878E+001
-6.31488889050E+001
-6.31451757275E+001
-6.31421032672E+001
-6.31133146077E+001
-6.31590040610E+001
-6.31171701942E+001
-6.30920803602E+001
-6.30953424376E+001
-6.30837823424E+001
-6.31017823538E+001
-6.30990151723E+001
-6.31422023918E+001
-6.31550086137E+001
-6.31488332519E+001
-6.30934026403E+001
-6.30720357501E+001
-6.30536966300E+001
-6.30397511215E+001
-6.30230222059E+001
-6.30527028866E+001
-6.29780497435E+001
-6.29419439706E+001
-6.28936102101E+001
-6.28846794849E+001
-6.28885587285E+001
-6.28538353388E+001
-6.28101652281E+001
-6.27856055011E+001
-6.27922318867E+001
-6.27971105425E+001
-6.28036769268E+001
-6.27984792049E+001
-6.28631188172E+001
-6.28735140760E+001
-6.29429952403E+001
-6.29509674617E+001
-6.29734730888E+001
-6.29815989332E+001
-6.29762283992E+001
-6.29489445584E+001
-6.29821759364E+001
-6.30023567756E+001
-6.30381877065E+001
-6.30179127227E+001
-6.30139264165E+001
-6.29991977526E+001
-6.29683059101E+001
-6.29600927416E+001
-6.29399903068E+001
-6.29515926440E+001
-6.29455357241E+001
-6.29614418656E+001
-6.30078810413E+001
-6.30238715079E+001
-6.30376443031E+001
-6.30322527035E+001
-6.30925351365E+001
-6.31094614692E+001
-6.31029744947E+001
-6.31215698218E+001
-6.31662169268E+001
-6.31819762626E+001
-6.31701378062E+001
-6.31309889584E+001
-6.31107955772E+001
-6.31093758992E+001
-6.31136166576E+001
-6.30848174033E+001
-6.30747578496E+001
-6.31059252952E+001
-6.31266297480E+001
-6.31142431386E+001
-6.31257198044E+001
-6.31350400123E+001
-6.32051391415E+001
-6.33365733281E+001
-6.33515940716E+001
-6.33378628487E+001
-6.33190657276E+001
-6.33425594984E+001
-6.33050805343E+001
-6.33224838729E+001
-6.33183993706E+001
-6.33344867172E+001
-6.33759875062E+001
-6.33613127328E+001
-6.33803784529E+001
-6.33669727407E+001
-6.33494847991E+001
-6.33467092140E+001
-6.33681453135E+001
-6.33756762030E+001
-6.34101516526E+001
-6.33156203057E+001
-6.33314491465E+001
-6.33254856065E+001
-6.33337000238E+001
-6.33637674752E+001
-6.33523238732E+001
-6.34098027823E+001
-6.33795570469E+001
-6.33720903847E+001
-6.33083632344E+001
-6.33264059190E+001
-6.33253117138E+001
-6.33172544771E+001
-6.33303625021E+001
-6.33219864891E+001
-6.33706161705E+001
-6.34050845513E+001
-6.34244742001E+001
-6.34686514253E+001
-6.35272797086E+001
-6.35709329951E+001
-6.35556719792E+001
-6.35208584291E+001
-6.34817791614E+001
-6.35108799549E+001
-6.34298741639E+001
-6.34705401344E+001
-6.34855957231E+001
-6.35020505020E+001
-6.35048780518E+001
-6.35228986480E+001
-6.35324722977E+001
-6.35018545211E+001
-6.35061416716E+001
-6.35703830027E+001
-6.35923174413E+001
-6.35888173249E+001
-6.35745746695E+001
-6.35764532718E+001
-6.35780897753E+001
-6.36048832908E+001
-6.35740365605E+001
-6.35770064684E+001
-6.36123479376E+001
-6.35852708616E+001
-6.35677396806E+001
-6.35647472695E+001
-6.35661629769E+001
-6.35370139150E+001
-6.35308531327E+001
-6.35186313166E+001
-6.35791890640E+001
-6.35605559053E+001
-6.34975117241E+001
-6.34839848511E+001
-6.34560467738E+001
-6.35156569101E+001
-6.34760186878E+001
-6.34712033596E+001
-6.35144171556E+001
-6.35446194296E+001
-6.35269544974E+001
-6.34780561898E+001
-6.34705147946E+001
-6.34462208977E+001
-6.34518505031E+001
-6.34634307196E+001
-6.34683977613E+001
-6.34397874810E+001
-6.33922677701E+001
-6.33911613172E+001
-6.34077206807E+001
-6.34274457640E+001
-6.34372728000E+001
-6.34278289513E+001
-6.34225534298E+001
-6.33968690048E+001
-6.33543996436E+001
-6.33415850041E+001
-6.33166904701E+001
-6.33772102123E+001
-6.33831369380E+001
-6.33400889686E+001
-6.33201697542E+001
-6.32985674509E+001
-6.32916058285E+001
-6.32825104179E+001
-6.33031303753E+001
-6.32925808987E+001
-6.33412734965E+001
-6.32984933170E+001
-6.32606295080E+001
-6.31860507685E+001
-6.32008894358E+001
-6.31873597552E+001
-6.31756355258E+001
-6.31889881662E+001
-6.31976256172E+001
-6.31855893221E+001
-6.31560322134E+001
-6.31021305557E+001
-6.30657626269E+001
-6.30777213278E+001
-6.31461863137E+001
-6.31487590809E+001
-6.31643426957E+001
-6.32074084713E+001
-6.32483243086E+001
-6.32342493846E+001
-6.32247479375E+001
-6.32123668996E+001
-6.32016636279E+001
-6.31496052471E+001
-6.31053308516E+001
-6.30695452061E+001
-6.30153454118E+001
-6.30814469497E+001
-6.30958941257E+001
-6.30478245307E+001
-6.30337065163E+001
-6.30970753652E+001
-6.30946372717E+001
-6.31174592459E+001
-6.31388537130E+001
-6.31220658886E+001
-6.32141804929E+001
-6.32590737506E+001
-6.32811275739E+001
-6.32712270202E+001
-6.33061577201E+001
-6.33169526267E+001
-6.33183863504E+001
-6.32860329760E+001
-6.32356311257E+001
-6.32764333530E+001
-6.32905242871E+001
-6.33475287365E+001
-6.33252721501E+001
-6.33355503296E+001
-6.33562343360E+001
-6.33768002023E+001
-6.33639373081E+001
-6.33378809615E+001
-6.33469741865E+001
-6.33853101742E+001
-6.34606101824E+001
-6.35385428373E+001
-6.36076728099E+001
-6.36258980940E+001
-6.36398390681E+001
-6.36965633906E+001
-6.36854913420E+001
-6.36582169217E+001
-6.36851151933E+001
-6.37440297463E+001
-6.37374691450E+001
-6.37274127175E+001
-6.36863015746E+001
-6.37537574546E+001
-6.37283466519E+001
-6.37825306229E+001
-6.37778534557E+001
-6.38089513045E+001
-6.38477021800E+001
-6.38655834305E+001
-6.38574538552E+001
-6.38687749748E+001
-6.39363869566E+001
-6.39236041646E+001
-6.40131159821E+001
-6.40817197773E+001
-6.40489167927E+001
-6.41193230286E+001
-6.41969220261E+001
-6.42384468976E+001
-6.41780337864E+001
-6.41920230493E+001
-6.41866917668E+001
-6.41735051466E+001
-6.41458892018E+001
-6.41515365631E+001
-6.41760892727E+001
-6.41893101346E+001
-6.42339572991E+001
-6.42438323695E+001
-6.42196965709E+001
-6.42481634554E+001
-6.42384315951E+001
-6.42272975503E+001
-6.42324795819E+001
-6.42653413226E+001
-6.42939820952E+001
-6.42664157149E+001
-6.43036490864E+001
-6.43176682328E+001
-6.43563893266E+001
-6.43588547161E+001
-6.43506104195E+001
-6.43411034810E+001
-6.43722391668E+001
-6.43857708140E+001
-6.43750819939E+001
-6.43191084227E+001
-6.43430091983E+001
-6.44400366421E+001
-6.44852363487E+001
-6.45028294406E+001
-6.44645493286E+001
-6.44963526135E+001
-6.45108293121E+001
-6.45116938874E+001
-6.45044293114E+001
-6.45283299898E+001
-6.45579181821E+001
-6.45828047834E+001
-6.46241966197E+001
-6.46108552043E+001
-6.45798208892E+001
-6.45808152653E+001
-6.45965279582E+001
-6.45705599365E+001
-6.45856955776E+001
-6.45929882744E+001
-6.46050018309E+001
-6.45710945244E+001
-6.45683787712E+001
-6.45876517487E+001
-6.45896479086E+001
-6.46395814522E+001
-6.46548229884E+001
-6.47024509645E+001
-6.46580282044E+001
-6.46643902202E+001
-6.46744649051E+001
-6.47053394025E+001
-6.47236782695E+001
-6.47647549407E+001
-6.48622393466E+001
-6.48555116614E+001
-6.48997654535E+001
-6.48710052452E+001
-6.48778376609E+001
-6.48919368492E+001
-6.49183645461E+001
-6.48965015048E+001
-6.49301346801E+001
-6.49410193515E+001
-6.49385373886E+001
-6.49674446362E+001
-6.49357380383E+001
-6.49055883824E+001
-6.50070890964E+001
-6.50335888858E+001
-6.50375645015E+001
-6.50085972925E+001
-6.50599250309E+001
-6.51014264048E+001
-6.51081754371E+001
-6.51504323600E+001
-6.51802193194E+001
-6.51948164491E+001
-6.51908463243E+001
-6.52908119729E+001
-6.52633430073E+001
-6.52874649621E+001
-6.53117494126E+001
-6.53401383038E+001
-6.52844638213E+001
-6.53098457934E+001
-6.53397592666E+001
-6.53555062694E+001
-6.53261200346E+001
-6.53293019557E+001
-6.53236075918E+001
-6.53337137134E+001
-6.53434282501E+001
-6.52788508157E+001
-6.52507566148E+001
-6.52246950299E+001
-6.52989862332E+001
-6.53139539100E+001
-6.53363470181E+001
-6.53756548535E+001
-6.54154827948E+001
-6.53741576907E+001
-6.53051166834E+001
-6.52829596499E+001
-6.52399316526E+001
-6.52818793958E+001
-6.52661676447E+001
-6.53580830761E+001
-6.53817008938E+001
-6.54111362045E+001
-6.53961597738E+001
-6.54171925686E+001
-6.53943692424E+001
-6.53752914848E+001
-6.53637571558E+001
-6.53295314648E+001
-6.53019811292E+001
-6.53251809185E+001
-6.52955978960E+001
-6.53007126456E+001
-6.54240925080E+001
-6.53958259946E+001
-6.53489004149E+001
-6.53827542130E+001
-6.54377320536E+001
-6.54513739528E+001
-6.54562120397E+001
-6.55079021507E+001
-6.54693730879E+001
-6.55465591805E+001
-6.56148512690E+001
-6.55931630399E+001
-6.56004325793E+001
-6.56009656190E+001
-6.55862685755E+001
-6.55241128530E+001
-6.55038708981E+001
-6.54746991065E+001
-6.53373254423E+001
-6.53929398378E+001
-6.53057878960E+001
-6.52278440905E+001
-6.51998657117E+001
-6.52679961696E+001
-6.52736905394E+001
-6.52398249312E+001
-6.52522329469E+001
-6.52987759789E+001
-6.53283204172E+001
-6.53642544450E+001
-6.53744213981E+001
-6.53553658626E+001
-6.53559887284E+001
-6.53528431804E+001
-6.53228152729E+001
-6.52892241761E+001
-6.52966126944E+001
-6.53286825450E+001
-6.53344557155E+001
-6.53217067326E+001
-6.53608937493E+001
-6.53645147629E+001
-6.53143890816E+001
-6.52907347017E+001
-6.53362570706E+001
-6.53664867512E+001
-6.53888641869E+001
-6.53642410620E+001
-6.53082903938E+001
-6.52963002399E+001
-6.52912921237E+001
-6.52857658034E+001
-6.52189820420E+001
-6.52318314512E+001
-6.52187648265E+001
-6.52189871132E+001
-6.52199324489E+001
-6.52543669825E+001
-6.52914129250E+001
-6.52919011104E+001
-6.53140939497E+001
-6.53145790779E+001
-6.52943087341E+001
-6.52831314596E+001
-6.53446555082E+001
-6.53357493534E+001
-6.52860566406E+001
-6.53244340962E+001
-6.53316163282E+001
-6.53139720298E+001
-6.52927710223E+001
-6.53243311538E+001
-6.53948584157E+001
-6.53858793392E+001
-6.54451364696E+001
-6.54484968092E+001
-6.54306953043E+001
-6.54783446657E+001
-6.54577394948E+001
-6.54487753148E+001
-6.55084895486E+001
-6.55717798561E+001
-6.55598461595E+001
-6.55919646852E+001
-6.55951092627E+001
-6.55801866390E+001
-6.56057908579E+001
-6.55677039508E+001
-6.56138407599E+001
-6.56227724308E+001
-6.56930143078E+001
-6.56978458868E+001
-6.57441719828E+001
-6.58540324692E+001
-6.58830776197E+001
-6.58876563798E+001
-6.58975745997E+001
-6.59961032973E+001
-6.60354138452E+001
-6.59951205474E+001
-6.60155620279E+001
-6.60203193353E+001
-6.59654835060E+001
-6.59785239904E+001
-6.59142553358E+001
-6.59421319875E+001
-6.58885323643E+001
-6.59240872481E+001
-6.59561377369E+001
-6.60861388902E+001
-6.60462982995E+001
-6.60720615447E+001
-6.60879302797E+001
-6.61179973905E+001
-6.61040832726E+001
-6.61217949447E+001
-6.60777039871E+001
-6.60738229207E+001
-6.61545530911E+001
-6.61618144285E+001
-6.61601970533E+001
-6.61814855876E+001
-6.61732725819E+001
-6.62084002345E+001
-6.62001483434E+001
-6.62266462344E+001
-6.62526708472E+001
-6.62159442149E+001
-6.62344935063E+001
-6.62448992707E+001
-6.62078268365E+001
-6.61881288199E+001
-6.61617992837E+001
-6.62344361724E+001
-6.62500653094E+001
-6.62930785617E+001
-6.62929180398E+001
-6.63152123254E+001
-6.62575371828E+001
-6.62171743306E+001
-6.62390915257E+001
-6.63276372941E+001
-6.63466472367E+001
-6.63138576756E+001
-6.63271769740E+001
-6.62647318967E+001
-6.62431866257E+001
-6.62622429230E+001
-6.62584983851E+001
-6.62335105458E+001
-6.62897326161E+001
-6.62179886458E+001
-6.62286434574E+001
-6.62450378306E+001
-6.62084603982E+001
-6.61479771893E+001
-6.61466427597E+001
-6.61364567597E+001
-6.60860810479E+001
-6.61214771092E+001
-6.60319714085E+001
-6.59262773787E+001
-6.59243190902E+001
-6.59632297945E+001
-6.59662620487E+001
-6.59289887096E+001
-6.59049825599E+001
-6.59117286710E+001
-6.58356536173E+001
-6.58599263383E+001
-6.58172224001E+001
-6.58105086401E+001
-6.58620812148E+001
-6.58695990342E+001
-6.58697545222E+001
-6.58769008781E+001
-6.59847462673E+001
-6.60065822689E+001
-6.60209631262E+001
-6.59844922366E+001
-6.59034197605E+001
-6.59315570454E+001
-6.58870034697E+001
-6.58341748548E+001
-6.58313870413E+001
-6.58279302268E+001
-6.58610944006E+001
-6.58691936935E+001
-6.58605171929E+001
-6.58338725703E+001
-6.57805451692E+001
-6.57694077604E+001
-6.57334817389E+001
-6.57550604676E+001
-6.57705510185E+001
-6.57125417149E+001
-6.56763515254E+001
-6.56460128252E+001
-6.56627185386E+001
-6.56600552094E+001
-6.56806052177E+001
-6.56727559536E+001
-6.56954422055E+001
-6.56903925538E+001
-6.56724130133E+001
-6.56640288092E+001
-6.56322067536E+001
-6.56076436985E+001
-6.55548359129E+001
-6.54784972521E+001
-6.54722021716E+001
-6.54347294400E+001
-6.53950870133E+001
-6.54051492683E+001
-6.53679608651E+001
-6.53674743579E+001
-6.54129504013E+001
-6.54087656130E+001
-6.53451915033E+001
-6.53770326356E+001
-6.53690148692E+001
-6.53700195480E+001
-6.52966351375E+001
-6.53017282847E+001
-6.53327847154E+001
-6.52592984287E+001
-6.52584991881E+001
-6.52527733760E+001
-6.52210508831E+001
-6.52265055390E+001
-6.52416622686E+001
-6.51851124653E+001
-6.51370781207E+001
-6.51255882763E+001
-6.50539317782E+001
-6.50214804424E+001
-6.49474269827E+001
-6.49341948894E+001
-6.49354845302E+001
-6.49162553562E+001
-6.48961269677E+001
-6.48163157268E+001
-6.47605513304E+001
-6.47322601898E+001
-6.46122811952E+001
-6.45965695274E+001
-6.45923108034E+001
-6.46069956983E+001
-6.45283770693E+001
-6.45076177669E+001
-6.44545383395E+001
-6.44434172018E+001
-6.44591696411E+001
-6.44859702888E+001
-6.44266936490E+001
-6.44366711937E+001
-6.43688846282E+001
-6.43498183290E+001
-6.42774203110E+001
-6.42481940880E+001
-6.40665145544E+001
-6.40092468772E+001
-6.40097478547E+001
-6.39560883217E+001
-6.39589563875E+001
-6.40096776601E+001
-6.39913714261E+001
-6.40260759356E+001
-6.40412814795E+001
-6.39433567720E+001
-6.39109100202E+001
-6.39412452264E+001
-6.39266967353E+001
-6.39061710469E+001
-6.38578868095E+001
-6.38611975362E+001
-6.38029573065E+001
-6.37987717840E+001
-6.37455285597E+001
-6.36987217701E+001
-6.36643850033E+001
-6.36628753447E+001
-6.35825054387E+001
-6.35666782814E+001
-6.35063352260E+001
-6.34903442911E+001
-6.34296743229E+001
-6.33857080757E+001
-6.33617517154E+001
-6.32963289718E+001
-6.33354497606E+001
-6.33266103326E+001
-6.32756950957E+001
-6.32113603753E+001
-6.32218583100E+001
-6.31781795096E+001
-6.32282278607E+001
-6.32522418516E+001
-6.32798033177E+001
-6.32605136927E+001
-6.32371039445E+001
-6.31820848521E+001
-6.31767506970E+001
-6.31839505710E+001
-6.31331695836E+001
-6.31252358836E+001
-6.31255535767E+001
-6.31385328282E+001
-6.31467936197E+001
-6.31494971691E+001
-6.30847174539E+001
-6.31605122646E+001
-6.31947250258E+001
-6.32073463837E+001
-6.31935137573E+001
-6.31888724930E+001
-6.32745522519E+001
-6.32761383912E+001
-6.32945902153E+001
-6.32783139638E+001
-6.32404974988E+001
-6.32232515552E+001
-6.32118450909E+001
-6.31884269122E+001
-6.32463900570E+001
-6.31830551103E+001
-6.31675026638E+001
-6.30521518169E+001
-6.30148315963E+001
-6.29734466761E+001
-6.30246332173E+001
-6.30184243251E+001
-6.29896237870E+001
-6.30301655593E+001
-6.30608763942E+001
-6.30726672688E+001
-6.30810158877E+001
-6.30632537678E+001
-6.30416740147E+001
-6.29852657964E+001
-6.29815672193E+001
-6.30027194472E+001
-6.29994351737E+001
-6.29833420706E+001
-6.29644064193E+001
-6.29630039466E+001
-6.29574208222E+001
-6.29450188723E+001
-6.29203777017E+001
-6.29202956220E+001
-6.29395238516E+001
-6.29562738020E+001
-6.29726293062E+001
-6.29175046281E+001
-6.29122716558E+001
-6.28592544346E+001
-6.28408382374E+001
-6.28459749296E+001
-6.28797082667E+001
-6.30033571767E+001
-6.30013387074E+001
-6.29817602800E+001
-6.29684293333E+001
-6.29605820844E+001
-6.29794979850E+001
-6.29693165871E+001
-6.29202642992E+001
-6.28983711082E+001
-6.28789828979E+001
-6.28690811352E+001
-6.28295527663E+001
-6.28420646535E+001
-6.28120593367E+001
-6.28259236926E+001
-6.27651383908E+001
-6.27185540095E+001
-6.27380673229E+001
-6.27431404047E+001
-6.27439542477E+001
-6.26997456985E+001
-6.27127621396E+001
-6.26821470004E+001
-6.26507580211E+001
-6.26673114876E+001
-6.26997769130E+001
-6.27256726791E+001
-6.27836628895E+001
-6.27728604721E+001
-6.27575480398E+001
-6.27965578581E+001
-6.27665182103E+001
-6.27909474422E+001
-6.28073770351E+001
-6.28260563306E+001
-6.27910747182E+001
-6.27482913045E+001
-6.27081140833E+001
-6.26881802376E+001
-6.26857659948E+001
-6.27256830248E+001
-6.27435158342E+001
-6.27950549760E+001
-6.28197030538E+001
-6.28200523229E+001
-6.28383911062E+001
-6.28275752315E+001
-6.28043549102E+001
-6.28459268206E+001
-6.28493073676E+001
-6.28650349196E+001
-6.28484513322E+001
-6.28769019442E+001
-6.28665029557E+001
-6.28669766844E+001
-6.28952674106E+001
-6.28316094889E+001
-6.27961651754E+001
-6.28295329688E+001
-6.27863684229E+001
-6.27558648949E+001
-6.27652111282E+001
-6.27583471557E+001
-6.27294089091E+001
-6.27513684118E+001
-6.27579280808E+001
-6.27861824715E+001
-6.27708172290E+001
-6.28415445337E+001
-6.28365258187E+001
-6.28379592144E+001
-6.28072033636E+001
-6.27898131186E+001
-6.27922903691E+001
-6.27882324670E+001
-6.27927218386E+001
-6.28059369781E+001
-6.28410363907E+001
-6.28659015891E+001
-6.28747723903E+001
-6.28684691975E+001
-6.28926112059E+001
-6.28568757894E+001
-6.28336227660E+001
-6.28193668990E+001
-6.27987753097E+001
-6.27543476273E+001
-6.28136965017E+001
-6.27842876372E+001
-6.27590967312E+001
-6.26739628398E+001
-6.26468516415E+001
-6.26434590450E+001
-6.26355393495E+001
-6.27130719375E+001
-6.26725947226E+001
-6.26880503042E+001
-6.27056340733E+001
-6.26923812981E+001
-6.26660565473E+001
-6.26215121392E+001
-6.26603342651E+001
-6.26761882457E+001
-6.26210795692E+001
-6.26293135690E+001
-6.25956586494E+001
-6.25351656373E+001
-6.25249190944E+001
-6.24549912616E+001
-6.24333101127E+001
-6.24202743759E+001
-6.24470098196E+001
-6.25582158049E+001
-6.25467179822E+001
-6.25596446192E+001
-6.25351584831E+001
-6.24675551536E+001
-6.24825319613E+001
-6.24531955033E+001
-6.24254064527E+001
-6.24786928243E+001
-6.24776360933E+001
-6.24545784460E+001
-6.25600670700E+001
-6.25623528487E+001
-6.25232348173E+001
-6.24968501249E+001
-6.25073045567E+001
-6.24809731528E+001
-6.24825974131E+001
-6.25035430965E+001
-6.25068283591E+001
-6.24986213361E+001
-6.24596579800E+001
-6.24311759758E+001
-6.24391659545E+001
-6.24211585372E+001
-6.23853696697E+001
-6.23907953490E+001
-6.23695229755E+001
-6.24198421206E+001
-6.23811268730E+001
-6.23710321994E+001
-6.23264962497E+001
-6.23139933643E+001
-6.23483720921E+001
-6.23503263750E+001
-6.23452606831E+001
-6.23375809625E+001
-6.23492446517E+001
-6.23225731369E+001
-6.22103713244E+001
-6.22054946442E+001
-6.22238591440E+001
-6.22033953187E+001
-6.22346547919E+001
-6.21928913556E+001
-6.22248332637E+001
-6.23024774550E+001
-6.22912696149E+001
-6.22940088456E+001
-6.23063841285E+001
-6.22862942354E+001
-6.23035762505E+001
-6.23230692511E+001
-6.23168262514E+001
-6.23135041616E+001
-6.23148065759E+001
-6.23157183182E+001
-6.23035024830E+001
-6.22774691493E+001
-6.22758659046E+001
-6.22592219554E+001
-6.22863755781E+001
-6.22604564588E+001
-6.22591480118E+001
-6.22167929797E+001
-6.21835811865E+001
-6.21055520769E+001
-6.21119366273E+001
-6.20864658085E+001
-6.20573230424E+001
-6.20765613912E+001
-6.20679694908E+001
-6.20508904853E+001
-6.20340529590E+001
-6.20475951315E+001
-6.20497966836E+001
-6.21096679917E+001
-6.20984367670E+001
-6.20596073490E+001
-6.20014987415E+001
-6.19768796519E+001
-6.19275285129E+001
-6.18723808529E+001
-6.18361457523E+001
-6.17958516301E+001
-6.18112441943E+001
-6.18154089765E+001
-6.17768017258E+001
-6.17647000118E+001
-6.17853790327E+001
-6.18060375782E+001
-6.17956788824E+001
-6.18304309622E+001
-6.18137752498E+001
-6.17889770983E+001
-6.17923235816E+001
-6.17540968881E+001
-6.17563713069E+001
-6.17606508036E+001
-6.17213503276E+001
-6.17033598839E+001
-6.17152952359E+001
-6.17140196019E+001
-6.17410079726E+001
-6.17333088952E+001
-6.17475341690E+001
-6.17343527822E+001
-6.16618075939E+001
-6.16193722816E+001
-6.16398643843E+001
-6.16561055830E+001
-6.16669305319E+001
-6.16377381349E+001
-6.16460369602E+001
-6.16104039155E+001
-6.16562747352E+001
-6.16193093857E+001
-6.16001826865E+001
-6.16093343602E+001
-6.16144975798E+001
-6.16005620453E+001
-6.15840357364E+001
-6.15551856223E+001
-6.15610046561E+001
-6.15990290800E+001
-6.16192454974E+001
-6.15610886052E+001
-6.15305107482E+001
-6.15107506904E+001
-6.15251391520E+001
-6.15567264878E+001
-6.15937948268E+001
-6.15648668438E+001
-6.14653704553E+001
-6.14735374283E+001
-6.14785858808E+001
-6.14883567589E+001
-6.14961384583E+001
-6.15012759406E+001
-6.14869630002E+001
-6.14490051727E+001
-6.14494927676E+001
-6.14265628661E+001
-6.13978265919E+001
-6.14022256594E+001
-6.14293739078E+001
-6.14143185154E+001
-6.13792632283E+001
-6.13826373028E+001
-6.13814856209E+001
-6.13350443428E+001
-6.12294201999E+001
-6.12239572819E+001
-6.12262418175E+001
-6.11952212418E+001
-6.11827474147E+001
-6.11939389167E+001
-6.11900390989E+001
-6.12050259943E+001
-6.11577617762E+001
-6.11509230359E+001
-6.11152483041E+001
-6.10102761224E+001
-6.09751546191E+001
-6.09856092063E+001
-6.10041379218E+001
-6.09620884300E+001
-6.09535094397E+001
-6.09189967724E+001
-6.08967809135E+001
-6.09020166264E+001
-6.08986937010E+001
-6.08862874881E+001
-6.09134082878E+001
-6.09009737069E+001
-6.09730327930E+001
-6.09864734352E+001
-6.09706351074E+001
-6.09665837448E+001
-6.09100798172E+001
-6.09356840783E+001
-6.09210483861E+001
-6.09505958817E+001
-6.09564877737E+001
-6.09126195779E+001
-6.09520123486E+001
-6.09092010112E+001
-6.09287451454E+001
-6.09196999454E+001
-6.09156748371E+001
-6.09216181220E+001
-6.09050935592E+001
-6.09005785950E+001
-6.09265201273E+001
-6.09288147646E+001
-6.09194385781E+001
-6.08927489203E+001
-6.08041211531E+001
-6.08343111408E+001
-6.08333673209E+001
-6.08297419687E+001
-6.08611265788E+001
-6.08203192562E+001
-6.08246503733E+001
-6.08339223568E+001
-6.08182715773E+001
-6.08255073872E+001
-6.08120168810E+001
-6.08125267847E+001
-6.08215409288E+001
-6.08141773715E+001
-6.07855786116E+001
-6.07756630672E+001
-6.08180123385E+001
-6.07919075933E+001
-6.08210461713E+001
-6.08709596804E+001
-6.08819010451E+001
-6.08718183610E+001
-6.08979311323E+001
-6.08555385081E+001
-6.08116641036E+001
-6.07414964108E+001
-6.07467986234E+001
-6.07723271941E+001
-6.07579548296E+001
-6.07691383828E+001
-6.07182025080E+001
-6.07295357484E+001
-6.07157268683E+001
-6.07000082398E+001
-6.07015797638E+001
-6.07085511207E+001
-6.07477271975E+001
-6.07541982103E+001
-6.07411569465E+001
-6.07394484201E+001
-6.07205560346E+001
-6.07085715375E+001
-6.07288605638E+001
-6.06884466217E+001
-6.06307807514E+001
-6.06119281366E+001
-6.05855070166E+001
-6.05713736654E+001
-6.06069046412E+001
-6.06517999488E+001
-6.06556431321E+001
-6.06358866419E+001
-6.06342326315E+001
-6.06498261315E+001
-6.06513485305E+001
-6.06593120722E+001
-6.06713956231E+001
-6.06015719195E+001
-6.06019292571E+001
-6.06105450480E+001
-6.06219928179E+001
-6.06423342596E+001
-6.06521860247E+001
-6.06414092840E+001
-6.06449851030E+001
-6.06410082926E+001
-6.06837874552E+001
-6.07084812972E+001
-6.07144119784E+001
-6.06318533689E+001
-6.06732884076E+001
-6.07050914745E+001
-6.06656989469E+001
-6.06659682605E+001
-6.06784267389E+001
-6.06738133789E+001
-6.06959901406E+001
-6.06796613626E+001
-6.06670696948E+001
-6.06433532333E+001
-6.06161991887E+001
-6.06578201231E+001
-6.06720136466E+001
-6.06852839453E+001
-6.06338978465E+001
-6.06098320979E+001
-6.06335105149E+001
-6.06126066932E+001
-6.06453790332E+001
-6.06052564905E+001
-6.06409304860E+001
-6.06074529361E+001
-6.05979306585E+001
-6.05791867689E+001
-6.05758062120E+001
-6.05793567204E+001
-6.05949308716E+001
-6.06106844077E+001
-6.06092440050E+001
-6.05915330230E+001
-6.06397019176E+001
-6.06562802984E+001
-6.06565572199E+001
-6.06738909715E+001
-6.06637466159E+001
-6.06461727136E+001
-6.06550875103E+001
-6.06230577151E+001
-6.07194023157E+001
-6.07402916051E+001
-6.07494522652E+001
-6.07670730608E+001
-6.07355519608E+001
-6.07070433440E+001
-6.06922248507E+001
-6.07076222889E+001
-6.07287722880E+001
-6.07424002437E+001
-6.07352684934E+001
-6.07070398756E+001
-6.07352900729E+001
-6.07600315853E+001
-6.07698543574E+001
-6.07940491012E+001
-6.08115545660E+001
-6.08240865094E+001
-6.08275079467E+001
-6.07910499329E+001
-6.07961675570E+001
-6.07381823398E+001
-6.07303999313E+001
-6.07330081023E+001
-6.07624858926E+001
-6.08019290298E+001
-6.07897280754E+001
-6.08183847605E+001
-6.07929791204E+001
-6.07768491010E+001
-6.08077768012E+001
-6.07599897155E+001
-6.08205657516E+001
-6.08066829703E+001
-6.08213047455E+001
-6.08128538404E+001
-6.08107028523E+001
-6.08351702197E+001
-6.08482156168E+001
-6.08286775765E+001
-6.08236231401E+001
-6.08359634433E+001
-6.09083929727E+001
-6.09100070140E+001
-6.09095642075E+001
-6.09256365194E+001
-6.09694716318E+001
-6.09778210120E+001
-6.10270397971E+001
-6.10536089480E+001
-6.11241830509E+001
-6.12248900427E+001
-6.12496502683E+001
-6.12865435254E+001
-6.13297035168E+001
-6.13861417670E+001
-6.14614301037E+001
-6.15364876743E+001
-6.15355158183E+001
-6.15634827187E+001
-6.16373012953E+001
-6.16719148412E+001
-6.16576466658E+001
-6.17145346196E+001
-6.17317079241E+001
-6.17172735456E+001
-6.17613171993E+001
-6.18161472369E+001
-6.19006666435E+001
-6.19571713823E+001
-6.19303002303E+001
-6.20475319805E+001
-6.20961766954E+001
-6.20929657710E+001
-6.21201250568E+001
-6.22025126434E+001
-6.22186792861E+001
-6.23050312587E+001
-6.23582144735E+001
-6.23608129979E+001
-6.24176972113E+001
-6.24599192274E+001
-6.24721977708E+001
-6.24922946753E+001
-6.25090700603E+001
-6.25652521136E+001
-6.26015749193E+001
-6.26356754485E+001
-6.27058048606E+001
-6.27268041707E+001
-6.28107348514E+001
-6.28103280692E+001
-6.27757302578E+001
-6.28330438497E+001
-6.28120488209E+001
-6.28348694073E+001
-6.29050781065E+001
-6.29405215600E+001
-6.29204979939E+001
-6.29344457835E+001
-6.29462770402E+001
-6.29538026440E+001
-6.29380506191E+001
-6.29487241608E+001
-6.30065017591E+001
-6.31417068211E+001
-6.32181811290E+001
-6.32666271726E+001
-6.32814053259E+001
-6.32910539353E+001
-6.33043152947E+001
-6.34622541040E+001
-6.35868115680E+001
-6.35806732571E+001
-6.36001559242E+001
-6.36334761494E+001
-6.36945594383E+001
-6.36846427171E+001
-6.37657562208E+001
-6.37782061459E+001
-6.39382927126E+001
-6.41219988599E+001
-6.41985387844E+001
-6.42958192326E+001
-6.42959390876E+001
-6.43585695621E+001
-6.44220831069E+001
-6.45070662589E+001
-6.45579924030E+001
-6.46348110050E+001
-6.47196397547E+001
-6.47419356242E+001
-6.47789694521E+001
-6.47570796509E+001
-6.47900705444E+001
-6.47869224175E+001
-6.48198738579E+001
-6.48845753363E+001
-6.49166896016E+001
-6.49118112497E+001
-6.49183995442E+001
-6.49825236310E+001
-6.50346302569E+001
-6.51726202942E+001
-6.52850362631E+001
-6.53372112527E+001
-6.53938119622E+001
-6.55062046394E+001
-6.55283620456E+001
-6.55634001531E+001
-6.56258835839E+001
-6.56255940744E+001
-6.57109192534E+001
-6.57175182919E+001
-6.57504370913E+001
-6.58531804322E+001
-6.58628783381E+001
-6.58796800459E+001
-6.59234129681E+001
-6.59380876120E+001
-6.60008694564E+001
-6.61301434834E+001
-6.61766176284E+001
-6.61615886365E+001
-6.61853071093E+001
-6.61993836814E+001
-6.61884455099E+001
-6.62386530273E+001
-6.62590796380E+001
-6.63768495997E+001
-6.63864359576E+001
-6.64024792294E+001
-6.64081711772E+001
-6.64390104382E+001
-6.64733277179E+001
-6.64921012382E+001
-6.64749979326E+001
-6.64974617487E+001
-6.65101603924E+001
-6.65269234555E+001
-6.66425904720E+001
-6.67261286644E+001
-6.67918522974E+001
-6.68060749334E+001
-6.67922390518E+001
-6.67733856098E+001
-6.69209901824E+001
-6.69287266054E+001
-6.69474132871E+001
-6.69824712919E+001
-6.70458957004E+001
-6.70671037730E+001
-6.70975716568E+001
-6.70538719456E+001
-6.70538891366E+001
-6.70525537157E+001
-6.70560018177E+001
-6.70683927883E+001
-6.71506487592E+001
-6.71272965422E+001
-6.71330526455E+001
-6.70847178640E+001
-6.69849209332E+001
-6.70277730807E+001
-6.70801442917E+001
-6.70803553956E+001
-6.70631411326E+001
-6.70353265851E+001
-6.70888902820E+001
-6.71326353477E+001
-6.70859820615E+001
-6.70495911292E+001
-6.70636937899E+001
-6.71845301102E+001
-6.71570340651E+001
-6.71809248993E+001
-6.72490546027E+001
-6.72662096979E+001
-6.72292443071E+001
-6.72331211016E+001
-6.72375631652E+001
-6.72478901986E+001
-6.72114205917E+001
-6.71736755908E+001
-6.72860641256E+001
-6.73406682749E+001
-6.72911378967E+001
-6.72866070832E+001
-6.72077102234E+001
-6.72066964375E+001
-6.72598338193E+001
-6.72603420642E+001
-6.72636986503E+001
-6.72499621796E+001
-6.73414620341E+001
-6.73484154473E+001
-6.73235480852E+001
-6.73201717555E+001
-6.73782728669E+001
-6.73290297786E+001
-6.73511011024E+001
-6.73827886765E+001
-6.73704277287E+001
-6.74065818768E+001
-6.73832163044E+001
-6.74367793071E+001
-6.74541880180E+001
-6.73863430083E+001
-6.73672878377E+001
-6.73694297404E+001
-6.73519576895E+001
-6.73782974511E+001
-6.73602660778E+001
-6.73786366437E+001
-6.74031429594E+001
-6.73407042881E+001
-6.72567849484E+001
-6.71883374560E+001
-6.71668009015E+001
-6.71882055559E+001
-6.72089568423E+001
-6.72833752673E+001
-6.72337221849E+001
-6.71543688806E+001
-6.72383264422E+001
-6.72265758259E+001
-6.72402797814E+001
-6.72300691154E+001
-6.72601180854E+001
-6.72003712423E+001
-6.72161457276E+001
-6.70901526213E+001
-6.69420428885E+001
-6.69407301399E+001
-6.68988262825E+001
-6.68717435424E+001
-6.68196535187E+001
-6.68128911980E+001
-6.67765886083E+001
-6.67773469064E+001
-6.67945816026E+001
-6.67578902557E+001
-6.67543639257E+001
-6.67649738546E+001
-6.67424456973E+001
-6.67458082066E+001
-6.67687765815E+001
-6.68134578907E+001
-6.67791823477E+001
-6.67601781592E+001
-6.67840518815E+001
-6.68056080788E+001
-6.67990589999E+001
-6.67864818004E+001
-6.66504058660E+001
-6.66041839906E+001
-6.66484290176E+001
-6.66750534857E+001
-6.66256781714E+001
-6.66430010285E+001
-6.66314082110E+001
-6.66911526184E+001
-6.66637048129E+001
-6.65821241896E+001
-6.65577770515E+001
-6.65922200641E+001
-6.65477938749E+001
-6.65597229875E+001
-6.66560171823E+001
-6.66664652821E+001
-6.66713674094E+001
-6.66300701325E+001
-6.65389595308E+001
-6.65564639487E+001
-6.66354087859E+001
-6.66458469862E+001
-6.67133501810E+001
-6.67293445932E+001
-6.67067721523E+001
-6.67321973088E+001
-6.66816569033E+001
-6.67255850956E+001
-6.67710692028E+001
-6.68501023127E+001
-6.68408039109E+001
-6.68594365908E+001
-6.68410322985E+001
-6.68680058815E+001
-6.68706785741E+001
-6.68683699507E+001
-6.69172084509E+001
-6.68369069418E+001
-6.67826714348E+001
-6.68027459186E+001
-6.67979390063E+001
-6.68514297061E+001
-6.69247764740E+001
-6.67967456404E+001
-6.68118670546E+001
-6.68689189370E+001
-6.68754835738E+001
-6.69045506074E+001
-6.69170374637E+001
-6.69304749412E+001
-6.69294624322E+001
-6.70099402117E+001
-6.69784272877E+001
-6.70322838557E+001
-6.70267790535E+001
-6.70151285955E+001
-6.70908738411E+001
-6.71109011129E+001
-6.71403020387E+001
-6.72683939771E+001
-6.72152261999E+001
-6.72375369182E+001
-6.72120704724E+001
-6.72738474875E+001
-6.73080347389E+001
-6.72236952694E+001
-6.72674512339E+001
-6.72831063753E+001
-6.72798866435E+001
-6.72775523567E+001
-6.71604441920E+001
-6.71157238334E+001
-6.71414782064E+001
-6.70937697124E+001
-6.71590097928E+001
-6.71894045572E+001
-6.71610138523E+001
-6.70901754491E+001
-6.71928058761E+001
-6.72308569945E+001
-6.72946271532E+001
-6.72227645091E+001
-6.71628342940E+001
-6.71600867511E+001
-6.72059964733E+001
-6.72527842085E+001
-6.72002405534E+001
-6.71700656085E+001
-6.71294832709E+001
-6.71282328409E+001
-6.71455668240E+001
-6.71295672699E+001
-6.71275466398E+001
-6.71033482574E+001
-6.71683487737E+001
-6.71386355447E+001
-6.71615028713E+001
-6.71360764357E+001
-6.70797600349E+001
-6.70746049057E+001
-6.70700641524E+001
-6.70851865634E+001
-6.70683094471E+001
-6.70514114506E+001
-6.71085636786E+001
-6.71234307219E+001
-6.71529136759E+001
-6.72587675242E+001
-6.73369244734E+001
-6.73648514582E+001
-6.73328895879E+001
-6.73465421027E+001
-6.73535404032E+001
-6.73286065392E+001
-6.73359495051E+001
-6.73422196868E+001
-6.73314696222E+001
-6.72755765858E+001
-6.72109870071E+001
-6.71983191589E+001
-6.71856181566E+001
-6.70779365482E+001
-6.70544220752E+001
-6.70765381042E+001
-6.70389944520E+001
-6.70197651337E+001
-6.70000478130E+001
-6.69799507757E+001
-6.70425681725E+001
-6.69929806965E+001
-6.69795107800E+001
-6.69497008012E+001
-6.69604917206E+001
-6.69908330361E+001
-6.69535285784E+001
-6.70093903918E+001
-6.69869904409E+001
-6.69552527231E+001
-6.69374295344E+001
-6.69737902363E+001
-6.69964945255E+001
-6.70512625070E+001
-6.70494205840E+001
-6.70742521005E+001
-6.70612524565E+001
-6.70896134387E+001
-6.71611354021E+001
-6.71717067668E+001
-6.71349973525E+001
-6.70988313768E+001
-6.71163193294E+001
-6.70812280423E+001
-6.70494584081E+001
-6.70364665470E+001
-6.69982556408E+001
-6.70218677367E+001
-6.70423839084E+001
-6.70574234752E+001
-6.69709373872E+001
-6.69995665229E+001
-6.69832971449E+001
-6.70099069699E+001
-6.70215843281E+001
-6.69882479439E+001
-6.70005136042E+001
-6.69418380282E+001
-6.69033281866E+001
-6.69054404782E+001
-6.68863936890E+001
-6.68604643446E+001
-6.68640654900E+001
-6.68091314167E+001
-6.67769220836E+001
-6.67927441255E+001
-6.67855848963E+001
-6.67570860729E+001
-6.67446993637E+001
-6.67147445846E+001
-6.66824013371E+001
-6.66595465252E+001
-6.66357010446E+001
-6.66713616871E+001
-6.66890360305E+001
-6.66932626047E+001
-6.66648397218E+001
-6.66789330456E+001
-6.66986663299E+001
-6.66335018027E+001
-6.66136318102E+001
-6.66425906497E+001
-6.65830606077E+001
-6.65713210131E+001
-6.65493227595E+001
-6.65206744609E+001
-6.65228464987E+001
-6.65491686771E+001
-6.64829637681E+001
-6.64969752137E+001
-6.64515758714E+001
-6.64659801420E+001
-6.64400719239E+001
-6.64826895123E+001
-6.64125480180E+001
-6.64527794574E+001
-6.65102720730E+001
-6.65167021459E+001
-6.65037281486E+001
-6.64693285965E+001
-6.64177501348E+001
-6.63570768820E+001
-6.62412115585E+001
-6.62184248393E+001
-6.61433110330E+001
-6.61709025135E+001
-6.60555049513E+001
-6.60120694129E+001
-6.60024417850E+001
-6.59847125710E+001
-6.59666159821E+001
-6.59815853605E+001
-6.59542737092E+001
-6.59417729948E+001
-6.59425498582E+001
-6.58933899473E+001
-6.58926774874E+001
-6.57946685020E+001
-6.57757129957E+001
-6.57288443490E+001
-6.58173798018E+001
-6.57286332628E+001
-6.56261797795E+001
-6.55580285369E+001
-6.55269767145E+001
-6.55504874163E+001
-6.55528256824E+001
-6.55505948992E+001
-6.55268657847E+001
-6.55556057975E+001
-6.55308363619E+001
-6.55997001485E+001
-6.55904854672E+001
-6.55822137235E+001
-6.55460859034E+001
-6.55170253791E+001
-6.55552478462E+001
-6.55111905416E+001
-6.55431664032E+001
-6.55658901746E+001
-6.55829847978E+001
-6.55753602571E+001
-6.55615901979E+001
-6.55480169667E+001
-6.55002092774E+001
-6.55575594609E+001
-6.56121067575E+001
-6.55806812752E+001
-6.55997268501E+001
-6.55887148620E+001
-6.55199774378E+001
-6.54361730926E+001
-6.54297140972E+001
-6.54314471469E+001
-6.54190221312E+001
-6.54144114155E+001
-6.54205967132E+001
-6.54179331370E+001
-6.54510534650E+001
-6.54282309439E+001
-6.54057430041E+001
-6.53815725735E+001
-6.53833869177E+001
-6.54152757893E+001
-6.54666647972E+001
-6.55219643923E+001
-6.55085313018E+001
-6.55142563094E+001
-6.55477851943E+001
-6.56214802069E+001
-6.56198895947E+001
-6.55454079837E+001
-6.55835284469E+001
-6.56784855727E+001
-6.57162784407E+001
-6.57693252013E+001
-6.57426073017E+001
-6.58030799665E+001
-6.57622450189E+001
-6.57728722411E+001
-6.57293652650E+001
-6.57141211369E+001
-6.56773861647E+001
-6.56458594808E+001
-6.55812922364E+001
-6.56468523545E+001
-6.56393329690E+001
-6.56125319523E+001
-6.55646655351E+001
-6.54765551967E+001
-6.54344587628E+001
-6.54571121621E+001
-6.54519213440E+001
-6.54327848841E+001
-6.54561461288E+001
-6.54839888325E+001
-6.54247657799E+001
-6.54026198963E+001
-6.53933538392E+001
-6.53702838720E+001
-6.53912812534E+001
-6.55007162199E+001
-6.54286575746E+001
-6.54462112826E+001
-6.54737676557E+001
-6.54457558066E+001
-6.54375470161E+001
-6.54482618851E+001
-6.54702692254E+001
-6.55309679720E+001
-6.55294085610E+001
-6.55587279091E+001
-6.55838885527E+001
-6.55948328610E+001
-6.56095898333E+001
-6.56718604231E+001
-6.55913131748E+001
-6.56592702012E+001
-6.56702414812E+001
-6.57105787135E+001
-6.56997089941E+001
-6.57056439215E+001
-6.57661761685E+001
-6.57462813902E+001
-6.56979637048E+001
-6.56474497263E+001
-6.56759686923E+001
-6.57059597986E+001
-6.58629279564E+001
-6.58638837061E+001
-6.59207760245E+001
-6.59618274695E+001
-6.59083725181E+001
-6.58992869466E+001
-6.58929047146E+001
-6.59458347761E+001
-6.59388715498E+001
-6.59643046666E+001
-6.59279582628E+001
-6.59590825424E+001
-6.59684048431E+001
-6.60148196922E+001
-6.59825185840E+001
-6.59914036357E+001
-6.60070000141E+001
-6.60464107328E+001
-6.60220587554E+001
-6.59735710165E+001
-6.59362272336E+001
-6.58428506373E+001
-6.58427662088E+001
-6.58978354024E+001
-6.58947542786E+001
-6.59468721128E+001
-6.60336720220E+001
-6.60336448510E+001
-6.60279273871E+001
-6.60659928208E+001
-6.61499618970E+001
-6.61678650302E+001
-6.61289469603E+001
-6.61393850070E+001
-6.62219847306E+001
-6.62177266216E+001
-6.62648184897E+001
-6.63201273595E+001
-6.63062798860E+001
-6.63319603887E+001
-6.64235714217E+001
-6.64784904742E+001
-6.64849641913E+001
-6.64366828228E+001
-6.64789702098E+001
-6.64683786674E+001
-6.65040804925E+001
-6.65287808754E+001
-6.65066517928E+001
-6.64837748278E+001
-6.64799363549E+001
-6.64550596337E+001
-6.64494644629E+001
-6.64554325359E+001
-6.64208111005E+001
-6.64235490933E+001
-6.64341532505E+001
-6.64525634569E+001
-6.65128991580E+001
-6.64670268749E+001
-6.64399208104E+001
-6.64312713605E+001
-6.64194766858E+001
-6.64309837249E+001
-6.64253181210E+001
-6.64805483619E+001
-6.64933547479E+001
-6.65207061417E+001
-6.64634830356E+001
-6.64216517078E+001
-6.64475760932E+001
-6.64431147695E+001
-6.64882595756E+001
-6.64542074020E+001
-6.64574713905E+001
-6.65375046824E+001
-6.65523812237E+001
-6.65253205214E+001
-6.65012438815E+001
-6.64723855553E+001
-6.64380956609E+001
-6.64108876306E+001
-6.64389697688E+001
-6.64561226933E+001
-6.64806102277E+001
-6.64434618443E+001
-6.64269955437E+001
-6.63614607193E+001
-6.63283367647E+001
-6.63116109639E+001
-6.62913215441E+001
-6.62248699419E+001
-6.61677892064E+001
-6.61509114969E+001
-6.61690991640E+001
-6.61161639701E+001
-6.59744080186E+001
-6.59317011040E+001
-6.58688617772E+001
-6.58872815949E+001
-6.58212598698E+001
-6.57784234577E+001
-6.57496193495E+001
-6.57173826358E+001
-6.57126966906E+001
-6.56769792064E+001
-6.56561221664E+001
-6.56256574937E+001
-6.55395680911E+001
-6.55167025736E+001
-6.54899659426E+001
-6.55476506902E+001
-6.55480513950E+001
-6.55614340284E+001
-6.55097600294E+001
-6.54716764096E+001
-6.54296270606E+001
-6.53827303792E+001
-6.53155582564E+001
-6.53147135773E+001
-6.53285549649E+001
-6.53120439490E+001
-6.52740717964E+001
-6.52432735099E+001
-6.51192787471E+001
-6.51315273810E+001
-6.51141502393E+001
-6.50348311264E+001
-6.50381370712E+001
-6.50608006067E+001
-6.50222644174E+001
-6.49469134731E+001
-6.49053751839E+001
-6.48528961572E+001
-6.48130627511E+001
-6.48003107521E+001
-6.47431242784E+001
-6.46815066312E+001
-6.46123511240E+001
-6.45873222590E+001
-6.44795176440E+001
-6.44608840389E+001
-6.44025595085E+001
-6.43962788737E+001
-6.43915483766E+001
-6.43070884110E+001
-6.42786803283E+001
-6.42921917233E+001
-6.42831440556E+001
-6.42360175551E+001
-6.42285489115E+001
-6.40408398280E+001
-6.39922726272E+001
-6.39225810368E+001
-6.38503734374E+001
-6.38165486670E+001
-6.38211016902E+001
-6.37986908988E+001
-6.37458816117E+001
-6.37484918344E+001
-6.37238555846E+001
-6.37084395075E+001
-6.36879473285E+001
-6.36223020361E+001
-6.35585744534E+001
-6.35140651520E+001
-6.34667998326E+001
-6.33976553346E+001
-6.33387156977E+001
-6.33170782515E+001
-6.32704513895E+001
-6.32466413982E+001
-6.32429034205E+001
-6.31583482259E+001
-6.30890373090E+001
-6.30669980706E+001
-6.30306640959E+001
-6.29241032643E+001
-6.29023190963E+001
-6.28456194178E+001
-6.28361689287E+001
-6.27548681629E+001
-6.27091495290E+001
-6.26670763697E+001
-6.26446208101E+001
-6.25209264811E+001
-6.24967428218E+001
-6.24336021361E+001
-6.23742936179E+001
-6.23613832215E+001
-6.23044410938E+001
-6.22214338867E+001
-6.21770667978E+001
-6.21786166027E+001
-6.21609029569E+001
-6.20886294055E+001
-6.20918822181E+001
-6.20594269846E+001
-6.20184001998E+001
-6.20137902967E+001
-6.20007033180E+001
-6.19912981767E+001
-6.19873484364E+001
-6.19685604055E+001
-6.19344111330E+001
-6.18697276729E+001
-6.18670196520E+001
-6.18295315087E+001
-6.18125577301E+001
-6.17819323784E+001
-6.17654335070E+001
-6.17681126692E+001
-6.16957971167E+001
-6.16414902797E+001
-6.16150909518E+001
-6.15513464051E+001
-6.15101258971E+001
-6.14730833583E+001
-6.14435524491E+001
-6.14151050771E+001
-6.14337385300E+001
-6.13939345555E+001
-6.13372569299E+001
-6.12843854072E+001
-6.12637924763E+001
-6.12091179009E+001
-6.11054330443E+001
-6.10608757745E+001
-6.10300631862E+001
-6.10449225907E+001
-6.10128885167E+001
-6.10275600673E+001
-6.10220252183E+001
-6.09833788073E+001
-6.09910126750E+001
-6.09422346199E+001
-6.08909859049E+001
-6.08786372038E+001
-6.09302786377E+001
-6.09175163563E+001
-6.08983816509E+001
-6.09024326361E+001
-6.09344394573E+001
-6.09405808620E+001
-6.09456427947E+001
-6.08816745615E+001
-6.08963938990E+001
-6.09105665225E+001
-6.09313772783E+001
-6.09268602999E+001
-6.09062116542E+001
-6.09195064776E+001
-6.09175571701E+001
-6.09233857075E+001
-6.09300669022E+001
-6.09096470182E+001
-6.09273406659E+001
-6.09611709446E+001
-6.09597253568E+001
-6.09736233843E+001
-6.09881226657E+001
-6.10257058447E+001
-6.09492437513E+001
-6.09532319117E+001
-6.09252976865E+001
-6.10126838267E+001
-6.10358443358E+001
-6.10352242084E+001
-6.10981298601E+001
-6.11376429604E+001
-6.11911372110E+001
-6.11205183197E+001
-6.10758775222E+001
-6.11082934581E+001
-6.10990081049E+001
-6.11011133805E+001
-6.10998152260E+001
-6.10743848109E+001
-6.11169615019E+001
-6.10599021486E+001
-6.10846207058E+001
-6.11118858896E+001
-6.11306445665E+001
-6.11105886372E+001
-6.11149244603E+001
-6.11296841458E+001
-6.11185170291E+001
-6.11325808778E+001
-6.11584826293E+001
-6.11422012575E+001
-6.11680015052E+001
-6.12049227070E+001
-6.12241040094E+001
-6.12387891228E+001
-6.12304967349E+001
-6.12013246809E+001
-6.12080848853E+001
-6.12124089359E+001
-6.11853092277E+001
-6.11821505090E+001
-6.11741343845E+001
-6.11584616608E+001
-6.11377529729E+001
-6.11470723023E+001
-6.11275532902E+001
-6.11517921396E+001
-6.11660331242E+001
-6.11338672698E+001
-6.11836052279E+001
-6.12269563373E+001
-6.12071635372E+001
-6.12065529749E+001
-6.12110460960E+001
-6.11956003836E+001
-6.11813115017E+001
-6.12228652090E+001
-6.12100417861E+001
-6.12172881818E+001
-6.12057040670E+001
-6.12041827006E+001
-6.12110000665E+001
-6.12032638349E+001
-6.11978793912E+001
-6.12268013453E+001
-6.12773357653E+001
-6.12938173172E+001
-6.13100871502E+001
-6.12758881990E+001
-6.13106399596E+001
-6.12786347894E+001
-6.13137373278E+001
-6.13321592615E+001
-6.13147433772E+001
-6.13487611355E+001
-6.13586013458E+001
-6.13744505349E+001
-6.13813586477E+001
-6.13753579133E+001
-6.13948632302E+001
-6.14082266778E+001
-6.14462607127E+001
-6.14740879478E+001
-6.14611413565E+001
-6.14331504028E+001
-6.14028772963E+001
-6.13915268504E+001
-6.14337594217E+001
-6.14539203330E+001
-6.14585822432E+001
-6.14790381407E+001
-6.14714648065E+001
-6.14538338875E+001
-6.14324245388E+001
-6.14116436468E+001
-6.13908918484E+001
-6.13997584560E+001
-6.13895814387E+001
-6.13978239837E+001
-6.14306637565E+001
-6.13980458595E+001
-6.13997038672E+001
-6.13904080738E+001
-6.14405843003E+001
-6.14622100725E+001
-6.14830574687E+001
-6.14531331238E+001
-6.14832631856E+001
-6.14755908935E+001
-6.14605278878E+001
-6.14888806290E+001
-6.15013366923E+001
-6.14520274190E+001
-6.14364484839E+001
-6.14697660528E+001
-6.14748157022E+001
-6.14655501801E+001
-6.14843623427E+001
-6.14885143907E+001
-6.15137330413E+001
-6.15361267026E+001
-6.15384173161E+001
-6.15705485185E+001
-6.15808679339E+001
-6.15415928809E+001
-6.15705042419E+001
-6.15720543154E+001
-6.15709113385E+001
-6.15839870295E+001
-6.15980732730E+001
-6.15691011822E+001
-6.15370314386E+001
-6.15321583387E+001
-6.15343377753E+001
-6.15235800418E+001
-6.15008779362E+001
-6.14630927654E+001
-6.15232110210E+001
-6.15315341126E+001
-6.15362017584E+001
-6.15219589998E+001
-6.15231221553E+001
-6.15233644920E+001
-6.15065969454E+001
-6.14940633933E+001
-6.15056027365E+001
-6.15309438050E+001
-6.15326111210E+001
-6.15169186510E+001
-6.14677236130E+001
-6.15079323069E+001
-6.14917641502E+001
-6.14660372109E+001
-6.14129169998E+001
-6.14327540767E+001
-6.13904757926E+001
-6.14423671597E+001
-6.13601394193E+001
-6.13386785016E+001
-6.13344090690E+001
-6.12924699631E+001
-6.12602965622E+001
-6.11857530862E+001
-6.11921881405E+001
-6.12144234290E+001
-6.11883812043E+001
-6.11669828219E+001
-6.11745317421E+001
-6.11850766303E+001
-6.11691389336E+001
-6.11134150374E+001
-6.11249893882E+001
-6.10806837065E+001
-6.10515348926E+001
-6.10160646192E+001
-6.09949591489E+001
-6.09849280522E+001
-6.09752344282E+001
-6.09936226707E+001
-6.09782127037E+001
-6.09659620415E+001
-6.10098988089E+001
-6.10238455274E+001
-6.10044187281E+001
-6.09594283958E+001
-6.09443525548E+001
-6.09386010936E+001
-6.10079729181E+001
-6.09674342717E+001
-6.09305955384E+001
-6.09474820091E+001
-6.09674349957E+001
-6.09690827771E+001
-6.09523135796E+001
-6.09439068857E+001
-6.09443857546E+001
-6.09847718134E+001
-6.10115130742E+001
-6.09970300224E+001
-6.10388412518E+001
-6.09788347053E+001
-6.09076377652E+001
-6.08688415623E+001
-6.08329296403E+001
-6.08076366878E+001
-6.07867827667E+001
-6.07807802531E+001
-6.07254979464E+001
-6.07306908829E+001
-6.07373616095E+001
-6.07564839088E+001
-6.07541280350E+001
-6.07574233598E+001
-6.07151144073E+001
-6.07101537803E+001
-6.06996547075E+001
-6.06730628799E+001
-6.06532133919E+001
-6.06602035520E+001
-6.06595138851E+001
-6.06449616997E+001
-6.06456190121E+001
-6.06071907786E+001
-6.05676525616E+001
-6.05557860345E+001
-6.05449615400E+001
-6.05199728495E+001
-6.05012959574E+001
-6.04747688902E+001
-6.04609176676E+001
-6.04515678873E+001
-6.04189281608E+001
-6.04396578530E+001
-6.04137828481E+001
-6.04103834695E+001
-6.04089876484E+001
-6.04536622722E+001
-6.04671766883E+001
-6.04237598652E+001
-6.03788369731E+001
-6.03588288227E+001
-6.03551476436E+001
-6.03208933183E+001
-6.03334740105E+001
-6.03307841593E+001
-6.03401156843E+001
-6.03488875862E+001
-6.03553917722E+001
-6.03590363208E+001
-6.03406042135E+001
-6.02801853288E+001
-6.02788661228E+001
-6.02579726143E+001
-6.02754019052E+001
-6.02210501567E+001
-6.01911703499E+001
-6.01812722671E+001
-6.01685735445E+001
-6.01774030183E+001
-6.01735262729E+001
-6.01775878039E+001
-6.01645188689E+001
-6.01557445998E+001
-6.01427682750E+001
-6.01596185640E+001
-6.01506243594E+001
-6.01132473457E+001
-6.00918503482E+001
-6.00727830594E+001
-6.00622983281E+001
-6.00730096439E+001
-6.00681721933E+001
-6.00486983580E+001
-6.00371654704E+001
-6.00156805606E+001
-6.00041171952E+001
-5.99560114627E+001
-5.99457124757E+001
-5.99378086573E+001
-5.99092826886E+001
-5.98775786008E+001
-5.98565140505E+001
-5.98598504796E+001
-5.98603308556E+001
-5.98562329494E+001
-5.98299657084E+001
-5.98332213368E+001
-5.98317744208E+001
-5.97904656222E+001
-5.97736064203E+001
-5.97802760572E+001
-5.97521615693E+001
-5.97179378596E+001
-5.96989377065E+001
-5.97063707497E+001
-5.97162772769E+001
-5.96991565660E+001
-5.96753957606E+001
-5.97005971493E+001
-5.96768685051E+001
-5.97072445089E+001
-5.96661756472E+001
-5.96971790521E+001
-5.96899333694E+001
-5.97149745480E+001
-5.97209186701E+001
-5.97473955493E+001
-5.97066618078E+001
-5.97271158923E+001
-5.97398059314E+001
-5.97284848924E+001
-5.97183076694E+001
-5.96986238036E+001
-5.96908229052E+001
-5.96754821334E+001
-5.96629127760E+001
-5.96485975390E+001
-5.96634481892E+001
-5.96354585118E+001
-5.96430172251E+001
-5.97143960735E+001
-5.97220417330E+001
-5.97075892092E+001
-5.97009336786E+001
-5.97183415345E+001
-5.97701000331E+001
-5.97808510723E+001
-5.98074918487E+001
-5.98194981161E+001
-5.97760457153E+001
-5.98089687683E+001
-5.97928712354E+001
-5.97755825568E+001
-5.97441640460E+001
-5.97436246028E+001
-5.97454303386E+001
-5.97125796570E+001
-5.97172274443E+001
-5.96425279019E+001
-5.96525589041E+001
-5.96784503290E+001
-5.96732365535E+001
-5.96421268653E+001
-5.96264302471E+001
-5.96187818217E+001
-5.96590040038E+001
-5.96666524202E+001
-5.96516787168E+001
-5.96294921745E+001
-5.96226695214E+001
-5.95706087658E+001
-5.95900116259E+001
-5.96132647176E+001
-5.96329654055E+001
-5.96342929213E+001
-5.96733185862E+001
-5.96698977415E+001
-5.96997889039E+001
-5.97055546595E+001
-5.97110602291E+001
-5.97247867705E+001
-5.96894440368E+001
-5.97216154197E+001
-5.96921051852E+001
-5.97129921326E+001
-5.97180985164E+001
-5.97094044840E+001
-5.96852260770E+001
-5.97210978633E+001
-5.97156473919E+001
-5.97397155471E+001
-5.97495616191E+001
-5.97688740216E+001
-5.97937446767E+001
-5.98251707332E+001
-5.98567922050E+001
-5.98274996799E+001
-5.98563900463E+001
-5.98470210115E+001
-5.98683262460E+001
-5.99039629651E+001
-5.99273149322E+001
-5.99417028973E+001
-5.98721986301E+001
-5.98620025736E+001
-5.98509854497E+001
-5.98482769124E+001
-5.98177539535E+001
-5.97900112614E+001
-5.98020404036E+001
-5.98174157825E+001
-5.97982260751E+001
-5.97703863535E+001
-5.97736367511E+001
-5.97905518144E+001
-5.98061766994E+001
-5.98155913009E+001
-5.98261366313E+001
-5.98211057370E+001
-5.98416505596E+001
-5.98394567884E+001
-5.98743071141E+001
-5.98631018794E+001
-5.98748384630E+001
-5.98627466231E+001
-5.98302271219E+001
-5.98290530919E+001
-5.98038533657E+001
-5.98330738145E+001
-5.98073101253E+001
-5.97901886163E+001
-5.97788330639E+001
-5.97463461837E+001
-5.97700120376E+001
-5.97664481284E+001
-5.97447594922E+001
-5.97381471306E+001
-5.97735814755E+001
-5.98008048271E+001
-5.97980491247E+001
-5.98749138914E+001
-5.98548710380E+001
-5.98562932105E+001
-5.98923534769E+001
-5.99079525116E+001
-5.98971518737E+001
-5.99139073297E+001
-5.99110160215E+001
-5.99016694929E+001
-5.99573599133E+001
-6.00177901841E+001
-6.00146499671E+001
-6.00295007103E+001
-6.00147895995E+001
-5.99965047016E+001
-5.99888156371E+001
-6.00032089001E+001
-6.00232799577E+001
-6.00146508538E+001
-6.00069342431E+001
-6.00297366481E+001
-6.00185355795E+001
-6.00126343442E+001
-6.00273807044E+001
-6.00225556961E+001
-5.99954747416E+001
-5.99923680890E+001
-5.99688710431E+001
-5.99564932431E+001
-5.99182187707E+001
-5.99181739152E+001
-5.99344466947E+001
-5.99486951684E+001
-5.99193828922E+001
-5.99238878044E+001
-5.99075715911E+001
-5.99007167114E+001
-5.99409610153E+001
-5.99274639334E+001
-5.99068421926E+001
-5.98906673365E+001
-5.99267963493E+001
-5.99231843452E+001
-5.99531795078E+001
-5.99742772417E+001
-5.99799437238E+001
-5.99829726071E+001
-6.00203013686E+001
-6.00208833057E+001
-6.00350894926E+001
-6.00065334398E+001
-5.99413085807E+001
-5.99439570409E+001
-5.99423620301E+001
-5.99439838434E+001
-5.99638457815E+001
-5.99507621307E+001
-5.99513955346E+001
-5.99588898994E+001
-5.99473854804E+001
-5.99602169799E+001
-5.99301492996E+001
-5.99408848612E+001
-5.99159712231E+001
-5.99345677074E+001
-5.99680306902E+001
-5.99833686348E+001
-6.00080332901E+001
-6.00293655967E+001
-6.00499741319E+001
-6.00635417806E+001
-6.00402433092E+001
-6.00299107438E+001
-6.00114732199E+001
-6.00326987522E+001
-6.00544408855E+001
-6.00373613408E+001
-6.00336930980E+001
-6.00700890846E+001
-6.00610248770E+001
-6.00728035164E+001
-6.01006698417E+001
-6.00817427206E+001
-6.00488701646E+001
-6.00372090386E+001
-6.00558639995E+001
-6.00589478169E+001
-6.00967518138E+001
-6.00851931180E+001
-6.00852500998E+001
-6.01016555875E+001
-6.00928029358E+001
-6.01081032810E+001
-6.00943855773E+001
-6.01097308121E+001
-6.01047848326E+001
-6.01042477650E+001
-6.00716326234E+001
-6.00938932647E+001
-6.00571031186E+001
-6.00504176032E+001
-6.00286479066E+001
-6.00388294990E+001
-6.00423449384E+001
-6.00327114681E+001
-5.99896536249E+001
-5.99335148869E+001
-5.99528469911E+001
-5.99476246242E+001
-5.99709064456E+001
-5.99772710046E+001
-5.99423535235E+001
-5.99382715172E+001
-5.99438052825E+001
-5.99644414847E+001
-5.99935190485E+001
-5.99857990659E+001
-6.00202639813E+001
-6.00439066928E+001
-6.00486418293E+001
-6.00218234899E+001
-6.00558069132E+001
-6.01146458964E+001
-6.01426294027E+001
-6.01864893445E+001
-6.02043804543E+001
-6.01933221782E+001
-6.01650467706E+001
-6.01591586960E+001
-6.01616147679E+001
-6.01472805757E+001
-6.01661274862E+001
-6.01590127478E+001
-6.01716987317E+001
-6.01889888799E+001
-6.01907229290E+001
-6.02111737516E+001
-6.02164036398E+001
-6.02221153782E+001
-6.02358463536E+001
-6.02634493456E+001
-6.02838998574E+001
-6.03465685114E+001
-6.03475933872E+001
-6.03296287181E+001
-6.03631848217E+001
-6.03719265632E+001
-6.03838618036E+001
-6.03615562526E+001
-6.03753781099E+001
-6.03662077887E+001
-6.03166746875E+001
-6.02988813690E+001
-6.02774700330E+001
-6.02801012148E+001
-6.02648420766E+001
-6.02672036403E+001
-6.02516895642E+001
-6.02675911849E+001
-6.02658171575E+001
-6.02262865943E+001
-6.01869071531E+001
-6.02228606888E+001
-6.02233677737E+001
-6.02463273161E+001
-6.02414172707E+001
-6.02470583575E+001
-6.02442442790E+001
-6.02233989275E+001
-6.02698379271E+001
-6.02882685725E+001
-6.02694954311E+001
-6.02699289276E+001
-6.03219237441E+001
-6.03684655361E+001
-6.03667495931E+001
-6.03883669613E+001
-6.04152782200E+001
-6.04055563497E+001
-6.03855226019E+001
-6.04162465520E+001
-6.04248547853E+001
-6.04010060286E+001
-6.04042241182E+001
-6.04082761451E+001
-6.04176696787E+001
-6.04342877300E+001
-6.04466086134E+001
-6.04077463173E+001
-6.04224236272E+001
-6.04364691074E+001
-6.04712606378E+001
-6.04600238934E+001
-6.04633545303E+001
-6.04592287311E+001
-6.04557574174E+001
-6.04911884019E+001
-6.04940579148E+001
-6.04628585246E+001
-6.04906558313E+001
-6.04907789861E+001
-6.04887072382E+001
-6.05341419367E+001
-6.05803664564E+001
-6.05606556634E+001
-6.05478045042E+001
-6.05111708564E+001
-6.04798746983E+001
-6.04830228073E+001
-6.04958711333E+001
-6.04840598044E+001
-6.04707998372E+001
-6.04414497024E+001
-6.04535600465E+001
-6.04849173753E+001
-6.04491589921E+001
-6.04106554762E+001
-6.04086904588E+001
-6.04204191727E+001
-6.04132825480E+001
-6.04128896218E+001
-6.04193566059E+001
-6.04329096589E+001
-6.04208653046E+001
-6.04170794211E+001
-6.04415881586E+001
-6.04533098026E+001
-6.04575475969E+001
-6.04519866588E+001
-6.04225869537E+001
-6.04464561039E+001
-6.04326344556E+001
-6.04119228851E+001
-6.04225402609E+001
-6.04334219074E+001
-6.04669332470E+001
-6.04846319178E+001
-6.04489553231E+001
-6.04227421885E+001
-6.04164386963E+001
-6.03939187033E+001
-6.04236684965E+001
-6.04021622076E+001
-6.04303827483E+001
-6.04159416456E+001
-6.04293659419E+001
-6.04153500332E+001
-6.04253135752E+001
-6.04494419533E+001
-6.04438327144E+001
-6.04241260101E+001
-6.04327374293E+001
-6.04348349539E+001
-6.04278908178E+001
-6.04156672349E+001
-6.04136735219E+001
-6.04027498291E+001
-6.04091879907E+001
-6.03817961936E+001
-6.04002865528E+001
-6.03942317314E+001
-6.03907564817E+001
-6.04009705631E+001
-6.03592720018E+001
-6.03714787665E+001
-6.03625588038E+001
-6.03406007765E+001
-6.03735208492E+001
-6.03169019711E+001
-6.02953593017E+001
-6.03074188639E+001
-6.03061127066E+001
-6.02631919636E+001
-6.02155562482E+001
-6.02407458053E+001
-6.02182990713E+001
-6.01974289592E+001
-6.01746092651E+001
-6.02197100622E+001
-6.02075651557E+001
-6.02031540970E+001
-6.01880063448E+001
-6.01445403665E+001
-6.01247537328E+001
-6.01226028414E+001
-6.00849069336E+001
-6.00632379406E+001
-6.00637135903E+001
-6.00663377214E+001
-6.00509419355E+001
-6.00134256569E+001
-5.99755327414E+001
-5.99442492629E+001
-5.98972740028E+001
-5.99016587750E+001
-5.99213085071E+001
-5.99074807639E+001
-5.99110316309E+001
-5.98932554961E+001
-5.99085571788E+001
-5.99089613232E+001
-5.99220847158E+001
-5.99031568650E+001
-5.99311800752E+001
-5.99690903463E+001
-5.99382271433E+001
-5.99431473792E+001
-5.99910331626E+001
-6.00033936554E+001
-5.99682189712E+001
-5.99874337473E+001
-5.99835964839E+001
-5.99837397000E+001
-5.99467304867E+001
-5.99290789604E+001
-5.99274924567E+001
-5.99611368583E+001
-5.99378512723E+001
-5.99465282483E+001
-5.99400398276E+001
-5.99082728139E+001
-5.98758300593E+001
-5.98929125195E+001
-5.98679243734E+001
-5.98339272953E+001
-5.98073657691E+001
-5.98045168693E+001
-5.97735144618E+001
-5.97652262620E+001
-5.98085910595E+001
-5.98266059133E+001
-5.98019939926E+001
-5.98127003449E+001
-5.97954807529E+001
-5.97757813969E+001
-5.97806599561E+001
-5.97930894705E+001
-5.97844508620E+001
-5.97867564752E+001
-5.98023861807E+001
-5.98134694153E+001
-5.98057247730E+001
-5.97781831392E+001
-5.97485317750E+001
-5.97341232192E+001
-5.97143509195E+001
-5.96964887684E+001
-5.96645597091E+001
-5.96498176819E+001
-5.96523967255E+001
-5.96158755893E+001
-5.96225197590E+001
-5.95953849002E+001
-5.95686783762E+001
-5.95292338836E+001
-5.95298283022E+001
-5.95196453906E+001
-5.95178596125E+001
-5.95235899508E+001
-5.95106910159E+001
-5.94662991211E+001
-5.94685737899E+001
-5.95125994676E+001
-5.95358041800E+001
-5.95217730852E+001
-5.94952320365E+001
-5.95127127978E+001
-5.95183130086E+001
-5.95253278254E+001
-5.94924875952E+001
-5.95033207026E+001
-5.94938710265E+001
-5.94777509064E+001
-5.94746017731E+001
-5.94726953470E+001
-5.94789452375E+001
-5.94338416764E+001
-5.94128319838E+001
-5.94054579934E+001
-5.94132336827E+001
-5.94120372958E+001
-5.93821458314E+001
-5.94222742109E+001
-5.94151650082E+001
-5.94069860424E+001
-5.94306258326E+001
-5.94028537183E+001
-5.93667281446E+001
-5.93751559404E+001
-5.93688937638E+001
-5.93570126821E+001
-5.93582732876E+001
-5.93323403309E+001
-5.93449477127E+001
-5.93099178705E+001
-5.93024712354E+001
-5.92838093737E+001
-5.92809600339E+001
-5.92995428989E+001
-5.93648353564E+001
-5.93509438108E+001
-5.93583443041E+001
-5.93568812621E+001
-5.93545957179E+001
-5.93629513501E+001
-5.93587690410E+001
-5.93496833568E+001
-5.93988130252E+001
-5.93969737390E+001
-5.94232091875E+001
-5.94074855534E+001
-5.93851168351E+001
-5.94065907772E+001
-5.93901558428E+001
-5.94163482835E+001
-5.94087571527E+001
-5.94179856470E+001
-5.93978913581E+001
-5.93779503996E+001
-5.93981434259E+001
-5.94000684863E+001
-5.94073897042E+001
-5.94382186994E+001
-5.94455499860E+001
-5.94482859376E+001
-5.94113993121E+001
-5.93830671557E+001
-5.93610820166E+001
-5.93591309224E+001
-5.93463924766E+001
-5.93629237434E+001
-5.93684039366E+001
-5.93930038295E+001
-5.93900717021E+001
-5.94131147080E+001
-5.93949414633E+001
-5.93902191679E+001
-5.94005526080E+001
-5.94043675447E+001
-5.94185818975E+001
-5.94462673725E+001
-5.94681674914E+001
-5.94832270463E+001
-5.95048920053E+001
-5.95350989001E+001
-5.95456281294E+001
-5.95009636693E+001
-5.94940436464E+001
-5.94845566727E+001
-5.94805574348E+001
-5.94706207276E+001
-5.94485077293E+001
-5.94817451875E+001
-5.94712833321E+001
-5.94336124851E+001
-5.93994289172E+001
-5.94124915011E+001
-5.94052190943E+001
-5.93918513101E+001
-5.93890460485E+001
-5.94206974007E+001
-5.94103199602E+001
-5.93919798132E+001
-5.93704883826E+001
-5.93780034937E+001
-5.94006830394E+001
-5.94198874771E+001
-5.93898366905E+001
-5.94464141549E+001
-5.94544783714E+001
-5.94722040273E+001
-5.94737397577E+001
-5.95378830126E+001
-5.95086031603E+001
-5.95388871049E+001
-5.96577344792E+001
-5.96386901132E+001
-5.96515787543E+001
-5.96598631481E+001
-5.96548202043E+001
-5.96158642523E+001
-5.96137167856E+001
-5.96088352231E+001
-5.95811406985E+001
-5.95872479547E+001
-5.96239214007E+001
-5.96161295426E+001
-5.95986971861E+001
-5.95894936984E+001
-5.95993842952E+001
-5.95762021974E+001
-5.95605100260E+001
-5.95753869787E+001
-5.96368067742E+001
-5.96646362696E+001
-5.96837524494E+001
-5.96876110642E+001
-5.97271069711E+001
-5.97383036145E+001
-5.97244486496E+001
-5.97279112838E+001
-5.97060335993E+001
-5.97001411997E+001
-5.97181848828E+001
-5.97170795259E+001
-5.97082000617E+001
-5.97048415091E+001
-5.97165557554E+001
-5.97142442766E+001
-5.97200813560E+001
-5.97232395081E+001
-5.97172113406E+001
-5.97151306940E+001
-5.96742858413E+001
-5.96627113068E+001
-5.96739795115E+001
-5.96747974004E+001
-5.96862176659E+001
-5.96647896205E+001
-5.96543276144E+001
-5.96524541380E+001
-5.96016065667E+001
-5.96026911113E+001
-5.95923847430E+001
-5.95816776477E+001
-5.95741457903E+001
-5.95772337252E+001
-5.95938233330E+001
-5.96055960777E+001
-5.96274261413E+001
-5.96095695213E+001
-5.96072913761E+001
-5.96344307114E+001
-5.95987315861E+001
-5.96226748959E+001
-5.96319571204E+001
-5.96235869814E+001
-5.96808404969E+001
-5.96907747228E+001
-5.96899353614E+001
-5.96909203400E+001
-5.96768413951E+001
-5.96808179504E+001
-5.96763306035E+001
-5.96491811324E+001
-5.96487025243E+001
-5.96631779162E+001
-5.96807659883E+001
-5.96932604086E+001
-5.96617181484E+001
-5.95787764090E+001
-5.96115345537E+001
-5.96204798258E+001
-5.96281061668E+001
-5.96509219984E+001
-5.96254446408E+001
-5.96419719091E+001
-5.96640272015E+001
-5.96090846559E+001
-5.96946547674E+001
-5.97162512870E+001
-5.97233752028E+001
-5.97419763858E+001
-5.97085704835E+001
-5.97159243138E+001
-5.97254953424E+001
-5.97395427656E+001
-5.97411706623E+001
-5.97491666267E+001
-5.97387958256E+001
-5.97529955400E+001
-5.97559692689E+001
-5.97526705702E+001
-5.97445610901E+001
-5.97704002639E+001
-5.97690174205E+001
-5.98194356131E+001
-5.98271755037E+001
-5.98341294200E+001
-5.98759443538E+001
-5.98600335445E+001
-5.98555658216E+001
-5.98547287066E+001
-5.98528016774E+001
-5.98789976947E+001
-5.98984926318E+001
-5.99124052849E+001
-5.99784198571E+001
-5.99612092955E+001
-5.99803343562E+001
-5.99948790267E+001
-5.99796721919E+001
-5.99397812876E+001
-5.99512845772E+001
-5.99323357050E+001
-5.99027856474E+001
-5.99106245625E+001
-5.99574275433E+001
-5.99592966397E+001
-5.99712792862E+001
-5.99653833976E+001
-5.99407414329E+001
-5.99700526878E+001
-5.99424126028E+001
-5.99575935051E+001
-5.99692627049E+001
-5.99790200032E+001
-5.99938115431E+001
-6.00051222485E+001
-5.99835116713E+001
-5.99883869694E+001
-5.99776491978E+001
-6.00082336512E+001
-6.00167728577E+001
-6.00304915326E+001
-6.00448010569E+001
-6.00195814866E+001
-5.99734725478E+001
-5.99932463461E+001
-5.99489083632E+001
-5.99276004513E+001
-5.98963453652E+001
-5.99047023772E+001
-5.98457480454E+001
-5.98463925696E+001
-5.98311588859E+001
-5.97279206451E+001
-5.97375403457E+001
-5.97448714738E+001
-5.97417470811E+001
-5.97344436414E+001
-5.97411704480E+001
-5.97408612818E+001
-5.97331734576E+001
-5.97339102894E+001
-5.97459623651E+001
-5.97394057940E+001
-5.97386305767E+001
-5.97500262157E+001
-5.97747991495E+001
-5.98009180353E+001
-5.98219480756E+001
-5.98368046107E+001
-5.98139947233E+001
-5.97629453827E+001
-5.97642376843E+001
-5.97573338013E+001
-5.97743144963E+001
-5.98124610970E+001
-5.98068037623E+001
-5.98503696226E+001
-5.99078952469E+001
-5.99102299162E+001
-5.99058175208E+001
-5.98979325783E+001
-5.98884781630E+001
-5.99104029099E+001
-5.99327669336E+001
-5.99389069362E+001
-5.99355259054E+001
-5.99126358467E+001
-5.99045302232E+001
-5.98989539692E+001
-5.98874285718E+001
-5.99074582552E+001
-5.99035179637E+001
-5.99252420347E+001
-5.99238947029E+001
-5.99008903468E+001
-5.99018690939E+001
-5.98891137547E+001
-5.99003778787E+001
-5.99140187837E+001
-5.99389443869E+001
-5.99662812695E+001
-5.99761369985E+001
-5.99738419504E+001
-5.99862484635E+001
-5.99794477014E+001
-5.99517770254E+001
-5.99292451652E+001
-5.99178843946E+001
-5.99043717123E+001
-5.98714224503E+001
-5.98756139163E+001
-5.98690660450E+001
-5.98765781595E+001
-5.98485252666E+001
-5.97998276892E+001
-5.97939622264E+001
-5.98215219216E+001
-5.98833513474E+001
-5.98866361751E+001
-5.98989418529E+001
-5.99006930160E+001
-5.99398749952E+001
-5.99839769277E+001
-5.99665008641E+001
-5.99641641604E+001
-5.99416387052E+001
-5.99603639409E+001
-5.99716135437E+001
-5.99686231511E+001
-5.99559059098E+001
-5.99348779854E+001
-5.99532583515E+001
-5.99639812166E+001
-5.99471166675E+001
-5.99207860334E+001
-5.99448526878E+001
-5.99169834025E+001
-5.98827859779E+001
-5.98783378361E+001
-5.98881045374E+001
-5.98561361542E+001
-5.99085905459E+001
-5.98939414254E+001
-5.98718143074E+001
-5.98840165697E+001
-5.98910548447E+001
-5.99109157870E+001
-5.98919767554E+001
-5.98857185535E+001
-5.98861829212E+001
-5.98791939250E+001
-5.98388413134E+001
-5.98584030187E+001
-5.98078076170E+001
-5.98573557406E+001
-5.98695487017E+001
-5.98397035727E+001
-5.98311927918E+001
-5.98043351654E+001
-5.98092074834E+001
-5.98107999451E+001
-5.98154808052E+001
-5.98036494552E+001
-5.97894027800E+001
-5.97249943746E+001
-5.97525538132E+001
-5.97197711037E+001
-5.96878042612E+001
-5.97086496752E+001
-5.97271505015E+001
-5.97450312826E+001
-5.97646638638E+001
-5.97899872809E+001
-5.97888915238E+001
-5.97550652287E+001
-5.97367523978E+001
-5.97344469937E+001
-5.97979917117E+001
-5.98246398659E+001
-5.97907225230E+001
-5.98192453728E+001
-5.98507228315E+001
-5.98582698552E+001
-5.98717778796E+001
-5.98848631524E+001
-5.98835598740E+001
-5.98751379547E+001
-5.98715555580E+001
-5.98757212891E+001
-5.98586329137E+001
-5.98659166073E+001
-5.98872694067E+001
-5.99310679124E+001
-5.99605933488E+001
-5.99947328317E+001
-6.00175779062E+001
-6.00383975851E+001
-6.00636991657E+001
-6.00814672816E+001
-6.00788198481E+001
-6.00925287956E+001
-6.01127270834E+001
-6.01128409605E+001
-6.01342155621E+001
-6.01502312860E+001
-6.01499266936E+001
-6.01714579173E+001
-6.01713020187E+001
-6.01933653200E+001
-6.02285935203E+001
-6.02528783595E+001
-6.02981118437E+001
-6.03503829025E+001
-6.03512141724E+001
-6.03630554913E+001
-6.03765578368E+001
-6.03640172980E+001
-6.03146973025E+001
-6.03310229285E+001
-6.03310636433E+001
-6.03282479754E+001
-6.03089211800E+001
-6.03201699238E+001
-6.03136806311E+001
-6.02860285273E+001
-6.02376493069E+001
-6.02170546729E+001
-6.02165677837E+001
-6.02015021775E+001
-6.02046431315E+001
-6.02185244660E+001
-6.02118394161E+001
-6.02358208822E+001
-6.02522070542E+001
-6.02620552861E+001
-6.02758275549E+001
-6.03153695794E+001
-6.03597487323E+001
-6.03609892705E+001
-6.04209208495E+001
-6.04172048531E+001
-6.04427358678E+001
-6.04544472565E+001
-6.04104346129E+001
-6.04219808056E+001
-6.04360034851E+001
-6.04566654665E+001
-6.04895697731E+001
-6.04831040539E+001
-6.04852304438E+001
-6.05176366359E+001
-6.05046074133E+001
-6.05332997981E+001
-6.05517768831E+001
-6.06108339943E+001
-6.06917234590E+001
-6.07346443328E+001
-6.07355293350E+001
-6.07515123803E+001
-6.08289372079E+001
-6.08548679891E+001
-6.08697157692E+001
-6.08738259677E+001
-6.08764551753E+001
-6.08967091838E+001
-6.09331810678E+001
-6.09470133456E+001
-6.09950311833E+001
-6.09329268870E+001
-6.09466259496E+001
-6.09446599645E+001
-6.09243713393E+001
-6.09655821845E+001
-6.09325955701E+001
-6.09579681107E+001
-6.09444151904E+001
-6.09769023464E+001
-6.09770223877E+001
-6.09942154135E+001
-6.09826373506E+001
-6.10325529310E+001
-6.10369793849E+001
-6.10161598427E+001
-6.10044499118E+001
-6.10351466096E+001
-6.10865732396E+001
-6.10725081690E+001
-6.10385295296E+001
-6.11277338546E+001
-6.11268044823E+001
-6.11449495377E+001
-6.11656462072E+001
-6.11345877032E+001
-6.11574251273E+001
-6.11742042846E+001
-6.11565965956E+001
-6.11718700874E+001
-6.11949267321E+001
-6.12180076861E+001
-6.12376727249E+001
-6.12462497147E+001
-6.12753075998E+001
-6.13016111790E+001
-6.13037350642E+001
-6.13163162222E+001
-6.12861288365E+001
-6.13022614801E+001
-6.12872424766E+001
-6.13592113167E+001
-6.14144919039E+001
-6.13957755879E+001
-6.14179378275E+001
-6.14142865570E+001
-6.14009447526E+001
-6.14222264128E+001
-6.14456430944E+001
-6.14858390387E+001
-6.15031105443E+001
-6.15077729106E+001
-6.15185164812E+001
-6.15359140959E+001
-6.15127914917E+001
-6.15140715354E+001
-6.15215293891E+001
-6.15220970455E+001
-6.15330684725E+001
-6.15543232526E+001
-6.15750607840E+001
-6.15468264863E+001
-6.15427594608E+001
-6.15707904190E+001
-6.15531800088E+001
-6.15091492955E+001
-6.15448016433E+001
-6.15310133681E+001
-6.14941502378E+001
-6.15144847739E+001
-6.15263096558E+001
-6.15187561675E+001
-6.15178578360E+001
-6.14960022308E+001
-6.14945399646E+001
-6.14964216141E+001
-6.14656750985E+001
-6.14382718469E+001
-6.14108033618E+001
-6.14274922956E+001
-6.14074518258E+001
-6.13966031178E+001
-6.13970068076E+001
-6.14209343437E+001
-6.14440637872E+001
-6.14189140972E+001
-6.14181248905E+001
-6.14266374432E+001
-6.14259207305E+001
-6.14116962235E+001
-6.14027361450E+001
-6.14073511438E+001
-6.14200025236E+001
-6.13937282690E+001
-6.14056597119E+001
-6.13868791454E+001
-6.13341665284E+001
-6.13009639319E+001
-6.13057072821E+001
-6.12935925373E+001
-6.12831642818E+001
-6.12841990492E+001
-6.12998356307E+001
-6.12690376995E+001
-6.13091521755E+001
-6.13664029652E+001
-6.13549053851E+001
-6.13934391363E+001
-6.14033515869E+001
-6.13987585260E+001
-6.14240164508E+001
-6.14020930664E+001
-6.13469747634E+001
-6.13590153568E+001
-6.13551539573E+001
-6.13637950507E+001
-6.13460411881E+001
-6.13071774549E+001
-6.13442753948E+001
-6.13426743496E+001
-6.13279840189E+001
-6.13122045270E+001
-6.13205945255E+001
-6.12807364058E+001
-6.12956615176E+001
-6.12574071154E+001
-6.12635450832E+001
-6.12645991993E+001
-6.12574663066E+001
-6.12400869337E+001
-6.12696552731E+001
-6.12867499123E+001
-6.12879477110E+001
-6.12942122215E+001
-6.12288902969E+001
-6.12377785730E+001
-6.12067532864E+001
-6.12202156039E+001
-6.11514397344E+001
-6.10771983500E+001
-6.10446069918E+001
-6.10653272186E+001
-6.10669453990E+001
-6.10246541435E+001
-6.10075690653E+001
-6.09949843436E+001
-6.09822640585E+001
-6.09655081551E+001
-6.09662161953E+001
-6.09095062488E+001
-6.09218971679E+001
-6.08904535273E+001
-6.09218533281E+001
-6.09348365361E+001
-6.09281936297E+001
-6.09612763537E+001
-6.08903391703E+001
-6.08859973070E+001
-6.08656323241E+001
-6.08502711569E+001
-6.08384813899E+001
-6.08368644530E+001
-6.08793937415E+001
-6.09155935631E+001
-6.08880441728E+001
-6.08919445085E+001
-6.08828887206E+001
-6.09039955503E+001
-6.08722091782E+001
-6.08498288252E+001
-6.08524918234E+001
-6.08888644610E+001
-6.08612588420E+001
-6.08579373727E+001
-6.08355440165E+001
-6.08664524112E+001
-6.08804511234E+001
-6.08851073279E+001
-6.08770080598E+001
-6.08820234205E+001
-6.09223368657E+001
-6.09041093025E+001
-6.09302345413E+001
-6.09806897364E+001
-6.09632402536E+001
-6.09882702530E+001
-6.09830798535E+001
-6.09611667705E+001
-6.09865825213E+001
-6.10113269609E+001
-6.09667361517E+001
-6.09996391596E+001
-6.09690934781E+001
-6.09471616701E+001
-6.09798240171E+001
-6.09972797169E+001
-6.10269329603E+001
-6.10370252102E+001
-6.10910064264E+001
-6.11861093890E+001
-6.11584856373E+001
-6.11733527752E+001
-6.11781288221E+001
-6.11552637542E+001
-6.11376811809E+001
-6.11378302796E+001
-6.11302329443E+001
-6.10957687217E+001
-6.10933872587E+001
-6.11050068654E+001
-6.11228604924E+001
-6.11250456149E+001
-6.11077158193E+001
-6.11117786483E+001
-6.10926318798E+001
-6.10639658608E+001
-6.10939197091E+001
-6.10555625371E+001
-6.10599157779E+001
-6.10546691574E+001
-6.10717686848E+001
-6.10914955250E+001
-6.11051039581E+001
-6.10991425854E+001
-6.11305313200E+001
-6.11378399712E+001
-6.11092463109E+001
-6.10746137856E+001
-6.10724325040E+001
-6.11079412167E+001
-6.10707650729E+001
-6.10914869953E+001
-6.10906341258E+001
-6.11226471777E+001
-6.11038957935E+001
-6.10880464505E+001
-6.11184957532E+001
-6.11414265673E+001
-6.10988220835E+001
-6.11116801914E+001
-6.11401368859E+001
-6.11425343932E+001
-6.11768407497E+001
-6.11544808900E+001
-6.11489396668E+001
-6.11391761857E+001
-6.11239092398E+001
-6.11053843120E+001
-6.11661476936E+001
-6.11515180220E+001
-6.11619137684E+001
-6.11549303749E+001
-6.11484964806E+001
-6.10915626003E+001
-6.11670696422E+001
-6.11409066875E+001
-6.10838760150E+001
-6.10736798959E+001
-6.10452869132E+001
-6.10256222193E+001
-6.10474949099E+001
-6.10132922336E+001
-6.10493461886E+001
-6.10661622946E+001
-6.10807474975E+001
-6.10753845894E+001
-6.11120220431E+001
-6.12044528254E+001
-6.12407011916E+001
-6.11988940020E+001
-6.12036259576E+001
-6.12125802125E+001
-6.12304686582E+001
-6.12418056777E+001
-6.12488101472E+001
-6.12421205031E+001
-6.12577876286E+001
-6.12511299037E+001
-6.12678215159E+001
-6.12408593512E+001
-6.12835979604E+001
-6.12630521334E+001
-6.12413617812E+001
-6.12292474507E+001
-6.12184768872E+001
-6.12363915278E+001
-6.12324786614E+001
-6.12438655173E+001
-6.12582721961E+001
-6.12611308889E+001
-6.13175777729E+001
-6.13306945834E+001
-6.13092785622E+001
-6.13158204580E+001
-6.13021821982E+001
-6.13037322520E+001
-6.13502528117E+001
-6.13639781148E+001
-6.13998632352E+001
-6.13952713505E+001
-6.14505808479E+001
-6.14320864058E+001
-6.13941091288E+001
-6.13591185039E+001
-6.13529082222E+001
-6.13562843109E+001
-6.13492112538E+001
-6.13802514331E+001
-6.13980373221E+001
-6.14291374751E+001
-6.14874314868E+001
-6.14868172595E+001
-6.14683219471E+001
-6.14871390672E+001
-6.14396045611E+001
-6.14511334204E+001
-6.14728964683E+001
-6.14820342072E+001
-6.15058784261E+001
-6.15400516513E+001
-6.15181057726E+001
-6.15663489045E+001
-6.15409787133E+001
-6.15250713753E+001
-6.15268532975E+001
-6.15403341064E+001
-6.15186107679E+001
-6.14797909109E+001
-6.14549659427E+001
-6.14508108340E+001
-6.14722109622E+001
-6.14672096420E+001
-6.15056876989E+001
-6.14974289951E+001
-6.14290437505E+001
-6.14298948181E+001
-6.13765219679E+001
-6.13875261462E+001
-6.14633849240E+001
-6.14145516370E+001
-6.13835542500E+001
-6.14475473213E+001
-6.14243035045E+001
-6.13960800539E+001
-6.14443572837E+001
-6.14269281471E+001
-6.14515913580E+001
-6.14135415772E+001
-6.13979831556E+001
-6.13589570428E+001
-6.12501749586E+001
-6.12152689085E+001
-6.11912707569E+001
-6.12026678488E+001
-6.12235467088E+001
-6.12408037987E+001
-6.12513734900E+001
-6.12885972091E+001
-6.13016123965E+001
-6.13018498356E+001
-6.12928949722E+001
-6.12620024234E+001
-6.13211870872E+001
-6.13397456359E+001
-6.13916896143E+001
-6.13914959067E+001
-6.14231772387E+001
-6.14209716673E+001
-6.14044413765E+001
-6.13960282317E+001
-6.14229273594E+001
-6.13968471950E+001
-6.13844208771E+001
-6.13963471937E+001
-6.13969884375E+001
-6.13976532763E+001
-6.13945344667E+001
-6.15354968404E+001
-6.15381252719E+001
-6.15702579689E+001
-6.15586625086E+001
-6.15501624627E+001
-6.15283391014E+001
-6.15450450578E+001
-6.15439583268E+001
-6.15637760783E+001
-6.15890253732E+001
-6.16041644172E+001
-6.15881203399E+001
-6.15984772312E+001
-6.16137831999E+001
-6.15877155686E+001
-6.15950829349E+001
-6.15517114389E+001
-6.15510823985E+001
-6.15645292792E+001
-6.15637345671E+001
-6.15918382991E+001
-6.16266621793E+001
-6.16024690173E+001
-6.16265990149E+001
-6.16171247612E+001
-6.16346894837E+001
-6.16403372337E+001
-6.16646841876E+001
-6.16199724047E+001
-6.16739593411E+001
-6.17144675042E+001
-6.17484391436E+001
-6.17403502915E+001
-6.17563647770E+001
-6.17194912170E+001
-6.17589128662E+001
-6.17502696752E+001
-6.17592600439E+001
-6.17413195891E+001
-6.17445276195E+001
-6.17094161457E+001
-6.16330515388E+001
-6.16205438930E+001
-6.16028663111E+001
-6.15817820514E+001
-6.15732010199E+001
-6.15645587609E+001
-6.15289141666E+001
-6.15747856855E+001
-6.15893180968E+001
-6.15590166923E+001
-6.15776428236E+001
-6.15894776672E+001
-6.16152701239E+001
-6.16105811828E+001
-6.15989557137E+001
-6.15997583576E+001
-6.16031850873E+001
-6.16465683429E+001
-6.16321366419E+001
-6.16538725900E+001
-6.16512143769E+001
-6.16314751419E+001
-6.16426714080E+001
-6.15898725152E+001
-6.15714943253E+001
-6.16092745892E+001
-6.15940283977E+001
-6.16323856826E+001
-6.16437375752E+001
-6.16282983368E+001
-6.16458111233E+001
-6.16333529117E+001
-6.16306451163E+001
-6.16024579443E+001
-6.16019639019E+001
-6.16216934313E+001
-6.16600324909E+001
-6.16695267000E+001
-6.16571414568E+001
-6.16480634393E+001
-6.16343203451E+001
-6.15989113916E+001
-6.15615118830E+001
-6.15800121825E+001
-6.16139712366E+001
-6.16359587196E+001
-6.15604801763E+001
-6.15723660358E+001
-6.15612051003E+001
-6.15583555959E+001
-6.15758925399E+001
-6.16079553296E+001
-6.15695756971E+001
-6.15744667751E+001
-6.15732872445E+001
-6.15459895899E+001
-6.15181953177E+001
-6.15065908417E+001
-6.14869766027E+001
-6.15090807486E+001
-6.15247996412E+001
-6.15184264917E+001
-6.15466632256E+001
-6.15217300291E+001
-6.14772871932E+001
-6.14133684434E+001
-6.13859048158E+001
-6.13762200964E+001
-6.13774868156E+001
-6.13884987231E+001
-6.13976203977E+001
-6.13436227246E+001
-6.13437815011E+001
-6.13560693698E+001
-6.13202468012E+001
-6.13627772434E+001
-6.14057164845E+001
-6.13648938650E+001
-6.13469447932E+001
-6.13009291806E+001
-6.12673240013E+001
-6.12602345864E+001
-6.12280439690E+001
-6.12218534381E+001
-6.12379491097E+001
-6.12475718247E+001
-6.13069443697E+001
-6.13263559663E+001
-6.13444732412E+001
-6.13359767358E+001
-6.13146433325E+001
-6.13016305623E+001
-6.12974347262E+001
-6.12741298658E+001
-6.12892109002E+001
-6.12222718626E+001
-6.11895636182E+001
-6.11338297548E+001
-6.11348712578E+001
-6.11365842414E+001
-6.11140372728E+001
-6.11537983733E+001
-6.11512884993E+001
-6.11874998904E+001
-6.11889868372E+001
-6.12168901594E+001
-6.12165961696E+001
-6.12303567097E+001
-6.12200228314E+001
-6.12441909894E+001
-6.11192000089E+001
-6.11200822340E+001
-6.11063245130E+001
-6.10861513181E+001
-6.10962854845E+001
-6.10884989039E+001
-6.10670781847E+001
-6.10833897931E+001
-6.10740334768E+001
-6.10589749052E+001
-6.10631718348E+001
-6.10409064578E+001
-6.10276857571E+001
-6.09967891244E+001
-6.10111494496E+001
-6.10181493261E+001
-6.10246673566E+001
-6.10227943808E+001
-6.10652724731E+001
-6.10942049561E+001
-6.10914129673E+001
-6.10599898750E+001
-6.10573213262E+001
-6.10579764754E+001
-6.10437702573E+001
-6.10569232695E+001
-6.10794629174E+001
-6.10929033608E+001
-6.10831997252E+001
-6.10143297072E+001
-6.09651669082E+001
-6.08973131102E+001
-6.08788083551E+001
-6.08480626819E+001
-6.08155122444E+001
-6.07657358077E+001
-6.07109755340E+001
-6.06802396309E+001
-6.06422388286E+001
-6.05995222189E+001
-6.05692110816E+001
-6.05283226523E+001
-6.04751786203E+001
-6.04596440287E+001
-6.04246288741E+001
-6.03875219719E+001
-6.03349736728E+001
-6.03285011478E+001
-6.02387230359E+001
-6.01983375054E+001
-6.01902836747E+001
-6.01468382939E+001
-6.00997780479E+001
-6.00598640117E+001
-5.99859587043E+001
-5.99549051457E+001
-5.99060579606E+001
-5.98696606886E+001
-5.98036386001E+001
-5.98008030557E+001
-5.97366782421E+001
-5.97031323658E+001
-5.96696103914E+001
-5.96214207332E+001
-5.95887680427E+001
-5.95592694902E+001
-5.95139716420E+001
-5.94936381012E+001
-5.94165794489E+001
-5.93774054498E+001
-5.93256225361E+001
-5.92693520523E+001
-5.92176063076E+001
-5.91858927599E+001
-5.91387191665E+001
-5.91123521692E+001
-5.90390279779E+001
-5.89925903634E+001
-5.89358506975E+001
-5.89165010334E+001
-5.88770030421E+001
-5.88459593048E+001
-5.88273394794E+001
-5.88202751326E+001
-5.87272856962E+001
-5.86548899210E+001
-5.86044937188E+001
-5.85836944439E+001
-5.85618798016E+001
-5.85218285475E+001
-5.84738724812E+001
-5.84126980571E+001
-5.83032070460E+001
-5.82849208717E+001
-5.82557003977E+001
-5.81993810013E+001
-5.81799997031E+001
-5.81423947971E+001
-5.81093299443E+001
-5.80887391939E+001
-5.80150395796E+001
-5.79718288471E+001
-5.79532733161E+001
-5.79043789670E+001
-5.78714842264E+001
-5.78380554006E+001
-5.78154750607E+001
-5.77890566451E+001
-5.77743040744E+001
-5.77331855146E+001
-5.76867493548E+001
-5.76367961235E+001
-5.75943346410E+001
-5.75557906964E+001
-5.75029911639E+001
-5.74644813899E+001
-5.74101829356E+001
-5.73500852917E+001
-5.73024027339E+001
-5.72717859089E+001
-5.72137335205E+001
-5.72117850831E+001
-5.71733151840E+001
-5.71546547847E+001
-5.71512817911E+001
-5.71014713410E+001
-5.70588823411E+001
-5.69515217072E+001
-5.69076538523E+001
-5.68683368802E+001
-5.68390313040E+001
-5.67852355095E+001
-5.67481529828E+001
-5.67295273509E+001
-5.67130001431E+001
-5.66867993112E+001
-5.66411405076E+001
-5.66243268078E+001
-5.65878127732E+001
-5.65550343973E+001
-5.65129553986E+001
-5.64979267690E+001
-5.64785014030E+001
-5.64641740123E+001
-5.63824321204E+001
-5.63454371824E+001
-5.62811790622E+001
-5.62119470142E+001
-5.62004588077E+001
-5.61444385400E+001
-5.60911671878E+001
-5.60585975722E+001
-5.60290374407E+001
-5.59735544471E+001
-5.59621476490E+001
-5.59297830980E+001
-5.59166929298E+001
-5.58911471527E+001
-5.58134697464E+001
-5.57614643961E+001
-5.57259287011E+001
-5.56787162829E+001
-5.56545714616E+001
-5.56198999838E+001
-5.55705107803E+001
-5.55239693850E+001
-5.54620740115E+001
-5.54165472576E+001
-5.53909862241E+001
-5.53113354254E+001
-5.52504165990E+001
-5.51968469146E+001
-5.51903818278E+001
-5.51439386919E+001
-5.51042755614E+001
-5.50746820840E+001
-5.50108555360E+001
-5.49706743251E+001
-5.49236957871E+001
-5.49056808305E+001
-5.48953836439E+001
-5.48912355410E+001
-5.48964404314E+001
-5.48967714710E+001
-5.49060310430E+001
-5.49417628162E+001
-5.49571806176E+001
-5.49531699567E+001
-5.49367018477E+001
-5.49644858810E+001
-5.49627915117E+001
-5.49630976818E+001
-5.49619032254E+001
-5.49745459507E+001
-5.49947022615E+001
-5.50077233560E+001
-5.49891863862E+001
-5.49965918923E+001
-5.50021515792E+001
-5.49873088324E+001
-5.49827709678E+001
-5.49829767183E+001
-5.49791044225E+001
-5.49630386990E+001
-5.49535384460E+001
-5.49755134533E+001
-5.49924718164E+001
-5.49959532472E+001
-5.50153229819E+001
-5.50189503672E+001
-5.49872296549E+001
-5.49917974110E+001
-5.50053438443E+001
-5.50011725554E+001
-5.50104817313E+001
-5.49966364878E+001
-5.49966772989E+001
-5.49811357550E+001
-5.49752461707E+001
-5.49884794834E+001
-5.49945290292E+001
-5.49930618530E+001
-5.50052422706E+001
-5.50022906264E+001
-5.49930342947E+001
-5.49915574918E+001
-5.50056878299E+001
-5.50379111698E+001
-5.50296557164E+001
-5.50335796062E+001
-5.50316776743E+001
-5.50347682439E+001
-5.50383648402E+001
-5.50469724962E+001
-5.50281729908E+001
-5.50451620667E+001
-5.50472137854E+001
-5.50683271048E+001
-5.50826700619E+001
-5.50729703496E+001
-5.50740747191E+001
-5.50774127862E+001
-5.50900586044E+001
-5.50960280422E+001
-5.50931457178E+001
-5.50952811284E+001
-5.50895611669E+001
-5.51065681940E+001
-5.51294022270E+001
-5.51404069207E+001
-5.51287857686E+001
-5.51391966331E+001
-5.51555930667E+001
-5.51316810215E+001
-5.51280730275E+001
-5.51358259470E+001
-5.51421563982E+001
-5.51542508689E+001
-5.51429541638E+001
-5.51396637784E+001
-5.51526510840E+001
-5.51547260778E+001
-5.51410887088E+001
-5.51546349079E+001
-5.51665409279E+001
-5.51797692602E+001
-5.51786011498E+001
-5.51754914730E+001
-5.51570081658E+001
-5.51701192615E+001
-5.51663446485E+001
-5.51688477102E+001
-5.51838821934E+001
-5.52158396277E+001
-5.52021957489E+001
-5.51738298064E+001
-5.51895524394E+001
-5.51995752410E+001
-5.52116130072E+001
-5.51968254120E+001
-5.51672545350E+001
-5.51469311629E+001
-5.51531510965E+001
-5.51569612637E+001
-5.51465047148E+001
-5.51335024219E+001
-5.51268347289E+001
-5.51157179200E+001
-5.51280434286E+001
-5.51411675895E+001
-5.51326061734E+001
-5.51295334932E+001
-5.51292490615E+001
-5.51141157593E+001
-5.51038817395E+001
-5.50979286181E+001
-5.50725182039E+001
-5.50655153171E+001
-5.50771521610E+001
-5.50558086107E+001
-5.50613811749E+001
-5.50646172282E+001
-5.50701988534E+001
-5.50796107884E+001
-5.51035577871E+001
-5.50973129422E+001
-5.50883197674E+001
-5.50879249592E+001
-5.50853782330E+001
-5.51000737094E+001
-5.50919952823E+001
-5.50614653615E+001
-5.50369791808E+001
-5.50439702821E+001
-5.50525370937E+001
-5.50774539713E+001
-5.50730220365E+001
-5.50838434614E+001
-5.50888822044E+001
-5.50701442311E+001
-5.50693167240E+001
-5.50565074010E+001
-5.50585805307E+001
-5.50571025835E+001
-5.50505837309E+001
-5.50459105833E+001
-5.50493599159E+001
-5.50630530868E+001
-5.50511700519E+001
-5.50483852867E+001
-5.50368767376E+001
-5.50319519713E+001
-5.50316198418E+001
-5.50409030747E+001
-5.50411647909E+001
-5.50427044695E+001
-5.49961063673E+001
-5.49928918747E+001
-5.49918638855E+001
-5.49965789355E+001
-5.49800079512E+001
-5.49925880575E+001
-5.49930221876E+001
-5.49878707475E+001
-5.49605507083E+001
-5.49321022047E+001
-5.49241340706E+001
-5.49332225126E+001
-5.49363447244E+001
-5.49519026985E+001
-5.49786767612E+001
-5.49853288042E+001
-5.49832379426E+001
-5.49943035711E+001
-5.50190979273E+001
-5.50377114308E+001
-5.50239645257E+001
-5.50223483272E+001
-5.50234956409E+001
-5.50096169912E+001
-5.50074062878E+001
-5.50191839770E+001
-5.50161842587E+001
-5.49901004829E+001
-5.49815536666E+001
-5.49775165638E+001
-5.49658340680E+001
-5.49783134534E+001
-5.49757086831E+001
-5.49817625346E+001
-5.49800075624E+001
-5.49686512552E+001
-5.49607169781E+001
-5.49465329521E+001
-5.49332979924E+001
-5.49345579784E+001
-5.49324479695E+001
-5.49220019358E+001
-5.49004267757E+001
-5.48798248727E+001
-5.48794995329E+001
-5.48561715082E+001
-5.48627526337E+001
-5.48387014005E+001
-5.48323635688E+001
-5.48357366325E+001
-5.48052438352E+001
-5.47999671456E+001
-5.47831051105E+001
-5.47569677988E+001
-5.47553790935E+001
-5.47538572428E+001
-5.47504642123E+001
-5.47374565493E+001
-5.47442743348E+001
-5.47452987401E+001
-5.47448707818E+001
-5.47343065805E+001
-5.47181603041E+001
-5.46735875857E+001
-5.46576615420E+001
-5.46493210175E+001
-5.46500409270E+001
-5.46359533445E+001
-5.46250562990E+001
-5.46163966665E+001
-5.45997209719E+001
-5.46021286719E+001
-5.45914497573E+001
-5.45782803830E+001
-5.45694363222E+001
-5.45529460297E+001
-5.45595589126E+001
-5.45655634009E+001
-5.45445254977E+001
-5.45451552495E+001
-5.45403686848E+001
-5.45266610653E+001
-5.45108400006E+001
-5.44982768750E+001
-5.44912602039E+001
-5.44896512965E+001
-5.44816809280E+001
-5.44590974318E+001
-5.44377344509E+001
-5.44298856371E+001
-5.44317502559E+001
-5.44401824475E+001
-5.44281696050E+001
-5.44003904309E+001
-5.43822571119E+001
-5.43872315688E+001
-5.44000739159E+001
-5.43830787022E+001
-5.43893624664E+001
-5.43752098141E+001
-5.43772295250E+001
-5.43557863743E+001
-5.43705267899E+001
-5.43389369976E+001
-5.43253076863E+001
-5.43132501509E+001
-5.43230152179E+001
-5.43025216350E+001
-5.42819737631E+001
-5.42689884423E+001
-5.42707589895E+001
-5.42819781116E+001
-5.42946989046E+001
-5.42886713854E+001
-5.42734570685E+001
-5.42573052256E+001
-5.42466220811E+001
-5.42276986761E+001
-5.42082231803E+001
-5.41811974323E+001
-5.41791301336E+001
-5.41915433696E+001
-5.41759155808E+001
-5.41814173981E+001
-5.41638395175E+001
-5.41647788578E+001
-5.41723133965E+001
-5.41798131065E+001
-5.41560399704E+001
-5.41654694819E+001
-5.41377474260E+001
-5.41334693752E+001
-5.41161401104E+001
-5.41092167417E+001
-5.41185848899E+001
-5.41100912252E+001
-5.41033307397E+001
-5.40944076074E+001
-5.40860742037E+001
-5.40729358920E+001
-5.40494494486E+001
-5.40465695154E+001
-5.40399154944E+001
-5.40218364522E+001
-5.40075405906E+001
-5.40106465900E+001
-5.39958415560E+001
-5.40003884085E+001
-5.39855379755E+001
-5.39782753055E+001
-5.39830472546E+001
-5.39960098479E+001
-5.39817983470E+001
-5.39823952847E+001
-5.39930855515E+001
-5.39934079093E+001
-5.39858127977E+001
-5.39870716114E+001
-5.39829837967E+001
-5.39869852110E+001
-5.39778886821E+001
-5.39831010694E+001
-5.39792903004E+001
-5.39701719577E+001
-5.39431784204E+001
-5.39178242250E+001
-5.39182828928E+001
-5.39037885939E+001
-5.38750992287E+001
-5.38684476231E+001
-5.38541366235E+001
-5.38654725007E+001
-5.38600563470E+001
-5.38472725035E+001
-5.38479405069E+001
-5.38543197052E+001
-5.38390077867E+001
-5.38456791830E+001
-5.38421960020E+001
-5.38505601324E+001
-5.38455459671E+001
-5.38666444363E+001
-5.38424339877E+001
-5.38295639633E+001
-5.38131742887E+001
-5.37927831116E+001
-5.37861761478E+001
-5.37831543562E+001
-5.37838039524E+001
-5.38018011950E+001
-5.37937159334E+001
-5.37951907756E+001
-5.37923534502E+001
-5.37851594621E+001
-5.37895062356E+001
-5.37842400949E+001
-5.38009501840E+001
-5.37890412962E+001
-5.37831958384E+001
-5.37900134141E+001
-5.37878350476E+001
-5.37847732107E+001
-5.37904001172E+001
-5.37901307062E+001
-5.37899166340E+001
-5.37992546576E+001
-5.37852872241E+001
-5.37854368711E+001
-5.37807174337E+001
-5.37685166900E+001
-5.37664241987E+001
-5.37748089338E+001
-5.37738196565E+001
-5.37703277380E+001
-5.37846137085E+001
-5.37993002465E+001
-5.38063808782E+001
-5.38316731879E+001
-5.38266645011E+001
-5.38520852707E+001
-5.38739138108E+001
-5.38878038126E+001
-5.38945060485E+001
-5.38916048280E+001
-5.38982251445E+001
-5.39208915355E+001
-5.39044277565E+001
-5.38952666282E+001
-5.38924761715E+001
-5.38801781638E+001
-5.38721059000E+001
-5.38672639670E+001
-5.39002355561E+001
-5.39119944603E+001
-5.39274133187E+001
-5.39141027800E+001
-5.39177855492E+001
-5.39310696411E+001
-5.39257894501E+001
-5.39175961129E+001
-5.39230713217E+001
-5.39209398737E+001
-5.39068672124E+001
-5.38916035863E+001
-5.38939484825E+001
-5.38880806136E+001
-5.38938761736E+001
-5.38856718337E+001
-5.38901153003E+001
-5.38873472829E+001
-5.39000596668E+001
-5.38882264938E+001
-5.39070071000E+001
-5.38866524140E+001
-5.38867676700E+001
-5.38947318593E+001
-5.39040292080E+001
-5.38837387297E+001
-5.38885515367E+001
-5.38760147363E+001
-5.38610170035E+001
-5.38655266770E+001
-5.38542411041E+001
-5.38359561514E+001
-5.38337908588E+001
-5.38590790854E+001
-5.38902315032E+001
-5.38860085510E+001
-5.39021468190E+001
-5.38978516505E+001
-5.38968626530E+001
-5.38864482344E+001
-5.38553769221E+001
-5.38633190035E+001
-5.38424784384E+001
-5.38523732388E+001
-5.38589367011E+001
-5.38490020291E+001
-5.38636999903E+001
-5.38769446415E+001
-5.38541577969E+001
-5.38523836541E+001
-5.38724803585E+001
-5.38745015329E+001
-5.38691497975E+001
-5.38747111606E+001
-5.38899391651E+001
-5.38884284669E+001
-5.38939959585E+001
-5.38867771525E+001
-5.39118846795E+001
-5.39322083649E+001
-5.39272704478E+001
-5.39300522850E+001
-5.39400331957E+001
-5.39525064604E+001
-5.39433024976E+001
-5.39528569881E+001
-5.39509485406E+001
-5.39465858626E+001
-5.39457536862E+001
-5.39341620840E+001
-5.39257152766E+001
-5.39245087455E+001
-5.39229962931E+001
-5.39177985262E+001
-5.39003981063E+001
-5.38912506695E+001
-5.38749667326E+001
-5.38916806752E+001
-5.38949230300E+001
-5.39223629671E+001
-5.39029418035E+001
-5.38971418871E+001
-5.38868087270E+001
-5.38768464273E+001
-5.38783310939E+001
-5.38667663781E+001
-5.38659439434E+001
-5.38786090025E+001
-5.38683113927E+001
-5.38701559561E+001
-5.38430149720E+001
-5.38300358608E+001
-5.38320193630E+001
-5.38361533140E+001
-5.38165082592E+001
-5.38224541925E+001
-5.38267444302E+001
-5.38313146983E+001
-5.38248451711E+001
-5.38285667728E+001
-5.38246547331E+001
-5.38286760770E+001
-5.38282071194E+001
-5.38403155738E+001
-5.38428604853E+001
-5.38560090877E+001
-5.38642655364E+001
-5.38605138734E+001
-5.38681012947E+001
-5.38601853725E+001
-5.38373202736E+001
-5.38268649137E+001
-5.38282008529E+001
-5.38228053376E+001
-5.38258988259E+001
-5.38155682769E+001
-5.38096262365E+001
-5.38307774034E+001
-5.38198983290E+001
-5.38175544993E+001
-5.38374302596E+001
-5.38505446862E+001
-5.38490751283E+001
-5.38581714887E+001
-5.38331541379E+001
-5.38337031415E+001
-5.38348686434E+001
-5.38350977554E+001
-5.38659299841E+001
-5.38875671940E+001
-5.38978901831E+001
-5.39435737787E+001
-5.39990760252E+001
-5.40462654888E+001
-5.40555252928E+001
-5.40967654810E+001
-5.40959135619E+001
-5.41356061344E+001
-5.41579679662E+001
-5.41614742207E+001
-5.41830446023E+001
-5.42117675728E+001
-5.42518435058E+001
-5.42914248492E+001
-5.43057884160E+001
-5.43492934337E+001
-5.43631783572E+001
-5.43814778851E+001
-5.44223077757E+001
-5.44411742811E+001
-5.44646276694E+001
-5.44774975241E+001
-5.45063223073E+001
-5.45222781638E+001
-5.45625890905E+001
-5.46099065699E+001
-5.46212839977E+001
-5.46659693670E+001
-5.46992579193E+001
-5.47317657829E+001
-5.47461317290E+001
-5.47525220198E+001
-5.48007541205E+001
-5.48491336177E+001
-5.48792510605E+001
-5.49066688499E+001
-5.49179385698E+001
-5.49597601421E+001
-5.49991086175E+001
-5.50126741386E+001
-5.50848624770E+001
-5.50997301198E+001
-5.51284113428E+001
-5.51504960929E+001
-5.51577865705E+001
-5.51724624731E+001
-5.52087176746E+001
-5.52133144381E+001
-5.52633307247E+001
-5.53166589416E+001
-5.53435793327E+001
-5.53907467855E+001
-5.54228143513E+001
-5.54631696757E+001
-5.54789193519E+001
-5.54962025728E+001
-5.55135096347E+001
-5.55098917693E+001
-5.55428571996E+001
-5.55777381025E+001
-5.56031028561E+001
-5.56415316194E+001
-5.56677488996E+001
-5.57250914704E+001
-5.57505114877E+001
-5.57602043226E+001
-5.58002678859E+001
-5.58103459398E+001
-5.58252560689E+001
-5.58606192850E+001
-5.58885353671E+001
-5.58986835564E+001
-5.59400053279E+001
-5.59655245161E+001
-5.59744253261E+001
-5.59723398087E+001
-5.60170416852E+001
-5.60578605939E+001
-5.60692414312E+001
-5.61111591297E+001
-5.61296699799E+001
-5.61484138041E+001
-5.61641561234E+001
-5.61953348359E+001
-5.62108769829E+001
-5.62469528389E+001
-5.62632252854E+001
-5.62942024413E+001
-5.63278633524E+001
-5.63570095577E+001
-5.63803709938E+001
-5.64534487353E+001
-5.64795893833E+001
-5.64936394639E+001
-5.65100737936E+001
-5.65403734843E+001
-5.65745872102E+001
-5.66248665423E+001
-5.66397239860E+001
-5.66595390595E+001
-5.66688288431E+001
-5.67483262747E+001
-5.67872190810E+001
-5.68323529675E+001
-5.68519853489E+001
-5.68796195961E+001
-5.69000096531E+001
-5.69349573220E+001
-5.69653245920E+001
-5.69801534562E+001
-5.70174049358E+001
-5.70460764043E+001
-5.70610907255E+001
-5.70802683100E+001
-5.70955383814E+001
-5.71567034467E+001
-5.71905632508E+001
-5.72008878876E+001
-5.72343728045E+001
-5.72541869283E+001
-5.72820941504E+001
-5.73119949091E+001
-5.73766424315E+001
-5.74727091470E+001
-5.75000819607E+001
-5.75506365372E+001
-5.75584564885E+001
-5.75713236048E+001
-5.75967956916E+001
-5.75972020620E+001
-5.76351599228E+001
-5.76822342747E+001
-5.77241672416E+001
-5.77485566360E+001
-5.77997013801E+001
-5.78417845966E+001
-5.78757150987E+001
-5.79036094091E+001
-5.79273857513E+001
-5.79583521707E+001
-5.79722474447E+001
-5.79999732321E+001
-5.80154841283E+001
-5.80600526820E+001
-5.80746531342E+001
-5.81362510564E+001
-5.81696095352E+001
-5.81845517041E+001
-5.82054440093E+001
-5.82026551950E+001
-5.82205941145E+001
-5.82235434348E+001
-5.82131827886E+001
-5.82070281862E+001
-5.81925232466E+001
-5.82199444126E+001
-5.82087159771E+001
-5.82042040846E+001
-5.81920407526E+001
-5.82027565153E+001
-5.82044161066E+001
-5.81911611955E+001
-5.81777860950E+001
-5.81775273772E+001
-5.81874494549E+001
-5.82084051863E+001
-5.82031962073E+001
-5.82376221429E+001
-5.82392797317E+001
-5.82694065930E+001
-5.82889896477E+001
-5.82959225500E+001
-5.82809144106E+001
-5.82908304249E+001
-5.82916085671E+001
-5.82860658685E+001
-5.82575804072E+001
-5.82610185496E+001
-5.82492572750E+001
-5.82417721264E+001
-5.82397891825E+001
-5.82501129870E+001
-5.82595833364E+001
-5.82706191050E+001
-5.82676014651E+001
-5.83050957405E+001
-5.82858425558E+001
-5.83509340476E+001
-5.83398612781E+001
-5.83595059052E+001
-5.83728404753E+001
-5.83460151717E+001
-5.83403116394E+001
-5.83264768035E+001
-5.83292895986E+001
-5.83385369645E+001
-5.83455185074E+001
-5.83255077528E+001
-5.83743008262E+001
-5.83437471964E+001
-5.83315716550E+001
-5.83191213740E+001
-5.83112863520E+001
-5.83239111488E+001
-5.83362167087E+001
-5.83149614195E+001
-5.83129762628E+001
-5.83609800626E+001
-5.83798260679E+001
-5.83902952940E+001
-5.83907015801E+001
-5.83957511500E+001
-5.84134656762E+001
-5.84171153980E+001
-5.83888212597E+001
-5.84243918985E+001
-5.84409399549E+001
-5.84268106092E+001
-5.84635822846E+001
-5.84876407204E+001
-5.84851660380E+001
-5.84962334630E+001
-5.84967530520E+001
-5.84918702582E+001
-5.84888147532E+001
-5.85114910395E+001
-5.85242011281E+001
-5.85216436735E+001
-5.85157870936E+001
-5.85638056405E+001
-5.85450277885E+001
-5.85401979912E+001
-5.85643913592E+001
-5.85906624574E+001
-5.85916540178E+001
-5.86065351588E+001
-5.85895698407E+001
-5.86130797443E+001
-5.85945301843E+001
-5.85898089931E+001
-5.86054001503E+001
-5.86110438678E+001
-5.85846959105E+001
-5.85700312117E+001
-5.85690445037E+001
-5.85707947041E+001
-5.85895299235E+001
-5.85941256056E+001
-5.85747840375E+001
-5.85858409296E+001
-5.86059239343E+001
-5.85951115439E+001
-5.85564051544E+001
-5.85599343649E+001
-5.85510725839E+001
-5.85683576170E+001
-5.85751940909E+001
-5.86139900735E+001
-5.86269955364E+001
-5.86329022127E+001
-5.86659155334E+001
-5.86695003080E+001
-5.86625740799E+001
-5.86902156763E+001
-5.87055559238E+001
-5.87235688854E+001
-5.86933288285E+001
-5.86889510864E+001
-5.87122718319E+001
-5.87066541181E+001
-5.87164614894E+001
-5.87189251374E+001
-5.87194991263E+001
-5.86769697052E+001
-5.86156439769E+001
-5.86071660232E+001
-5.85808810093E+001
-5.86071450907E+001
-5.86076556759E+001
-5.86081780717E+001
-5.86101819162E+001
-5.86238040411E+001
-5.86265570287E+001
-5.86240176238E+001
-5.86396937001E+001
-5.86578828627E+001
-5.86298569672E+001
-5.86298640621E+001
-5.86307909660E+001
-5.86376778725E+001
-5.86234680786E+001
-5.86336322405E+001
-5.86252496087E+001
-5.86271841242E+001
-5.86075903523E+001
-5.86205083596E+001
-5.86057768435E+001
-5.85933473497E+001
-5.86319372580E+001
-5.86412643276E+001
-5.86365348432E+001
-5.86417421097E+001
-5.86548078701E+001
-5.86405138144E+001
-5.86207310609E+001
-5.86274245245E+001
-5.86166656658E+001
-5.86170554865E+001
-5.86252234166E+001
-5.86288519977E+001
-5.86268679134E+001
-5.86396040337E+001
-5.86390061577E+001
-5.86308795985E+001
-5.86146524554E+001
-5.86151886576E+001
-5.85764915990E+001
-5.86199661075E+001
-5.86226527620E+001
-5.86255346884E+001
-5.85904386591E+001
-5.85828357342E+001
-5.85839378325E+001
-5.85603005355E+001
-5.85328855003E+001
-5.85540357763E+001
-5.85337152362E+001
-5.85461969558E+001
-5.85442977447E+001
-5.85422211939E+001
-5.85264232549E+001
-5.86052166240E+001
-5.86899707691E+001
-5.87261874213E+001
-5.87665776135E+001
-5.88062455695E+001
-5.88211965514E+001
-5.88799463878E+001
-5.88473573249E+001
-5.89371862491E+001
-5.89762352535E+001
-5.90055402227E+001
-5.90559499641E+001
-5.91077233910E+001
-5.91869561483E+001
-5.92520852981E+001
-5.93116840070E+001
-5.93527608952E+001
-5.94295939979E+001
-5.94417915042E+001
-5.95198470067E+001
-5.96300491920E+001
-5.96643710874E+001
-5.97843782774E+001
-5.98234209674E+001
-5.98533820273E+001
-5.98791746334E+001
-5.99574842190E+001
-5.99572252630E+001
-6.00403159285E+001
-6.01620848376E+001
-6.02072894665E+001
-6.02533003325E+001
-6.03213854487E+001
-6.03328724108E+001
-6.04076460213E+001
-6.03940150873E+001
-6.04294001327E+001
-6.05064747463E+001
-6.05839391408E+001
-6.06097702666E+001
-6.06514799960E+001
-6.07056914164E+001
-6.07753802558E+001
-6.08371373106E+001
-6.09326064560E+001
-6.09546967816E+001
-6.10083193043E+001
-6.10347053031E+001
-6.10579042161E+001
-6.11598629659E+001
-6.12028123124E+001
-6.12475492737E+001
-6.13219265258E+001
-6.13282290797E+001
-6.13922754089E+001
-6.14607854155E+001
-6.15174739639E+001
-6.15842802956E+001
-6.16395798049E+001
-6.16946629977E+001
-6.17318251080E+001
-6.18302416776E+001
-6.18700345307E+001
-6.19513995448E+001
-6.20360574659E+001
-6.20786349985E+001
-6.21251932545E+001
-6.21770428152E+001
-6.23158772172E+001
-6.23382542652E+001
-6.23647438080E+001
-6.24666313921E+001
-6.25313676659E+001
-6.25667737914E+001
-6.26580317063E+001
-6.27506309524E+001
-6.28277041529E+001
-6.28482577879E+001
-6.30374662756E+001
-6.31036552378E+001
-6.31874230243E+001
-6.32437004832E+001
-6.33216107255E+001
-6.33741402591E+001
-6.35122623880E+001
-6.35643175573E+001
-6.36322340713E+001
-6.36421072331E+001
-6.36742588999E+001
-6.37095290678E+001
-6.37556653346E+001
-6.38217326107E+001
-6.39003276774E+001
-6.39621746038E+001
-6.40440092141E+001
-6.41283503492E+001
-6.42336672141E+001
-6.42744380737E+001
-6.43566842825E+001
-6.44381692544E+001
-6.45237056091E+001
-6.45899455182E+001
-6.46203674671E+001
-6.46350595373E+001
-6.46703538068E+001
-6.47372915698E+001
-6.47987118345E+001
-6.48725859023E+001
-6.49671564091E+001
-6.50230318535E+001
-6.50852715375E+001
-6.51017022827E+001
-6.51344099167E+001
-6.51543388777E+001
-6.52208624017E+001
-6.52391288815E+001
-6.52837853578E+001
-6.53242067005E+001
-6.53934536926E+001
-6.54412948676E+001
-6.54639813325E+001
-6.56485384260E+001
-6.56841550522E+001
-6.57091278549E+001
-6.58133457133E+001
-6.58483054553E+001
-6.58834342275E+001
-6.59209792804E+001
-6.60487579556E+001
-6.61183417309E+001
-6.61372555337E+001
-6.62536441491E+001
-6.63495911739E+001
-6.63796056187E+001
-6.64951556355E+001
-6.65679935908E+001
-6.66285395524E+001
-6.66403026094E+001
-6.66657564327E+001
-6.67371029168E+001
-6.67881874717E+001
-6.68066770519E+001
-6.68574597571E+001
-6.69542566843E+001
-6.70045994530E+001
-6.70373403024E+001
-6.71392613398E+001
-6.71913987025E+001
-6.72810214503E+001
-6.73552063247E+001
-6.74128528230E+001
-6.73773807928E+001
-6.73692342831E+001
-6.73636587968E+001
-6.74504027280E+001
-6.74377495952E+001
-6.75610870110E+001
-6.75451496417E+001
-6.75526957350E+001
-6.75867956833E+001
-6.75449671743E+001
-6.75608894333E+001
-6.75413755161E+001
-6.76249292980E+001
-6.76144858549E+001
-6.76082258428E+001
-6.75707904381E+001
-6.76139841912E+001
-6.76174262537E+001
-6.76671970224E+001
-6.76470010109E+001
-6.76035093586E+001
-6.76056127462E+001
-6.75252548487E+001
-6.75151779797E+001
-6.74932048637E+001
-6.75435908596E+001
-6.74955229984E+001
-6.75307259125E+001
-6.75103937457E+001
-6.74864736547E+001
-6.74752134080E+001
-6.75653746212E+001
-6.75375868319E+001
-6.75661341876E+001
-6.75189678684E+001
-6.75386448759E+001
-6.76347486141E+001
-6.76755054517E+001
-6.75816659275E+001
-6.75971299193E+001
-6.76004703495E+001
-6.75991887219E+001
-6.75638279314E+001
-6.75816701179E+001
-6.75198562607E+001
-6.75166431898E+001
-6.75301369964E+001
-6.75804988504E+001
-6.75525627511E+001
-6.74758235835E+001
-6.74871445065E+001
-6.75669637472E+001
-6.75354051870E+001
-6.76354866325E+001
-6.75725844380E+001
-6.75389546730E+001
-6.75380984860E+001
-6.74885299400E+001
-6.74918940152E+001
-6.75228631238E+001
-6.75338376239E+001
-6.74914960660E+001
-6.75391578434E+001
-6.75504070087E+001
-6.75503217216E+001
-6.75762135451E+001
-6.75436387990E+001
-6.75189682426E+001
-6.75146322993E+001
-6.75992205132E+001
-6.76527220055E+001
-6.76495791138E+001
-6.76827598714E+001
-6.76912015017E+001
-6.76117894001E+001
-6.75377911441E+001
-6.75147888855E+001
-6.75180477078E+001
-6.73397412723E+001
-6.73851724709E+001
-6.73331048539E+001
-6.73281094560E+001
-6.73294809157E+001
-6.72772802626E+001
-6.71756968002E+001
-6.71557372462E+001
-6.71547268207E+001
-6.71897811504E+001
-6.71984055794E+001
-6.72654242271E+001
-6.73229971548E+001
-6.73572829668E+001
-6.73195455733E+001
-6.73325489316E+001
-6.73193291433E+001
-6.73293427694E+001
-6.72716271296E+001
-6.72553320801E+001
-6.72211953414E+001
-6.71510350012E+001
-6.70937423331E+001
-6.70598986621E+001
-6.70853991406E+001
-6.71283070985E+001
-6.71875746154E+001
-6.71209509893E+001
-6.71501372034E+001
-6.71110191723E+001
-6.70911267323E+001
-6.70584460017E+001
-6.70469407332E+001
-6.71491779188E+001
-6.72184185255E+001
-6.72561126741E+001
-6.72385231074E+001
-6.72857162141E+001
-6.73329570620E+001
-6.73857085177E+001
-6.73633652587E+001
-6.73771227698E+001
-6.73938339055E+001
-6.72424067284E+001
-6.72258823147E+001
-6.73603853684E+001
-6.73061830202E+001
-6.73287262968E+001
-6.74095521791E+001
-6.73940410170E+001
-6.73622045556E+001
-6.73360847718E+001
-6.73494140898E+001
-6.72983079122E+001
-6.72764018005E+001
-6.72961332553E+001
-6.72033190083E+001
-6.71282565255E+001
-6.71548714066E+001
-6.71586350064E+001
-6.71309128519E+001
-6.71363135438E+001
-6.72390685477E+001
-6.73139703071E+001
-6.73499166761E+001
-6.74129805503E+001
-6.74024040411E+001
-6.74168684630E+001
-6.73964151437E+001
-6.73907074399E+001
-6.73751161032E+001
-6.73335797026E+001
-6.73581258258E+001
-6.73558834792E+001
-6.73263892449E+001
-6.73339636552E+001
-6.72769565030E+001
-6.73073776373E+001
-6.71623085289E+001
-6.71842076214E+001
-6.72698678196E+001
-6.72424409097E+001
-6.72903085326E+001
-6.72565700961E+001
-6.72514693046E+001
-6.72016086142E+001
-6.72247260020E+001
-6.72421933375E+001
-6.72566070389E+001
-6.73533519127E+001
-6.73735795603E+001
-6.73144913892E+001
-6.73733255278E+001
-6.73433304220E+001
-6.74098899360E+001
-6.74000201242E+001
-6.74599364295E+001
-6.75000911942E+001
-6.75106659919E+001
-6.75084532490E+001
-6.74859413435E+001
-6.75518471921E+001
-6.74933918458E+001
-6.75127351073E+001
-6.74279852407E+001
-6.73882510488E+001
-6.73606119440E+001
-6.73357780414E+001
-6.72904478871E+001
-6.71740249549E+001
-6.70796885768E+001
-6.70753067500E+001
-6.70281891959E+001
-6.70010493393E+001
-6.69447694807E+001
-6.69083874641E+001
-6.68370300150E+001
-6.68365180136E+001
-6.68057023507E+001
-6.67546754938E+001
-6.67090133367E+001
-6.67069007556E+001
-6.66871936297E+001
-6.66337779736E+001
-6.65143823660E+001
-6.64687280588E+001
-6.63511685972E+001
-6.63530727965E+001
-6.63713242942E+001
-6.63414262227E+001
-6.63247777947E+001
-6.62887193620E+001
-6.62000721008E+001
-6.61795705992E+001
-6.61394338818E+001
-6.60516630581E+001
-6.59854206611E+001
-6.59499221427E+001
-6.58988201156E+001
-6.58842178651E+001
-6.58637407621E+001
-6.57592132283E+001
-6.56969973896E+001
-6.56359662015E+001
-6.55681469452E+001
-6.54565822774E+001
-6.54281236778E+001
-6.54123807322E+001
-6.54041763275E+001
-6.53450217709E+001
-6.52920163102E+001
-6.53049245318E+001
-6.52011472056E+001
-6.51599643198E+001
-6.51167118246E+001
-6.50963094605E+001
-6.50983455581E+001
-6.50615552934E+001
-6.50212546125E+001
-6.49826396314E+001
-6.49895148366E+001
-6.49464202293E+001
-6.48594411130E+001
-6.47575047333E+001
-6.46679270308E+001
-6.46307238637E+001
-6.45942949028E+001
-6.45416502103E+001
-6.44442639655E+001
-6.44365261563E+001
-6.44308284035E+001
-6.44100243840E+001
-6.44120638254E+001
-6.43955688377E+001
-6.43709770369E+001
-6.43376751144E+001
-6.42909391830E+001
-6.41989059900E+001
-6.41679037100E+001
-6.41604751184E+001
-6.41750301128E+001
-6.41350578681E+001
-6.41122428177E+001
-6.40680829939E+001
-6.39864611678E+001
-6.39215138749E+001
-6.38886164206E+001
-6.38682189904E+001
-6.37980324873E+001
-6.37460876994E+001
-6.36797380787E+001
-6.36138504946E+001
-6.35602914838E+001
-6.35405217617E+001
-6.34838403109E+001
-6.34840780346E+001
-6.34000432194E+001
-6.33353249237E+001
-6.32844090993E+001
-6.31907052934E+001
-6.31675416728E+001
-6.31017967278E+001
-6.30944260607E+001
-6.30489874116E+001
-6.30162053489E+001
-6.29913648491E+001
-6.29743522998E+001
-6.29615330663E+001
-6.29609015004E+001
-6.29091696290E+001
-6.28709534605E+001
-6.28494686688E+001
-6.27919988169E+001
-6.26577173856E+001
-6.25942301581E+001
-6.25138101138E+001
-6.23990544863E+001
-6.23872304883E+001
-6.23544328964E+001
-6.22761551300E+001
-6.22319473853E+001
-6.21948157040E+001
-6.21937687642E+001
-6.21368531903E+001
-6.21186603412E+001
-6.20775359316E+001
-6.20720763919E+001
-6.20002012216E+001
-6.19645486331E+001
-6.19484194078E+001
-6.18990195895E+001
-6.18106481839E+001
-6.17446733448E+001
-6.16884901873E+001
-6.16822700259E+001
-6.16823393889E+001
-6.16333950150E+001
-6.15847158958E+001
-6.15472932749E+001
-6.15126248383E+001
-6.13462477154E+001
-6.12860529128E+001
-6.12895914822E+001
-6.12587414315E+001
-6.12290526596E+001
-6.11703705287E+001
-6.11844573502E+001
-6.11175427569E+001
-6.10367815179E+001
-6.09771423956E+001
-6.09481175588E+001
-6.09044653638E+001
-6.09338507502E+001
-6.08985693168E+001
-6.08834538269E+001
-6.08483987453E+001
-6.08305018384E+001
-6.08321435169E+001
-6.08417540435E+001
-6.08299650471E+001
-6.08359690190E+001
-6.09040590233E+001
-6.08973714274E+001
-6.08873645450E+001
-6.08933189177E+001
-6.09223604052E+001
-6.09459506070E+001
-6.09306197377E+001
-6.09207488995E+001
-6.09327300512E+001
-6.09304976220E+001
-6.08983993901E+001
-6.09002274426E+001
-6.08806039430E+001
-6.09023638719E+001
-6.09792737313E+001
-6.09597013126E+001
-6.09788650492E+001
-6.09592086845E+001
-6.09386456452E+001
-6.09129036219E+001
-6.09312802781E+001
-6.09094577144E+001
-6.09223329210E+001
-6.08726655251E+001
-6.08854716983E+001
-6.09134244342E+001
-6.08979864778E+001
-6.08516667197E+001
-6.08267821146E+001
-6.08423986023E+001
-6.08730720407E+001
-6.08516839363E+001
-6.08183230796E+001
-6.07919030345E+001
-6.07895670942E+001
-6.08271233852E+001
-6.08301487893E+001
-6.08469291089E+001
-6.09013879423E+001
-6.09028687360E+001
-6.09298652647E+001
-6.09015320063E+001
-6.09166781404E+001
-6.09524609717E+001
-6.09372995966E+001
-6.09103075082E+001
-6.09224535386E+001
-6.09140827245E+001
-6.09175151248E+001
-6.09292651310E+001
-6.09068858683E+001
-6.09042817461E+001
-6.09241356294E+001
-6.09336709937E+001
-6.09683162474E+001
-6.09564907981E+001
-6.09644127696E+001
-6.09858384920E+001
-6.10220131036E+001
-6.09886389123E+001
-6.09461003381E+001
-6.09633938865E+001
-6.10126058860E+001
-6.10104344689E+001
-6.10341723860E+001
-6.10094231560E+001
-6.10070900121E+001
-6.10118389470E+001
-6.10235944703E+001
-6.09593213638E+001
-6.09224118029E+001
-6.09199389628E+001
-6.09833278571E+001
-6.09746173956E+001
-6.09505732143E+001
-6.09357007785E+001
-6.09252940968E+001
-6.09443720598E+001
-6.09581091501E+001
-6.09201944397E+001
-6.09048217778E+001
-6.09155469659E+001
-6.09004454578E+001
-6.09541448777E+001
-6.09670549037E+001
-6.09889569980E+001
-6.09376602006E+001
-6.10021716488E+001
-6.10066329471E+001
-6.09736471417E+001
-6.10466290870E+001
-6.10277887626E+001
-6.10207458875E+001
-6.10469110048E+001
-6.10197342282E+001
-6.10071959501E+001
-6.10200794890E+001
-6.10178228445E+001
-6.10413705127E+001
-6.10284317627E+001
-6.10309226180E+001
-6.10344614134E+001
-6.10367026236E+001
-6.10439672253E+001
-6.10162468609E+001
-6.10101566077E+001
-6.10018755438E+001
-6.09906434395E+001
-6.09547740149E+001
-6.09902077195E+001
-6.09866862399E+001
-6.09599111569E+001
-6.09355739729E+001
-6.09455358108E+001
-6.09567354812E+001
-6.09531202994E+001
-6.09550108612E+001
-6.09351452409E+001
-6.09175559652E+001
-6.09203332737E+001
-6.09373960900E+001
-6.09183736885E+001
-6.08851550161E+001
-6.08819244645E+001
-6.08987084123E+001
-6.08934024125E+001
-6.08628470046E+001
-6.08428553995E+001
-6.08158211423E+001
-6.07968700381E+001
-6.08067309683E+001
-6.08144153198E+001
-6.07841463468E+001
-6.07239612765E+001
-6.07289075673E+001
-6.06817542098E+001
-6.06754290541E+001
-6.06584034125E+001
-6.06953794749E+001
-6.07102213924E+001
-6.06924387672E+001
-6.07010766596E+001
-6.05539756624E+001
-6.05365962225E+001
-6.05090905623E+001
-6.04989952307E+001
-6.05521975200E+001
-6.05601422049E+001
-6.05556758806E+001
-6.05753879424E+001
-6.05562675348E+001
-6.05005984857E+001
-6.05111243127E+001
-6.05336800112E+001
-6.05265264102E+001
-6.05214501982E+001
-6.05044677968E+001
-6.05432354004E+001
-6.05301099920E+001
-6.05332684901E+001
-6.05406332345E+001
-6.05629917785E+001
-6.05863719587E+001
-6.05924369062E+001
-6.05695489576E+001
-6.05146398448E+001
-6.05469158720E+001
-6.05213431060E+001
-6.05568882805E+001
-6.05085225289E+001
-6.05223649323E+001
-6.05069817123E+001
-6.05362746676E+001
-6.05684205231E+001
-6.05864285997E+001
-6.05638178614E+001
-6.05636367398E+001
-6.05712031814E+001
-6.05867577047E+001
-6.06252405576E+001
-6.06103688196E+001
-6.05743933375E+001
-6.05804915634E+001
-6.05715896636E+001
-6.06072668806E+001
-6.06011945277E+001
-6.06304390870E+001
-6.06110247778E+001
-6.06240356224E+001
-6.05667928922E+001
-6.05831183236E+001
-6.05613992271E+001
-6.05549804163E+001
-6.05504620908E+001
-6.04990906005E+001
-6.04803164631E+001
-6.04643538065E+001
-6.04630371973E+001
-6.04883555495E+001
-6.05041558361E+001
-6.05008404952E+001
-6.04553564711E+001
-6.04690883970E+001
-6.04701576680E+001
-6.04565381863E+001
-6.04425555597E+001
-6.04451646667E+001
-6.04223522766E+001
-6.03825698139E+001
-6.03564594106E+001
-6.03495806370E+001
-6.03594674633E+001
-6.03445179527E+001
-6.02764809206E+001
-6.02986511711E+001
-6.02824715520E+001
-6.03156282016E+001
-6.02947765194E+001
-6.03064853646E+001
-6.02955056745E+001
-6.03195979852E+001
-6.03305259607E+001
-6.03198855929E+001
-6.02457221148E+001
-6.02804602979E+001
-6.02719667259E+001
-6.02503065389E+001
-6.02115441837E+001
-6.01760143274E+001
-6.01582201991E+001
-6.01579647370E+001
-6.01772318958E+001
-6.01699382596E+001
-6.01809611071E+001
-6.01437400237E+001
-6.01450344600E+001
-6.01047388203E+001
-6.00895121104E+001
-6.00369485699E+001
-6.00025927718E+001
-6.00171613170E+001
-5.99374796014E+001
-5.99267794708E+001
-5.99067184570E+001
-5.98752067672E+001
-5.98986692846E+001
-5.98795905837E+001
-5.98956642679E+001
-5.98917683388E+001
-5.98384710456E+001
-5.98260678571E+001
-5.98185313101E+001
-5.98039851346E+001
-5.98072577554E+001
-5.97978452812E+001
-5.97948679449E+001
-5.97988558774E+001
-5.97991439474E+001
-5.98100471240E+001
-5.98250997278E+001
-5.98164706438E+001
-5.98310175916E+001
-5.98575552193E+001
-5.98480612941E+001
-5.98591777007E+001
-5.98126982778E+001
-5.98082726069E+001
-5.97838102202E+001
-5.98058142756E+001
-5.97924671200E+001
-5.98331389757E+001
-5.98149163347E+001
-5.98480174897E+001
-5.98495378934E+001
-5.98242380912E+001
-5.98026427231E+001
-5.97708414530E+001
-5.97880780620E+001
-5.97784323422E+001
-5.97778761089E+001
-5.97924792309E+001
-5.98056759638E+001
-5.97922468477E+001
-5.97780115811E+001
-5.97809831413E+001
-5.97828345778E+001
-5.97796690210E+001
-5.97276275121E+001
-5.97324642376E+001
-5.97127265979E+001
-5.97063003454E+001
-5.97075787546E+001
-5.97271150432E+001
-5.97111890572E+001
-5.97445200630E+001
-5.97240880205E+001
-5.97444245623E+001
-5.97060164949E+001
-5.96885974421E+001
-5.96853206546E+001
-5.96928516054E+001
-5.97227775932E+001
-5.97002020512E+001
-5.96965271663E+001
-5.97013342685E+001
-5.96834451500E+001
-5.96567290165E+001
-5.96725881436E+001
-5.96502036812E+001
-5.96619991149E+001
-5.96540106947E+001
-5.96359731379E+001
-5.96654307908E+001
-5.96616934469E+001
-5.96122035011E+001
-5.96015418371E+001
-5.95763494553E+001
-5.95632110037E+001
-5.95743335543E+001
-5.95214590626E+001
-5.95210801082E+001
-5.95273666730E+001
-5.95194472606E+001
-5.94926564269E+001
-5.94443791100E+001
-5.94501510191E+001
-5.94372380587E+001
-5.94152846824E+001
-5.94115179934E+001
-5.94315667161E+001
-5.94048451285E+001
-5.93793854753E+001
-5.93927139793E+001
-5.93784257389E+001
-5.93624396706E+001
-5.93209273495E+001
-5.93347167850E+001
-5.92944162093E+001
-5.93290404962E+001
-5.93077596374E+001
-5.92910945923E+001
-5.92824776923E+001
-5.92839981608E+001
-5.92854022577E+001
-5.92555288922E+001
-5.92455543034E+001
-5.92608781173E+001
-5.92819684097E+001
-5.92620606361E+001
-5.92708896567E+001
-5.92865965943E+001
-5.92591482403E+001
-5.92954514863E+001
-5.92890676661E+001
-5.92589435810E+001
-5.92646367675E+001
-5.92517546851E+001
-5.92282407030E+001
-5.92085928969E+001
-5.92104598540E+001
-5.91957870042E+001
-5.92276526874E+001
-5.92246581058E+001
-5.92087517756E+001
-5.92333960707E+001
-5.92127272766E+001
-5.92037425484E+001
-5.91761180507E+001
-5.91842531564E+001
-5.91897512640E+001
-5.91908607062E+001
-5.91578654051E+001
-5.91415112669E+001
-5.91463002624E+001
-5.91545258447E+001
-5.91535704565E+001
-5.91434878976E+001
-5.91623255332E+001
-5.91886319131E+001
-5.91942564094E+001
-5.91921448341E+001
-5.91860596440E+001
-5.91737466630E+001
-5.91545676357E+001
-5.91441473082E+001
-5.91139715881E+001
-5.90859510580E+001
-5.90569516466E+001
-5.90696807915E+001
-5.90771161977E+001
-5.91020318027E+001
-5.90807429758E+001
-5.91117341484E+001
-5.91069128903E+001
-5.90972472016E+001
-5.91031820006E+001
-5.90752705177E+001
-5.90849239756E+001
-5.90521665783E+001
-5.90621479801E+001
-5.90738377066E+001
-5.90494692635E+001
-5.90318647446E+001
-5.90565529663E+001
-5.90810899183E+001
-5.90825146418E+001
-5.91092415006E+001
-5.91074219382E+001
-5.91242694543E+001
-5.90938542115E+001
-5.91248473966E+001
-5.91329256407E+001
-5.91067518714E+001
-5.90886527845E+001
-5.90932672071E+001
-5.90721464676E+001
-5.90834089643E+001
-5.91531820501E+001
-5.91485446492E+001
-5.91273102098E+001
-5.91420048507E+001
-5.90887099419E+001
-5.90841515216E+001
-5.90709485216E+001
-5.90844078331E+001
-5.91049296354E+001
-5.91177132103E+001
-5.91322337227E+001
-5.91055869862E+001
-5.91113583046E+001
-5.91200373551E+001
-5.91432439055E+001
-5.91292288641E+001
-5.91171495481E+001
-5.91318358713E+001
-5.91103753958E+001
-5.90980020881E+001
-5.91175893436E+001
-5.91242789642E+001
-5.91066850190E+001
-5.91289146207E+001
-5.91379900408E+001
-5.91483024578E+001
-5.91466702005E+001
-5.91901779692E+001
-5.91666838244E+001
-5.92017456665E+001
-5.91685922568E+001
-5.91846840199E+001
-5.91942488849E+001
-5.92121395244E+001
-5.92179930771E+001
-5.91849711378E+001
-5.91809421554E+001
-5.91731668464E+001
-5.91553147391E+001
-5.91872663137E+001
-5.91807515286E+001
-5.91881757607E+001
-5.91953971426E+001
-5.92059499054E+001
-5.92077588690E+001
-5.92055636101E+001
-5.91550085218E+001
-5.91570420860E+001
-5.91703807948E+001
-5.91606073304E+001
-5.91905536358E+001
-5.92021504194E+001
-5.92415507660E+001
-5.92853746053E+001
-5.92782584654E+001
-5.92538825899E+001
-5.92225915724E+001
-5.92103226561E+001
-5.92023787944E+001
-5.91910907856E+001
-5.92143161763E+001
-5.91899598645E+001
-5.92132457621E+001
-5.91741855102E+001
-5.91748614923E+001
-5.91978593843E+001
-5.92077810766E+001
-5.92555351290E+001
-5.92921735993E+001
-5.93409906318E+001
-5.93558334376E+001
-5.93632559248E+001
-5.93242663688E+001
-5.93383895598E+001
-5.93332851634E+001
-5.93510616199E+001
-5.93625751542E+001
-5.93424272452E+001
-5.93515792140E+001
-5.93835885464E+001
-5.93894814052E+001
-5.93587208497E+001
-5.93389462015E+001
-5.93207358198E+001
-5.93071501560E+001
-5.93029579723E+001
-5.92915344526E+001
-5.92860940278E+001
-5.92876452073E+001
-5.92914493400E+001
-5.92835239422E+001
-5.93191661700E+001
-5.93596018010E+001
-5.94070925288E+001
-5.95117406009E+001
-5.95175321553E+001
-5.95458206945E+001
-5.95889395479E+001
-5.95972568167E+001
-5.96302698954E+001
-5.97025105629E+001
-5.97478714643E+001
-5.98331658566E+001
-5.98439917930E+001
-5.98887627433E+001
-5.99734139992E+001
-6.00021297349E+001
-6.00113857055E+001
-6.00349250470E+001
-6.00558039621E+001
-6.01019115195E+001
-6.01200337383E+001
-6.01809480118E+001
-6.02126470752E+001
-6.02821199054E+001
-6.03070325144E+001
-6.03272516778E+001
-6.03864833886E+001
-6.04515169309E+001
-6.06264706583E+001
-6.06891071969E+001
-6.07485815971E+001
-6.07972551472E+001
-6.08943398784E+001
-6.09527998292E+001
-6.10056613414E+001
-6.10403779943E+001
-6.11103420077E+001
-6.11474721515E+001
-6.12435260585E+001
-6.12548798536E+001
-6.12693269115E+001
-6.13357569673E+001
-6.13398815350E+001
-6.13799480720E+001
-6.14810618317E+001
-6.15042598169E+001
-6.15803508599E+001
-6.16068861363E+001
-6.16637685065E+001
-6.17084969394E+001
-6.17377714681E+001
-6.18672492704E+001
-6.19195242945E+001
-6.19644403002E+001
-6.20292193426E+001
-6.20921936535E+001
-6.21132839281E+001
-6.21519055560E+001
-6.23670764039E+001
-6.25490298434E+001
-6.26000081689E+001
-6.26859811374E+001
-6.27248276105E+001
-6.27512989983E+001
-6.27753806207E+001
-6.27943600101E+001
-6.28254762938E+001
-6.28700663492E+001
-6.29335380695E+001
-6.30091057943E+001
-6.30911644780E+001
-6.31880081340E+001
-6.32264366115E+001
-6.32746146858E+001
-6.33035241651E+001
-6.33228770379E+001
-6.33439293824E+001
-6.33759894571E+001
-6.34287628499E+001
-6.35301523734E+001
-6.35870141318E+001
-6.36901386830E+001
-6.37414476895E+001
-6.38152003829E+001
-6.39078975939E+001
-6.39492036372E+001
-6.39983511385E+001
-6.41054449051E+001
-6.41385596470E+001
-6.41586005235E+001
-6.42635454361E+001
-6.43184657485E+001
-6.43152608259E+001
-6.43463936042E+001
-6.43749145931E+001
-6.44523875048E+001
-6.45679676756E+001
-6.45798893888E+001
-6.45727127499E+001
-6.45751024754E+001
-6.46779364346E+001
-6.47799483042E+001
-6.47497912540E+001
-6.47827046639E+001
-6.48939205703E+001
-6.49077797578E+001
-6.49280378098E+001
-6.49417837533E+001
-6.49935278006E+001
-6.50301722207E+001
-6.50576860760E+001
-6.51597297853E+001
-6.51360620533E+001
-6.51238314164E+001
-6.51735301384E+001
-6.52141077899E+001
-6.52782459381E+001
-6.53280707307E+001
-6.54602337842E+001
-6.55051777972E+001
-6.55504658546E+001
-6.56388104788E+001
-6.56882854183E+001
-6.57311527317E+001
-6.58322359635E+001
-6.59475367408E+001
-6.60134150906E+001
-6.60304809827E+001
-6.60876445404E+001
-6.60986518353E+001
-6.61363980917E+001
-6.61590212164E+001
-6.62070237611E+001
-6.62409534138E+001
-6.62959738581E+001
-6.63214994766E+001
-6.64122064165E+001
-6.65431288055E+001
-6.66539230897E+001
-6.66709842991E+001
-6.66856631481E+001
-6.67221883310E+001
-6.68186189573E+001
-6.68438202082E+001
-6.68409213931E+001
-6.68856498429E+001
-6.69110439807E+001
-6.69495445610E+001
-6.70035502753E+001
-6.70454306446E+001
-6.70921523393E+001
-6.71241412931E+001
-6.71260928918E+001
-6.71236319775E+001
-6.70956878327E+001
-6.71318823100E+001
-6.71369422161E+001
-6.71531330343E+001
-6.71733458949E+001
-6.71945611592E+001
-6.71795457935E+001
-6.72029846106E+001
-6.71909341754E+001
-6.72068730704E+001
-6.72087308479E+001
-6.73532903842E+001
-6.73548537940E+001
-6.73594662857E+001
-6.73916563787E+001
-6.73889102146E+001
-6.73815680789E+001
-6.73854820258E+001
-6.74057361833E+001
-6.74252747700E+001
-6.74380853415E+001
-6.75038687257E+001
-6.75038701908E+001
-6.75144771336E+001
-6.75179555588E+001
-6.73501298686E+001
-6.74244223214E+001
-6.74299045985E+001
-6.74347778939E+001
-6.74010850670E+001
-6.73623025509E+001
-6.73344880212E+001
-6.73456255728E+001
-6.73202836618E+001
-6.73057529086E+001
-6.72313270502E+001
-6.72727884326E+001
-6.73556245175E+001
-6.72885021756E+001
-6.72994691277E+001
-6.73233319034E+001
-6.73355512636E+001
-6.73969865971E+001
-6.73494458211E+001
-6.72969578900E+001
-6.72748484148E+001
-6.72513226238E+001
-6.72568950382E+001
-6.71350359073E+001
-6.71741453166E+001
-6.71320398191E+001
-6.71351146746E+001
-6.71417623529E+001
-6.71349554862E+001
-6.71331525270E+001
-6.69780685085E+001
-6.68125137429E+001
-6.67327640125E+001
-6.66654360277E+001
-6.67056474946E+001
-6.67381782755E+001
-6.68146211662E+001
-6.68212373944E+001
-6.68107916998E+001
-6.68270481578E+001
-6.68204602780E+001
-6.68343746522E+001
-6.67952001000E+001
-6.67883456729E+001
-6.67870261538E+001
-6.68345165420E+001
-6.68501871106E+001
-6.68424583138E+001
-6.68719820603E+001
-6.68732879388E+001
-6.69195783299E+001
-6.68661329980E+001
-6.69040640193E+001
-6.68630626876E+001
-6.68441817063E+001
-6.68206275313E+001
-6.67310085171E+001
-6.67090972745E+001
-6.66689906501E+001
-6.66573213599E+001
-6.66912238747E+001
-6.66576300345E+001
-6.66744498108E+001
-6.66480367635E+001
-6.66758408672E+001
-6.66952697353E+001
-6.66755909731E+001
-6.66345391839E+001
-6.66500518620E+001
-6.67147965254E+001
-6.67453451214E+001
-6.67490715606E+001
-6.66820993591E+001
-6.66233472061E+001
-6.66732739023E+001
-6.66754349143E+001
-6.66123872543E+001
-6.66607821256E+001
-6.67565250308E+001
-6.67524445273E+001
-6.67978989779E+001
-6.68333433474E+001
-6.68108053997E+001
-6.67024474038E+001
-6.66953408480E+001
-6.67016632025E+001
-6.67614696502E+001
-6.67790320349E+001
-6.69247508267E+001
-6.69067115153E+001
-6.68656889722E+001
-6.68600349122E+001
-6.68611870625E+001
-6.68540801534E+001
-6.68529179435E+001
-6.68746053214E+001
-6.68419236532E+001
-6.67611544895E+001
-6.66928986579E+001
-6.67600596088E+001
-6.67012739539E+001
-6.67299504269E+001
-6.67382816464E+001
-6.67245205962E+001
-6.67294105052E+001
-6.67364476025E+001
-6.67831083617E+001
-6.67845519842E+001
-6.67188843660E+001
-6.66407108117E+001
-6.66024952274E+001
-6.66067927081E+001
-6.66303944705E+001
-6.67842038518E+001
-6.68284041777E+001
-6.68362586546E+001
-6.69158318181E+001
-6.68893607015E+001
-6.69084468932E+001
-6.69893915122E+001
-6.69662280816E+001
-6.70026932639E+001
-6.70313394739E+001
-6.70613339280E+001
-6.71109412752E+001
-6.72114711920E+001
-6.71837374726E+001
-6.72131929529E+001
-6.72257055777E+001
-6.71710596941E+001
-6.71540729270E+001
-6.72148177616E+001
-6.72027233103E+001
-6.71965502817E+001
-6.72657851802E+001
-6.72326443668E+001
-6.72567550829E+001
-6.70781415291E+001
-6.70797336270E+001
-6.70721426302E+001
-6.70207911306E+001
-6.70624372997E+001
-6.70654184806E+001
-6.70580812337E+001
-6.70693037905E+001
-6.70309364372E+001
-6.69743095619E+001
-6.69108043715E+001
-6.70628501884E+001
-6.70939912886E+001
-6.70630451815E+001
-6.70719730544E+001
-6.70399451278E+001
-6.70321606932E+001
-6.70193133376E+001
-6.70216294785E+001
-6.70447283939E+001
-6.70680868482E+001
-6.70339104043E+001
-6.70298224569E+001
-6.70840153295E+001
-6.71013325814E+001
-6.70821046913E+001
-6.70888781781E+001
-6.70708594812E+001
-6.70953976978E+001
-6.70832179713E+001
-6.71005770560E+001
-6.71416939546E+001
-6.72046008647E+001
-6.72216030224E+001
-6.72240932728E+001
-6.71981559255E+001
-6.72310631094E+001
-6.72462180967E+001
-6.72109110759E+001
-6.72010795724E+001
-6.71599266532E+001
-6.71471198375E+001
-6.71607994725E+001
-6.71546368815E+001
-6.71117484814E+001
-6.71060793544E+001
-6.70947513124E+001
-6.71081448778E+001
-6.70664703979E+001
-6.70085946103E+001
-6.69504835828E+001
-6.69399374600E+001
-6.69514293895E+001
-6.68938698447E+001
-6.68546846928E+001
-6.67826979168E+001
-6.67660383755E+001
-6.67523004843E+001
-6.67990465570E+001
-6.67660864395E+001
-6.67249894937E+001
-6.67110555722E+001
-6.67230195956E+001
-6.67377172126E+001
-6.68101501744E+001
-6.68282007646E+001
-6.67412735821E+001
-6.67141825246E+001
-6.67435688543E+001
-6.67404438117E+001
-6.67612944688E+001
-6.67634365970E+001
-6.68152551395E+001
-6.67307203686E+001
-6.68092777879E+001
-6.68770821187E+001
-6.68392261456E+001
-6.69042582043E+001
-6.69123572707E+001
-6.68831546376E+001
-6.69065914281E+001
-6.69209413446E+001
-6.68688265876E+001
-6.68471658100E+001
-6.68711709640E+001
-6.68888823381E+001
-6.68822571131E+001
-6.68531522254E+001
-6.69034239854E+001
-6.69187243748E+001
-6.68873800731E+001
-6.68798831381E+001
-6.68206085123E+001
-6.68403851048E+001
-6.67924752042E+001
-6.68155314591E+001
-6.68156877414E+001
-6.68025216378E+001
-6.68589443895E+001
-6.68805417206E+001
-6.68218443549E+001
-6.68201246584E+001
-6.66862205183E+001
-6.67366208426E+001
-6.67276228282E+001
-6.67509669201E+001
-6.67197484018E+001
-6.66898582288E+001
-6.67723127709E+001
-6.67517301584E+001
-6.67196670588E+001
-6.67646349943E+001
-6.67754367848E+001
-6.67306261238E+001
-6.67792238244E+001
-6.67370629333E+001
-6.67152178522E+001
-6.67903965275E+001
-6.67579390802E+001
-6.66979839030E+001
-6.68178489672E+001
-6.68342671984E+001
-6.69180341179E+001
-6.69210370357E+001
-6.68711767375E+001
-6.68585550634E+001
-6.68654612347E+001
-6.68961855695E+001
-6.67857929693E+001
-6.68080193359E+001
-6.67501590403E+001
-6.68269522196E+001
-6.68237444399E+001
-6.67493654675E+001
-6.67320319356E+001
-6.67381121052E+001
-6.67619977144E+001
-6.67395284169E+001
-6.67797849843E+001
-6.66705495601E+001
-6.66868187390E+001
-6.66496099181E+001
-6.66846361327E+001
-6.67750485247E+001
-6.67952180538E+001
-6.67548088004E+001
-6.68035519452E+001
-6.67778507326E+001
-6.67307583334E+001
-6.67156700789E+001
-6.66926068219E+001
-6.66684288790E+001
-6.66856206062E+001
-6.66954144819E+001
-6.67286601615E+001
-6.67175156377E+001
-6.67213596381E+001
-6.67362635693E+001
-6.66545175827E+001
-6.66808863471E+001
-6.67312525000E+001
-6.67604110336E+001
-6.66451204854E+001
-6.66102800602E+001
-6.65809470295E+001
-6.66013079692E+001
-6.65521026472E+001
-6.65802746423E+001
-6.66051152261E+001
-6.65631718871E+001
-6.65982916724E+001
-6.65843080425E+001
-6.66183086841E+001
-6.66409855110E+001
-6.66633922356E+001
-6.66489924552E+001
-6.66453107037E+001
-6.66019083524E+001
-6.66932457884E+001
-6.66722962728E+001
-6.67108316289E+001
-6.66616624651E+001
-6.66625273411E+001
-6.65737758551E+001
-6.66540090571E+001
-6.66669151211E+001
-6.66477922636E+001
-6.66577258253E+001
-6.66578064051E+001
-6.66629014229E+001
-6.66622642330E+001
-6.66846660204E+001
-6.66787418456E+001
-6.66850459003E+001
-6.67031893146E+001
-6.67741632998E+001
-6.68130880144E+001
-6.68254592760E+001
-6.68439996510E+001
-6.69065867830E+001
-6.69319689785E+001
-6.69405344865E+001
-6.70766942855E+001
-6.70721119377E+001
-6.71744618948E+001
-6.71614517286E+001
-6.72697952822E+001
-6.72794653521E+001
-6.73843934770E+001
-6.73448425850E+001
-6.73705853776E+001
-6.74141956108E+001
-6.75380149903E+001
-6.75184798109E+001
-6.74966978208E+001
-6.74185824245E+001
-6.74071202490E+001
-6.74440753983E+001
-6.75093432450E+001
-6.74708236962E+001
-6.74314422080E+001
-6.74335792336E+001
-6.74356527551E+001
-6.73872958559E+001
-6.73698544239E+001
-6.72902456890E+001
-6.73148905443E+001
-6.73107350724E+001
-6.72299770877E+001
-6.72826425914E+001
-6.72749770396E+001
-6.72764793594E+001
-6.72563673073E+001
-6.72545579431E+001
-6.72497662820E+001
-6.72804218834E+001
-6.73322767252E+001
-6.73443827722E+001
-6.73431744404E+001
-6.73177079056E+001
-6.73184196515E+001
-6.74637948690E+001
-6.74599769774E+001
-6.74343090305E+001
-6.74333897911E+001
-6.73885121617E+001
-6.73825257780E+001
-6.74046020942E+001
-6.74378024080E+001
-6.74114945884E+001
-6.74192621131E+001
-6.73931995800E+001
-6.74375800707E+001
-6.74416406743E+001
-6.74924288089E+001
-6.74663301092E+001
-6.74638973892E+001
-6.74407719062E+001
-6.74914829508E+001
-6.74369560402E+001
-6.74477857573E+001
-6.74335737331E+001
-6.74151791298E+001
-6.74192138082E+001
-6.73982497264E+001
-6.73533931407E+001
-6.73802216256E+001
-6.73777071331E+001
-6.73239669228E+001
-6.73666579362E+001
-6.73849136074E+001
-6.72036801669E+001
-6.72304343450E+001
-6.71709237636E+001
-6.71705242376E+001
-6.71990516430E+001
-6.72300093681E+001
-6.72482749530E+001
-6.71162330376E+001
-6.71635003821E+001
-6.71883642533E+001
-6.72119408526E+001
-6.72478916739E+001
-6.72496615074E+001
-6.72197021463E+001
-6.72348678004E+001
-6.72061967365E+001
-6.71651086224E+001
-6.72081828149E+001
-6.71270270157E+001
-6.71342423081E+001
-6.71000355735E+001
-6.71529001975E+001
-6.71285660185E+001
-6.70953520428E+001
-6.71493786108E+001
-6.71232172973E+001
-6.70409312804E+001
-6.70745408614E+001
-6.70312523985E+001
-6.70464359141E+001
-6.71082578718E+001
-6.71751501987E+001
-6.72440466988E+001
-6.72783485729E+001
-6.72966446080E+001
-6.72693365319E+001
-6.72673972090E+001
-6.73132545502E+001
-6.73989186502E+001
-6.73963993407E+001
-6.73587530735E+001
-6.73963508680E+001
-6.73787891618E+001
-6.73411118407E+001
-6.73449677063E+001
-6.73694429647E+001
-6.73541695364E+001
-6.72979447111E+001
-6.72357403271E+001
-6.72903585607E+001
-6.72519373980E+001
-6.72396823071E+001
-6.72168184493E+001
-6.71869429666E+001
-6.71763950100E+001
-6.71980454531E+001
-6.72668858839E+001
-6.72209402238E+001
-6.71887432772E+001
-6.72057469282E+001
-6.71549015680E+001
-6.71063708170E+001
-6.69916126070E+001
-6.70368278338E+001
-6.69885017618E+001
-6.69392594819E+001
-6.69793544915E+001
-6.69647212076E+001
-6.70325759433E+001
-6.71317165238E+001
-6.71314624768E+001
-6.71395211183E+001
-6.71191433184E+001
-6.71313620593E+001
-6.71331550413E+001
-6.71045493889E+001
-6.71720210754E+001
-6.71687634957E+001
-6.72927220168E+001
-6.72204761561E+001
-6.72434470433E+001
-6.72527950764E+001
-6.71782843245E+001
-6.71954136869E+001
-6.70945553878E+001
-6.70894730719E+001
-6.70660297093E+001
-6.71509196552E+001
-6.70734660643E+001
-6.70585925020E+001
-6.70592560858E+001
-6.70239126661E+001
-6.78255808802E+001
-6.78201255498E+001
-6.78250051976E+001
-6.78103948997E+001
-6.78084420521E+001
-6.78893498819E+001
-6.79028763067E+001
-6.79797163656E+001
-6.79796893984E+001
-6.79602453407E+001
-6.79657532497E+001
-6.79739510523E+001
-6.79600464602E+001
-6.79671662111E+001
-6.79356876285E+001
-6.79334680264E+001
-6.79704409680E+001
-6.79688053259E+001
-6.79717367762E+001
-6.79244497413E+001
-6.80310938994E+001
-6.80048810440E+001
-6.79831877034E+001
-6.79724955196E+001
-6.79324392569E+001
-6.79418702098E+001
-6.79288716981E+001
-6.80157470827E+001
-6.80001306117E+001
-6.78694666216E+001
-6.78290852605E+001
-6.78244660232E+001
-6.78825139163E+001
-6.79627605598E+001
-6.79963914252E+001
-6.80429410834E+001
-6.80261533650E+001
-6.80196992237E+001
-6.80313236286E+001
-6.81093186216E+001
-6.81154126430E+001
-6.81434348400E+001
-6.80599737029E+001
-6.80749306593E+001
-6.80542731686E+001
-6.81254086676E+001
-6.80705535388E+001
-6.79881592113E+001
-6.79853839614E+001
-6.80159409845E+001
-6.79877699121E+001
-6.81412402256E+001
-6.81549231588E+001
-6.81928699362E+001
-6.81533443671E+001
-6.81427723541E+001
-6.82040718371E+001
-6.81878138357E+001
-6.82493608043E+001
-6.82462188931E+001
-6.81961028885E+001
-6.82167483592E+001
-6.82110897911E+001
-6.81497178832E+001
-6.82168712004E+001
-6.81922221605E+001
-6.81404800185E+001
-6.81002292575E+001
-6.80495457170E+001
-6.80390831979E+001
-6.79660030154E+001
-6.79663782772E+001
-6.80309887824E+001
-6.80405730433E+001
-6.80904967434E+001
-6.80929758607E+001
-6.80370300036E+001
-6.80343108110E+001
-6.80411687051E+001
-6.80778285600E+001
-6.80473865200E+001
-6.80501878282E+001
-6.80625284605E+001
-6.80297383329E+001
-6.80144852157E+001
-6.80200580898E+001
-6.80798112527E+001
-6.81162289138E+001
-6.81335676099E+001
-6.81109102839E+001
-6.80569487815E+001
-6.79293682530E+001
-6.79056810236E+001
-6.80036339565E+001
-6.80309431427E+001
-6.80407199791E+001
-6.80410499901E+001
-6.79810338703E+001
-6.79964345229E+001
-6.79882069236E+001
-6.79639209986E+001
-6.79489543464E+001
-6.79676311986E+001
-6.80075221708E+001
-6.80060356490E+001
-6.80564078520E+001
-6.81225434403E+001
-6.81045266390E+001
-6.81544877773E+001
-6.82132341110E+001
-6.82878378936E+001
-6.82615801805E+001
-6.82925206478E+001
-6.82522238344E+001
-6.83553616316E+001
-6.83212183277E+001
-6.84372517277E+001
-6.84266280047E+001
-6.84303302559E+001
-6.84413516402E+001
-6.84901232750E+001
-6.85458600053E+001
-6.85947151415E+001
-6.85745033783E+001
-6.85987413595E+001
-6.86118494722E+001
-6.85991125691E+001
-6.85273924591E+001
-6.84842848832E+001
-6.86285932566E+001
-6.85782037138E+001
-6.86984776981E+001
-6.87142780021E+001
-6.87351935985E+001
-6.86899786327E+001
-6.86516107143E+001
-6.86857529970E+001
-6.85768543495E+001
-6.86683746474E+001
-6.86716421410E+001
-6.86582957883E+001
-6.86291322574E+001
-6.86317889273E+001
-6.86864867907E+001
-6.87206145122E+001
-6.86760748786E+001
-6.85599500050E+001
-6.85562187131E+001
-6.85686342703E+001
-6.85369783676E+001
-6.85864258763E+001
-6.76848717728E+001
-6.76789992508E+001
-6.76905322074E+001
-6.76842934502E+001
-6.76802485962E+001
-6.76341630893E+001
-6.75976794895E+001
-6.75264132916E+001
-6.75557287923E+001
-6.75587653928E+001
-6.75438319820E+001
-6.75691624820E+001
-6.76074277224E+001
-6.76477365497E+001
-6.76455631911E+001
-6.76727305191E+001
-6.76413080271E+001
-6.76052614324E+001
-6.76446068544E+001
-6.77448885230E+001
-6.76930560189E+001
-6.76883888662E+001
-6.76977423876E+001
-6.76948311711E+001
-6.76629569370E+001
-6.77055932178E+001
-6.77297843563E+001
-6.76636614493E+001
-6.76556351763E+001
-6.76995483360E+001
-6.77197788545E+001
-6.77933057405E+001
-6.77178200116E+001
-6.76857186690E+001
-6.76303623955E+001
-6.76193210572E+001
-6.76751729316E+001
-6.76492218245E+001
-6.76262462504E+001
-6.75975108143E+001
-6.75723043928E+001
-6.75982008994E+001
-6.75952018921E+001
-6.76991729194E+001
-6.77221206456E+001
-6.76518088035E+001
-6.76526859342E+001
-6.76535297270E+001
-6.76861364052E+001
-6.76825186233E+001
-6.76688374186E+001
-6.75617935357E+001
-6.75668574637E+001
-6.75293125865E+001
-6.75332036820E+001
-6.75104149300E+001
-6.74353748798E+001
-6.74199785381E+001
-6.73834438648E+001
-6.74324444504E+001
-6.74349064828E+001
-6.73581719202E+001
-6.74705870564E+001
-6.75476691481E+001
-6.74916352779E+001
-6.75098228413E+001
-6.75481099957E+001
-6.75636322278E+001
-6.75881600014E+001
-6.75904890394E+001
-6.76629013581E+001
-6.76392898464E+001
-6.75899295927E+001
-6.75776878423E+001
-6.74877347548E+001
-6.74404590135E+001
-6.74367786874E+001
-6.74329765980E+001
-6.74944498748E+001
-6.74701580043E+001
-6.74326224582E+001
-6.74302420618E+001
-6.74040598130E+001
-6.74178771965E+001
-6.75249199435E+001
-6.75342771872E+001
-6.74329378466E+001
-6.74050070820E+001
-6.74052727384E+001
-6.73872142088E+001
-6.74398015518E+001
-6.74956863857E+001
-6.75048104613E+001
-6.74002631080E+001
-6.74247601213E+001
-6.74432319621E+001
-6.73937937329E+001
-6.74013088582E+001
-6.73692641848E+001
-6.73958591648E+001
-6.73671114153E+001
-6.74005363076E+001
-6.74076031183E+001
-6.75148214138E+001
-6.75257037622E+001
-6.75291930741E+001
-6.74938312315E+001
-6.75555381679E+001
-6.74771691869E+001
-6.74290808929E+001
-6.74097025331E+001
-6.74140454730E+001
-6.73986266050E+001
-6.74311718889E+001
-6.73504617731E+001
-6.73343201404E+001
-6.72178510989E+001
-6.72210092635E+001
-6.72262415347E+001
-6.72442393953E+001
-6.72723048239E+001
-6.73437380689E+001
-6.73234474953E+001
-6.73435744793E+001
-6.73695124780E+001
-6.73630010702E+001
-6.74430416076E+001
-6.75547740034E+001
-6.75128087790E+001
-6.73906533206E+001
-6.74738835065E+001
-6.73460976541E+001
-6.73104893529E+001
-6.72583730610E+001
-6.73528302596E+001
-6.73177947062E+001
-6.72809087824E+001
-6.72543791748E+001
-6.72101847218E+001
-6.72505023293E+001
-6.72662598565E+001
-6.72551841992E+001
-6.71938802994E+001
-6.72242901807E+001
-6.72049673715E+001
-6.71627732205E+001
-6.71864429970E+001
-6.71306567190E+001
-6.71467030718E+001
-6.71160873742E+001
-6.70490746007E+001
-6.70671770317E+001
-6.70506286983E+001
-6.70688681330E+001
-6.70518350775E+001
-6.70914695148E+001
-6.70324758721E+001
-6.69895591380E+001
-6.70014668619E+001
-6.69743962656E+001
-6.70334344241E+001
-6.70351289613E+001
-6.70521642873E+001
-6.70416564496E+001
-6.70240003445E+001
-6.70294333387E+001
-6.70114629446E+001
-6.69736481590E+001
-6.70125501093E+001
-6.70025925074E+001
-6.69499529293E+001
-6.68879705603E+001
-6.68816108007E+001
-6.68595028642E+001
-6.69643004413E+001
-6.69708154108E+001
-6.69349241577E+001
-6.69560305782E+001
-6.69027328218E+001
-6.68732500967E+001
-6.68529087467E+001
-6.68351675927E+001
-6.68395621260E+001
-6.68344640436E+001
-6.68926270471E+001
-6.69116095581E+001
-6.68646393972E+001
-6.68137861482E+001
-6.68590257563E+001
-6.68571840832E+001
-6.68835749023E+001
-6.68991899265E+001
-6.68196693393E+001
-6.68663769610E+001
-6.67322315710E+001
-6.66994622246E+001
-6.67080184219E+001
-6.66961382310E+001
-6.67197143558E+001
-6.67073397005E+001
-6.67590291731E+001
-6.67930425993E+001
-6.68258988955E+001
-6.67868379691E+001
-6.68185196545E+001
-6.68502812392E+001
-6.68907106778E+001
-6.68970737850E+001
-6.68699518983E+001
-6.68773101001E+001
-6.68328343127E+001
-6.68339244595E+001
-6.68546256828E+001
-6.68603465814E+001
-6.68067805622E+001
-6.67785557804E+001
-6.67445102746E+001
-6.67322342740E+001
-6.67729740867E+001
-6.67312278932E+001
-6.67652391196E+001
-6.66550486324E+001
-6.66854207509E+001
-6.66877670209E+001
-6.67392989871E+001
-6.67563374445E+001
-6.67473175822E+001
-6.67725978744E+001
-6.67736370109E+001
-6.67435655738E+001
-6.67119406140E+001
-6.67024111662E+001
-6.67084227241E+001
-6.67620985586E+001
-6.67549639796E+001
-6.66798610932E+001
-6.67140514620E+001
-6.67027630641E+001
-6.66687030369E+001
-6.66766552661E+001
-6.66421426082E+001
-6.66526497911E+001
-6.66508126911E+001
-6.66991375835E+001
-6.66894028274E+001
-6.67585977302E+001
-6.67530149223E+001
-6.67506423995E+001
-6.67716486154E+001
-6.67937871547E+001
-6.69308216018E+001
-6.69584757271E+001
-6.69446662051E+001
-6.69457269416E+001
-6.68441961092E+001
-6.68384160899E+001
-6.69039240926E+001
-6.69318001825E+001
-6.69455910609E+001
-6.69006075905E+001
-6.68483414670E+001
-6.69311906229E+001
-6.69734123073E+001
-6.69675606802E+001
-6.69620349329E+001
-6.69276611199E+001
-6.69122703039E+001
-6.69035466387E+001
-6.69265401052E+001
-6.69614641670E+001
-6.69483341466E+001
-6.69030741700E+001
-6.68494560378E+001
-6.69232369930E+001
-6.68975002167E+001
-6.69087559567E+001
-6.70129128764E+001
-6.69800137304E+001
-6.69058391279E+001
-6.69045703061E+001
-6.69090861213E+001
-6.68745789311E+001
-6.69167860367E+001
-6.69388596990E+001
-6.69566911096E+001
-6.68732296597E+001
-6.69436506060E+001
-6.69434311215E+001
-6.69535251407E+001
-6.69182746870E+001
-6.68597089754E+001
-6.68921810971E+001
-6.69116106411E+001
-6.69217615088E+001
-6.68656655767E+001
-6.68967454943E+001
-6.68918560359E+001
-6.69030122187E+001
-6.69363907989E+001
-6.69323612708E+001
-6.69522660318E+001
-6.70850370499E+001
-6.73016604180E+001
-6.73769048158E+001
-6.73611650125E+001
-6.73486594797E+001
-6.73351071766E+001
-6.73481342343E+001
-6.74025966399E+001
-6.74248864120E+001
-6.74256572110E+001
-6.73936838943E+001
-6.74486022020E+001
-6.73901972045E+001
-6.74047035221E+001
-6.73678172587E+001
-6.74117342270E+001
-6.73795630921E+001
-6.74685192101E+001
-6.73914039988E+001
-6.73789093362E+001
-6.73932798042E+001
-6.74812519425E+001
-6.74819506638E+001
-6.74924838852E+001
-6.73780007371E+001
-6.74148428818E+001
-6.73753729562E+001
-6.73615480515E+001
-6.74308077412E+001
-6.74276311570E+001
-6.75385197389E+001
-6.76410515153E+001
-6.75601744438E+001
-6.75461334122E+001
-6.74895875538E+001
-6.74943524609E+001
-6.75327042964E+001
-6.75788388291E+001
-6.75612077947E+001
-6.75706309122E+001
-6.75379501282E+001
-6.75200718901E+001
-6.75208595166E+001
-6.75176406427E+001
-6.75285360065E+001
-6.76303204099E+001
-6.76581685955E+001
-6.76865084494E+001
-6.76824371483E+001
-6.76550806306E+001
-6.75873619232E+001
-6.76233912491E+001
-6.75534608324E+001
-6.76150552975E+001
-6.76588961257E+001
-6.77108908238E+001
-6.77489930612E+001
-6.77191662024E+001
-6.77795813877E+001
-6.78262748846E+001
-6.78437790217E+001
-6.80030652970E+001
-6.80282538327E+001
-6.79495556695E+001
-6.80207890289E+001
-6.80866370908E+001
-6.80905059010E+001
-6.80962962365E+001
-6.80579193877E+001
-6.80995665068E+001
-6.80665730006E+001
-6.80736589918E+001
-6.80481062501E+001
-6.80332670882E+001
-6.80208073421E+001
-6.81356082678E+001
-6.81663630193E+001
-6.81653504542E+001
-6.82015991737E+001
-6.81803974841E+001
-6.82890748640E+001
-6.82941015848E+001
-6.83178931789E+001
-6.82428653108E+001
-6.82393844465E+001
-6.82986706917E+001
-6.82542707766E+001
-6.82822711470E+001
-6.83320382517E+001
-6.83194588042E+001
-6.83349077858E+001
-6.83149476398E+001
-6.83311495408E+001
-6.82399793617E+001
-6.82072061102E+001
-6.81134403679E+001
-6.81334058908E+001
-6.81608590497E+001
-6.81449147544E+001
-6.80982853238E+001
-6.79113616834E+001
-6.79297770902E+001
-6.79590413659E+001
-6.79553326091E+001
-6.79588223544E+001
-6.79367669366E+001
-6.78955951693E+001
-6.78565973314E+001
-6.78508791110E+001
-6.78887175912E+001
-6.79116856276E+001
-6.78064354695E+001
-6.77674296348E+001
-6.78000973628E+001
-6.77620590728E+001
-6.77857722294E+001
-6.78392785920E+001
-6.78279473753E+001
-6.78074192236E+001
-6.77793416600E+001
-6.78178068120E+001
-6.78839865032E+001
-6.78553709408E+001
-6.77620737173E+001
-6.77407462664E+001
-6.77477620404E+001
-6.76626769335E+001
-6.76320949541E+001
-6.76169496928E+001
-6.76172616924E+001
-6.75956391458E+001
-6.75715378187E+001
-6.76273510491E+001
-6.76368487672E+001
-6.76452180084E+001
-6.76502412553E+001
-6.76795274528E+001
-6.77123392717E+001
-6.77385995761E+001
-6.77344965739E+001
-6.77970310850E+001
-6.78119501901E+001
-6.77933488594E+001
-6.78581779475E+001
-6.78902643800E+001
-6.79397635475E+001
-6.80069179055E+001
-6.80131514669E+001
-6.79938338600E+001
-6.80035357636E+001
-6.79840300711E+001
-6.78642885813E+001
-6.76392206077E+001
-6.76241923404E+001
-6.76316770711E+001
-6.76380858935E+001
-6.76675861289E+001
-6.76643959456E+001
-6.76684183617E+001
-6.76510737022E+001
-6.77238051882E+001
-6.77043168325E+001
-6.76814385399E+001
-6.77258185989E+001
-6.77686869050E+001
-6.77451985041E+001
-6.76230176569E+001
-6.76769026189E+001
-6.76398701728E+001
-6.76633608420E+001
-6.76674475531E+001
-6.76755837825E+001
-6.76147341985E+001
-6.76461137315E+001
-6.76618572391E+001
-6.76852742452E+001
-6.77125825846E+001
-6.77410821218E+001
-6.77312482957E+001
-6.76647042685E+001
-6.76961070771E+001
-6.75500937662E+001
-6.74896250123E+001
-6.74993834402E+001
-6.75366971754E+001
-6.75495864396E+001
-6.74849121665E+001
-6.75253447251E+001
-6.75133850374E+001
-6.75789431263E+001
-6.75621369687E+001
-6.75263775415E+001
-6.75297835304E+001
-6.75897687819E+001
-6.76068266654E+001
-6.76893954414E+001
-6.76668724869E+001
-6.76620056988E+001
-6.77272076471E+001
-6.77787401556E+001
-6.78305432790E+001
-6.78497019471E+001
-6.78235967961E+001
-6.78357226064E+001
-6.79016461419E+001
-6.77945910516E+001
-6.76778958788E+001
-6.76135534686E+001
-6.76193774026E+001
-6.75500423515E+001
-6.74687204584E+001
-6.74745009441E+001
-6.72722790566E+001
-6.72312556763E+001
-6.71500427698E+001
-6.70522901987E+001
-6.69728272633E+001
-6.69309907966E+001
-6.69076167655E+001
-6.68807120852E+001
-6.68415200812E+001
-6.68166573330E+001
-6.68008765454E+001
-6.67602904397E+001
-6.67674413526E+001
-6.66943954997E+001
-6.65426181488E+001
-6.65151994279E+001
-6.65205924379E+001
-6.64528101445E+001
-6.64345759960E+001
-6.63148877898E+001
-6.62939495548E+001
-6.62367663433E+001
-6.62250388629E+001
-6.62038501017E+001
-6.61231770000E+001
-6.61071196027E+001
-6.60900855571E+001
-6.60323191757E+001
-6.60083259618E+001
-6.59834550221E+001
-6.59063574208E+001
-6.58241306938E+001
-6.58293799294E+001
-6.58246086865E+001
-6.57434269097E+001
-6.56865069281E+001
-6.56270910449E+001
-6.55704662856E+001
-6.55836262197E+001
-6.56029192627E+001
-6.55478072058E+001
-6.54670881762E+001
-6.54574496530E+001
-6.54494274318E+001
-6.54256297057E+001
-6.54612760365E+001
-6.54233849510E+001
-6.53883852700E+001
-6.53512469638E+001
-6.53360999459E+001
-6.53107034651E+001
-6.52747078413E+001
-6.52250362350E+001
-6.52022122758E+001
-6.51505544454E+001
-6.50562245078E+001
-6.50722487579E+001
-6.50158522759E+001
-6.49629477954E+001
-6.48714016857E+001
-6.47542449055E+001
-6.47130686260E+001
-6.46661147143E+001
-6.46390914914E+001
-6.45548577579E+001
-6.45011955013E+001
-6.44630083173E+001
-6.44248593766E+001
-6.43607879232E+001
-6.43355786392E+001
-6.43085624892E+001
-6.41889966922E+001
-6.41649009287E+001
-6.41240641215E+001
-6.41061529663E+001
-6.39749478980E+001
-6.39412376586E+001
-6.38854975283E+001
-6.38510581839E+001
-6.37445063154E+001
-6.36527470372E+001
-6.36233674528E+001
-6.35536994191E+001
-6.35101674831E+001
-6.34257190722E+001
-6.33691177596E+001
-6.33729597653E+001
-6.33273231563E+001
-6.32813924507E+001
-6.32401250992E+001
-6.32335380683E+001
-6.31956146179E+001
-6.31190330148E+001
-6.30604430480E+001
-6.30140238421E+001
-6.29431630070E+001
-6.28993135145E+001
-6.28168075619E+001
-6.27637491893E+001
-6.26481579813E+001
-6.26255593873E+001
-6.25909821616E+001
-6.25453800568E+001
-6.24654515534E+001
-6.24405574034E+001
-6.24442003973E+001
-6.23445829284E+001
-6.23113607756E+001
-6.22992262032E+001
-6.22187451553E+001
-6.21962370681E+001
-6.21393560740E+001
-6.20744516871E+001
-6.20436559351E+001
-6.19592180642E+001
-6.18548825654E+001
-6.18567216771E+001
-6.18260122220E+001
-6.17986154304E+001
-6.17572777883E+001
-6.17384553965E+001
-6.17156999636E+001
-6.16870264698E+001
-6.16433937695E+001
-6.16150459594E+001
-6.15955393378E+001
-6.14619890091E+001
-6.14077967493E+001
-6.13147003491E+001
-6.12928433286E+001
-6.12772746830E+001
-6.12113368331E+001
-6.11212079578E+001
-6.10635753578E+001
-6.09558985325E+001
-6.08383408503E+001
-6.08229421972E+001
-6.07110590753E+001
-6.06297380415E+001
-6.05725705266E+001
-6.05223409288E+001
-6.04581095531E+001
-6.04242359858E+001
-6.02788720142E+001
-6.02911428380E+001
-6.03036863996E+001
-6.02798949966E+001
-6.02648872925E+001
-6.03284956381E+001
-6.03148945210E+001
-6.02610863144E+001
-6.02990689630E+001
-6.02802359326E+001
-6.02996760894E+001
-6.03351727036E+001
-6.03160093918E+001
-6.03509476243E+001
-6.03133129282E+001
-6.03234030789E+001
-6.03261653330E+001
-6.02943090871E+001
-6.03058896322E+001
-6.03398615169E+001
-6.03670468906E+001
-6.03881948870E+001
-6.03967060405E+001
-6.03737200118E+001
-6.03105051581E+001
-6.03334031925E+001
-6.02966689655E+001
-6.02996611311E+001
-6.02883071300E+001
-6.02613793821E+001
-6.02676426103E+001
-6.02694894584E+001
-6.02580560489E+001
-6.02451459746E+001
-6.02125359259E+001
-6.02001962672E+001
-6.02013505830E+001
-6.02134532462E+001
-6.02209044704E+001
-6.02614187510E+001
-6.02467137666E+001
-6.02455510026E+001
-6.02548269259E+001
-6.02429129456E+001
-6.03083312355E+001
-6.03284913794E+001
-6.03066642377E+001
-6.03089341160E+001
-6.02839833587E+001
-6.03010434882E+001
-6.02758108541E+001
-6.02387622028E+001
-6.02348149510E+001
-6.01126160316E+001
-6.01328118241E+001
-6.01093494572E+001
-6.01153939208E+001
-6.01246518343E+001
-6.01046300670E+001
-6.01270819821E+001
-6.01456307524E+001
-6.01401156695E+001
-6.01216872093E+001
-6.01141434537E+001
-6.00892050014E+001
-6.00831826780E+001
-6.00941569637E+001
-6.01082076489E+001
-6.01111813139E+001
-6.01332667332E+001
-6.01438907163E+001
-6.01663084829E+001
-6.01528131895E+001
-6.01525548118E+001
-6.01340647481E+001
-6.01725719193E+001
-6.01917530662E+001
-6.01889521854E+001
-6.01747443657E+001
-6.02025123712E+001
-6.01607212034E+001
-6.01624862176E+001
-6.01502011897E+001
-6.01891947407E+001
-6.01637524929E+001
-6.01598204237E+001
-6.01622175602E+001
-6.01686935675E+001
-6.02057408068E+001
-6.02034430633E+001
-6.02271713372E+001
-6.02073041949E+001
-6.01982620770E+001
-6.01690328230E+001
-6.01095437190E+001
-6.01110238350E+001
-6.01053089422E+001
-6.01492613007E+001
-6.01476716035E+001
-6.01575638066E+001
-6.01971481678E+001
-6.02200959446E+001
-6.02363364767E+001
-6.02262516135E+001
-6.02258058290E+001
-6.02427189011E+001
-6.02525661932E+001
-6.03066746520E+001
-6.02912317142E+001
-6.02762850512E+001
-6.02472070425E+001
-6.02711882935E+001
-6.02684413056E+001
-6.02460759882E+001
-6.02837339463E+001
-6.02694092184E+001
-6.02347326959E+001
-6.02783740087E+001
-6.02414504292E+001
-6.02550302274E+001
-6.03217222151E+001
-6.03274044068E+001
-6.03311854164E+001
-6.03232139875E+001
-6.02793216859E+001
-6.02585984344E+001
-6.02355872673E+001
-6.02373745185E+001
-6.02371982475E+001
-6.02110242748E+001
-6.02190711303E+001
-6.02192932076E+001
-6.02076748436E+001
-6.02290491647E+001
-6.02422629644E+001
-6.02577946578E+001
-6.02718579270E+001
-6.02672781492E+001
-6.02726665850E+001
-6.02792212059E+001
-6.02743487123E+001
-6.02635249989E+001
-6.02659048245E+001
-6.02891449174E+001
-6.03043387380E+001
-6.03223969259E+001
-6.03357506447E+001
-6.03027991173E+001
-6.03004854588E+001
-6.02972734549E+001
-6.02900065880E+001
-6.02875141848E+001
-6.02791637713E+001
-6.02935376263E+001
-6.02863067052E+001
-6.02784270827E+001
-6.02279757444E+001
-6.02342181822E+001
-6.02409370288E+001
-6.02339220519E+001
-6.02514167318E+001
-6.02287637989E+001
-6.02152266411E+001
-6.02321742770E+001
-6.02161194321E+001
-6.02877121319E+001
-6.02609394502E+001
-6.02246779072E+001
-6.02486544315E+001
-6.02580611598E+001
-6.02332969848E+001
-6.01886311048E+001
-6.01717626992E+001
-6.01701315179E+001
-6.01903024545E+001
-6.02130375897E+001
-6.02223853419E+001
-6.02344572021E+001
-6.02282700206E+001
-6.02099026045E+001
-6.02336656568E+001
-6.02365303797E+001
-6.02087909034E+001
-6.02466427540E+001
-6.02757907057E+001
-6.02964944780E+001
-6.03307257193E+001
-6.03559362605E+001
-6.03687137431E+001
-6.04994970611E+001
-6.05067846523E+001
-6.05604637167E+001
-6.06309293937E+001
-6.06511444730E+001
-6.07188588671E+001
-6.06991365086E+001
-6.08100426966E+001
-6.08471410281E+001
-6.08615965686E+001
-6.09108032025E+001
-6.10128858945E+001
-6.10575299083E+001
-6.10760403626E+001
-6.10979188897E+001
-6.11046695732E+001
-6.11191677234E+001
-6.12403739357E+001
-6.12460730565E+001
-6.13254012008E+001
-6.13591094118E+001
-6.13888217762E+001
-6.14283886267E+001
-6.14499510137E+001
-6.15191104644E+001
-6.15611875704E+001
-6.15652639109E+001
-6.16388932907E+001
-6.16831155189E+001
-6.17623785757E+001
-6.18125787724E+001
-6.18362949094E+001
-6.18547055178E+001
-6.19457569319E+001
-6.19975137924E+001
-6.20488701288E+001
-6.20789715028E+001
-6.20494115989E+001
-6.20605078809E+001
-6.21143209268E+001
-6.21253540819E+001
-6.21362391905E+001
-6.21895337108E+001
-6.22072776795E+001
-6.22918393537E+001
-6.22903389773E+001
-6.23082173212E+001
-6.23230726036E+001
-6.23374664534E+001
-6.23741427994E+001
-6.23902018797E+001
-6.24359379128E+001
-6.24471871813E+001
-6.24607639123E+001
-6.25081671739E+001
-6.25512203375E+001
-6.25983332310E+001
-6.26677343178E+001
-6.27216054826E+001
-6.27375736884E+001
-6.27480398957E+001
-6.27651326079E+001
-6.27469491333E+001
-6.28235177999E+001
-6.28716886580E+001
-6.28844631467E+001
-6.29438392434E+001
-6.29649755033E+001
-6.29993294289E+001
-6.30085271016E+001
-6.30642277057E+001
-6.30940569977E+001
-6.31240753966E+001
-6.31599974600E+001
-6.31709490245E+001
-6.32230600402E+001
-6.32565494107E+001
-6.32518445041E+001
-6.32752601397E+001
-6.33028581987E+001
-6.33343481928E+001
-6.33669985134E+001
-6.33615765852E+001
-6.33979050125E+001
-6.34463480840E+001
-6.34946919041E+001
-6.36399892082E+001
-6.37007653110E+001
-6.37299438837E+001
-6.38659912329E+001
-6.39349142470E+001
-6.40122926466E+001
-6.40349887404E+001
-6.40836645145E+001
-6.40908723000E+001
-6.41279405370E+001
-6.41778956566E+001
-6.43115143504E+001
-6.43592037663E+001
-6.43935675704E+001
-6.44297043026E+001
-6.44462313542E+001
-6.45001476010E+001
-6.45034630867E+001
-6.45248182622E+001
-6.45508963152E+001
-6.45983680031E+001
-6.46491989709E+001
-6.46721100169E+001
-6.47562880136E+001
-6.49824317739E+001
-6.50238698096E+001
-6.50370119947E+001
-6.51060195421E+001
-6.51545770775E+001
-6.52363286858E+001
-6.52975945990E+001
-6.53796959488E+001
-6.53901204528E+001
-6.55074961020E+001
-6.55254454769E+001
-6.55237730578E+001
-6.55824294270E+001
-6.56351964299E+001
-6.56484850352E+001
-6.56456579022E+001
-6.56882956217E+001
-6.56510305549E+001
-6.56916794339E+001
-6.57384105532E+001
-6.57714922675E+001
-6.57988099906E+001
-6.58535223481E+001
-6.58958158879E+001
-6.59178679874E+001
-6.59663912573E+001
-6.60352337539E+001
-6.60371780108E+001
-6.60610881778E+001
-6.61195501844E+001
-6.61705663254E+001
-6.62083460387E+001
-6.62458460910E+001
-6.62559773072E+001
-6.62584667584E+001
-6.62534419131E+001
-6.62477453471E+001
-6.63499186542E+001
-6.63691151784E+001
-6.64161544665E+001
-6.64628051923E+001
-6.64458485116E+001
-6.64468123416E+001
-6.64490865947E+001
-6.64051211954E+001
-6.64312706153E+001
-6.64009575049E+001
-6.64017641890E+001
-6.63057001575E+001
-6.63206634164E+001
-6.63626602154E+001
-6.64111881341E+001
-6.63811143482E+001
-6.63639480510E+001
-6.63640007294E+001
-6.63533530195E+001
-6.63938892237E+001
-6.63772157883E+001
-6.63495082948E+001
-6.64693822937E+001
-6.64255399851E+001
-6.64557161302E+001
-6.65010797983E+001
-6.65424784061E+001
-6.65961188247E+001
-6.65895445575E+001
-6.66639173682E+001
-6.67371026587E+001
-6.66818025281E+001
-6.67007834045E+001
-6.67360511444E+001
-6.67317680312E+001
-6.68259677215E+001
-6.68860974733E+001
-6.68219308748E+001
-6.68408957093E+001
-6.68290816278E+001
-6.68766058556E+001
-6.68604969967E+001
-6.68786456938E+001
-6.68638073224E+001
-6.69141558551E+001
-6.68920998970E+001
-6.68722859996E+001
-6.69227034941E+001
-6.69017604948E+001
-6.69015973478E+001
-6.69177220821E+001
-6.69260178675E+001
-6.69612164361E+001
-6.69898325228E+001
-6.70235792709E+001
-6.70114519101E+001
-6.70161863250E+001
-6.70654689784E+001
-6.70594572669E+001
-6.70482406028E+001
-6.71070791561E+001
-6.70885984012E+001
-6.70684553212E+001
-6.70444073777E+001
-6.70619781083E+001
-6.70808009425E+001
-6.70717827014E+001
-6.70398880781E+001
-6.70037646976E+001
-6.70296704765E+001
-6.70169677818E+001
-6.70964393882E+001
-6.71290200841E+001
-6.71266406385E+001
-6.71409546528E+001
-6.71702899916E+001
-6.71972107950E+001
-6.71513199046E+001
-6.71616246045E+001
-6.72049960391E+001
-6.71622123944E+001
-6.72323952530E+001
-6.72417850388E+001
-6.72230578332E+001
-6.71872726628E+001
-6.72525264699E+001
-6.72011069388E+001
-6.72299600614E+001
-6.72830269080E+001
-6.72948943825E+001
-6.71922342330E+001
-6.71798540673E+001
-6.72589815773E+001
-6.71487771833E+001
-6.71106729310E+001
-6.70681972772E+001
-6.70490929111E+001
-6.70340001173E+001
-6.71064255195E+001
-6.70944887154E+001
-6.70834733510E+001
-6.69668201963E+001
-6.69343431201E+001
-6.69106584448E+001
-6.69309919752E+001
-6.69308450328E+001
-6.70218233337E+001
-6.70811437259E+001
-6.71427158231E+001
-6.71249510298E+001
-6.70842623057E+001
-6.70306788085E+001
-6.70808438924E+001
-6.70791981959E+001
-6.68998434456E+001
-6.69098227493E+001
-6.69106506198E+001
-6.68638169403E+001
-6.68270193846E+001
-6.67914407104E+001
-6.68503211241E+001
-6.68504046788E+001
-6.69225119817E+001
-6.69575146574E+001
-6.70021823337E+001
-6.70111186199E+001
-6.70094411794E+001
-6.70544129220E+001
-6.70656695111E+001
-6.70449478141E+001
-6.71122731600E+001
-6.71453704528E+001
-6.71887957842E+001
-6.71451450879E+001
-6.71090550360E+001
-6.69708268517E+001
-6.69971565998E+001
-6.70487849327E+001
-6.70816079605E+001
-6.71367606586E+001
-6.70383434563E+001
-6.70344601893E+001
-6.71416387505E+001
-6.72113865453E+001
-6.70154213156E+001
-6.69970920920E+001
-6.68341813152E+001
-6.68021733899E+001
-6.66656862658E+001
-6.66956065640E+001
-6.66053588221E+001
-6.63250898014E+001
-6.63509540303E+001
-6.62822610142E+001
-6.63740080055E+001
-6.63613488466E+001
-6.65029368665E+001
-6.64286232384E+001
-6.64977413466E+001
-6.65643100940E+001
-6.64048859809E+001
-6.64787701725E+001
-6.64228400206E+001
-6.63356203788E+001
-6.63695536040E+001
-6.64640880258E+001
-6.65765788958E+001
-6.66613334038E+001
-6.67071271558E+001
-6.64114122196E+001
-6.63327809850E+001
-6.62757875019E+001
-6.64379461889E+001
-6.64602826036E+001
-6.64634824934E+001
-6.68164720367E+001
-6.68057124941E+001
-6.63616401865E+001
-6.64631216006E+001
-6.63139224989E+001
-6.65718570806E+001
-6.69941988672E+001
-6.67255330647E+001
-6.70656601713E+001
-6.74646153000E+001
-6.81407504146E+001
-6.74208514108E+001
-6.60607179597E+001
-6.68928400693E+001
-6.70531174490E+001
-6.61348478525E+001
-6.02822941551E+001
-6.55112195551E+001
-6.62505076748E+001
-6.58670457709E+001
-6.67920255539E+001
-6.62800045765E+001
-6.67554482078E+001
-6.70344078565E+001
-6.71166429095E+001
-6.68141883881E+001
-6.69914641218E+001
-6.72998919166E+001
-6.73831475970E+001
-6.73638321121E+001
-6.71676123514E+001
-6.69977667723E+001
-6.71208680603E+001
-6.71201818693E+001
-6.70076100675E+001
-6.70446045523E+001
-6.70577977994E+001
-6.69695366320E+001
-6.68460631983E+001
-6.71153219822E+001
-6.71904582761E+001
-6.70877467167E+001
-6.70387956794E+001
-6.70936117388E+001
-6.71522993627E+001
-6.71634786664E+001
-6.71605290239E+001
-6.72060422095E+001
-6.72863029034E+001
-6.72694200551E+001
-6.72568703362E+001
-6.72884106194E+001
-6.73804916009E+001
-6.73301834617E+001
-6.73137599373E+001
-6.73075167165E+001
-6.72496537028E+001
-6.74180383117E+001
-6.73360895448E+001
-6.73625990769E+001
-6.73172648452E+001
-6.72213460527E+001
-6.72943570525E+001
-6.72912615218E+001
-6.71852804720E+001
-6.73385787679E+001
-6.72235572443E+001
-6.72250189004E+001
-6.72485407867E+001
-6.72410921954E+001
-6.74182562565E+001
-6.73672442402E+001
-6.74186021908E+001
-6.74313924689E+001
-6.73563277369E+001
-6.74672535316E+001
-6.74060209487E+001
-6.74812730767E+001
-6.74144201621E+001
-6.74504621364E+001
-6.74285801292E+001
-6.73821641336E+001
-6.73326084895E+001
-6.72418140303E+001
-6.72973419094E+001
-6.72721098329E+001
-6.72764656615E+001
-6.72955651581E+001
-6.73018987631E+001
-6.72568628860E+001
-6.72137898074E+001
-6.72612419516E+001
-6.73091359934E+001
-6.73218397344E+001
-6.73771411219E+001
-6.74012073758E+001
-6.73996905520E+001
-6.73994465311E+001
-6.74017869650E+001
-6.73608818354E+001
-6.73679947601E+001
-6.73934116363E+001
-6.74617532221E+001
-6.73871936778E+001
-6.74519085871E+001
-6.73695824975E+001
-6.74556954844E+001
-6.74737458014E+001
-6.74375556127E+001
-6.75047380003E+001
-6.75108636539E+001
-6.75321773185E+001
-6.75640531433E+001
-6.75399423861E+001
-6.76000595411E+001
-6.75943440432E+001
-6.76369267873E+001
-6.76135486431E+001
-6.76343922246E+001
-6.76763507657E+001
-6.76725840403E+001
-6.77912695099E+001
-6.77881073861E+001
-6.78247964270E+001
-6.77817158059E+001
-6.77420750397E+001
-6.77851275336E+001
-6.77815029916E+001
-6.77664826298E+001
-6.77639402736E+001
-6.77284324500E+001
-6.76996888147E+001
-6.77880648043E+001
-6.79116274238E+001
-6.79200063611E+001
-6.80044669974E+001
-6.80159062785E+001
-6.78930577849E+001
-6.79275820881E+001
-6.78828569940E+001
-6.78615200217E+001
-6.78637370764E+001
-6.78484829541E+001
-6.78703945183E+001
-6.79483291668E+001
-6.79752045389E+001
-6.79463204445E+001
-6.79339744339E+001
-6.79098008303E+001
-6.79966540956E+001
-6.80898388585E+001
-6.80454980602E+001
-6.80195446999E+001
-6.79660293472E+001
-6.80014975211E+001
-6.79171951968E+001
-6.79317960400E+001
-6.79940798637E+001
-6.79737759512E+001
-6.81068431091E+001
-6.80950069107E+001
-6.80708490642E+001
-6.80525444808E+001
-6.80529937844E+001
-6.79968556301E+001
-6.81208908571E+001
-6.81651624142E+001
-6.82938933574E+001
-6.82978302016E+001
-6.82952427916E+001
-6.82869204346E+001
-6.85524370231E+001
-6.85190680081E+001
-6.84675841227E+001
-6.83816130032E+001
-6.83956803741E+001
-6.84210165313E+001
-6.84536023187E+001
-6.83949911588E+001
-6.84556614308E+001
-6.84656316235E+001
-6.85382963311E+001
-6.85573150667E+001
-6.85420317751E+001
-6.84741571737E+001
-6.84796388251E+001
-6.84415823210E+001
-6.85092807145E+001
-6.85290186412E+001
-6.85534344940E+001
-6.84219453835E+001
-6.84521711184E+001
-6.84790447155E+001
-6.83974442116E+001
-6.84410757509E+001
-6.84086868080E+001
-6.83826504731E+001
-6.83583932672E+001
-6.84242683341E+001
-6.83640013059E+001
-6.83002704427E+001
-6.82699763875E+001
-6.82914856223E+001
-6.82793190790E+001
-6.82053591642E+001
-6.81617480228E+001
-6.82059113268E+001
-6.82325366449E+001
-6.82365760374E+001
-6.81014133637E+001
-6.81689225483E+001
-6.82423426783E+001
-6.82948468162E+001
-6.82900180176E+001
-6.82349333236E+001
-6.82506756638E+001
-6.83011705795E+001
-6.82985099236E+001
-6.83152834408E+001
-6.83281262975E+001
-6.83363427796E+001
-6.84340888731E+001
-6.84886184132E+001
-6.85047706286E+001
-6.84790457365E+001
-6.85323154797E+001
-6.86259251661E+001
-6.85759940456E+001
-6.85346377573E+001
-6.86240418993E+001
-6.86309809958E+001
-6.86432632781E+001
-6.86019270711E+001
-6.86774211224E+001
-6.87168615316E+001
-6.86625230612E+001
-6.86409530311E+001
-6.87246398438E+001
-6.87188580617E+001
-6.87616885247E+001
-6.87530124047E+001
-6.87704995248E+001
-6.86736687922E+001
-6.86860256734E+001
-6.86749248200E+001
-6.86056572953E+001
-6.86086585987E+001
-6.86067087934E+001
-6.86001043538E+001
-6.85835604256E+001
-6.85712315664E+001
-6.85134204483E+001
-6.85420983427E+001
-6.84920437321E+001
-6.85011545610E+001
-6.84254192307E+001
-6.84974748692E+001
-6.84541674578E+001
-6.85352313957E+001
-6.85668662808E+001
-6.84952416678E+001
-6.85093683696E+001
-6.84972214562E+001
-6.84548932960E+001
-6.85189292127E+001
-6.85527182422E+001
-6.85292284909E+001
-6.84946667499E+001
-6.84867554383E+001
-6.84470962259E+001
-6.84321122043E+001
-6.84599120944E+001
-6.83603846383E+001
-6.84072741367E+001
-6.83881531245E+001
-6.83918759333E+001
-6.84364815537E+001
-6.84301563281E+001
-6.84642168343E+001
-6.84787207552E+001
-6.85329961657E+001
-6.85384535250E+001
-6.85313977863E+001
-6.85149719567E+001
-6.83827075113E+001
-6.83914435491E+001
-6.83229292344E+001
-6.83556740065E+001
-6.83809983678E+001
-6.83736214141E+001
-6.84044318153E+001
-6.83972500104E+001
-6.83707812729E+001
-6.84258757233E+001
-6.84120660298E+001
-6.83808655610E+001
-6.84435008109E+001
-6.84202540547E+001
-6.83846485264E+001
-6.84372999290E+001
-6.83651004214E+001
-6.82791783130E+001
-6.82857684296E+001
-6.83705333424E+001
-6.84449248533E+001
-6.84905492328E+001
-6.85007141534E+001
-6.85734312962E+001
-6.85415716690E+001
-6.85226396058E+001
-6.84308692489E+001
-6.83996163324E+001
-6.84105212158E+001
-6.84277430995E+001
-6.84513963075E+001
-6.84888253171E+001
-6.83734080008E+001
-6.83391956670E+001
-6.82824365958E+001
-6.82911194310E+001
-6.82909371504E+001
-6.83253307105E+001
-6.82054969163E+001
-6.82129368027E+001
-6.82355403474E+001
-6.82699227641E+001
-6.82965354806E+001
-6.83738395191E+001
-6.83812905343E+001
-6.83813636003E+001
-6.83484737724E+001
-6.83583685469E+001
-6.83233787905E+001
-6.83789372857E+001
-6.83713869645E+001
-6.83773443887E+001
-6.84232351434E+001
-6.85319400296E+001
-6.85642140154E+001
-6.85951948387E+001
-6.85809349020E+001
-6.86215585892E+001
-6.86456491969E+001
-6.86257037929E+001
-6.86544585427E+001
-6.86505613937E+001
-6.87457703873E+001
-6.87815474744E+001
-6.89021570450E+001
-6.88055709878E+001
-6.87685197731E+001
-6.87497716193E+001
-6.87605205703E+001
-6.88011257006E+001
-6.87912274835E+001
-6.88521168048E+001
-6.88498236803E+001
-6.87928766536E+001
-6.88156115034E+001
-6.88443541321E+001
-6.88852251295E+001
-6.88381731811E+001
-6.87862761469E+001
-6.87964393468E+001
-6.87886359235E+001
-6.88189254005E+001
-6.88087048956E+001
-6.88061999561E+001
-6.88579225548E+001
-6.88124510006E+001
-6.88068403696E+001
-6.88921056298E+001
-6.87980337448E+001
-6.87697837929E+001
-6.87598474977E+001
-6.88749695590E+001
-6.88652942176E+001
-6.87480558603E+001
-6.88595286117E+001
-6.88601785592E+001
-6.87965302596E+001
-6.88960462799E+001
-6.88798912276E+001
-6.89281504340E+001
-6.88954277324E+001
-6.88783263555E+001
-6.89023911807E+001
-6.89190310895E+001
-6.88164849572E+001
-6.88867398820E+001
-6.88802402663E+001
-6.88492184933E+001
-6.88720216985E+001
-6.89112969256E+001
-6.88822996191E+001
-6.88553378650E+001
-6.89367585048E+001
-6.89677232402E+001
-6.89586763386E+001
-6.90160138673E+001
-6.90147158608E+001
-6.91639512687E+001
-6.91630908100E+001
-6.91068264088E+001
-6.91096467797E+001
-6.92050278318E+001
-6.92413944855E+001
-6.92372496616E+001
-6.92053408172E+001
-6.91693306823E+001
-6.91839178374E+001
-6.92154880460E+001
-6.92106668347E+001
-6.91339129724E+001
-6.91303308462E+001
-6.90732532965E+001
-6.90564629054E+001
-6.91059154675E+001
-6.90892433433E+001
-6.90983062169E+001
-6.90869874254E+001
-6.90632936632E+001
-6.89986958016E+001
-6.89968661738E+001
-6.89283109387E+001
-6.89320190078E+001
-6.89313594478E+001
-6.89268290246E+001
-6.89050103818E+001
-6.89156303180E+001
-6.89066948895E+001
-6.88659818440E+001
-6.88722860976E+001
-6.89107814831E+001
-6.88515719546E+001
-6.88973513721E+001
-6.89097330341E+001
-6.89062673490E+001
-6.89063476466E+001
-6.88496058277E+001
-6.88835071337E+001
-6.88396435287E+001
-6.88341347331E+001
-6.88885537904E+001
-6.88412144695E+001
-6.88528105301E+001
-6.87925222999E+001
-6.86989088268E+001
-6.86669458411E+001
-6.86722124316E+001
-6.85808553241E+001
-6.85199904544E+001
-6.85440353908E+001
-6.86495817464E+001
-6.86561946062E+001
-6.85900064555E+001
-6.85149005435E+001
-6.85146498874E+001
-6.84679287739E+001
-6.85070590112E+001
-6.85097457249E+001
-6.85106399977E+001
-6.85171726533E+001
-6.84787846416E+001
-6.84698735981E+001
-6.84674781561E+001
-6.84628879427E+001
-6.84638733231E+001
-6.84578079739E+001
-6.83593834717E+001
-6.83817375609E+001
-6.84548182381E+001
-6.84051957640E+001
-6.82975216484E+001
-6.84177509270E+001
-6.84269964670E+001
-6.83859936926E+001
-6.83463789022E+001
-6.83263245649E+001
-6.83547018493E+001
-6.84229062888E+001
-6.84361750120E+001
-6.84084562133E+001
-6.84283486423E+001
-6.83829875417E+001
-6.84708644785E+001
-6.84532509516E+001
-6.83812870458E+001
-6.83023363179E+001
-6.82384756404E+001
-6.82232376482E+001
-6.82020979235E+001
-6.81580843294E+001
-6.82068296944E+001
-6.82329791701E+001
-6.82521086254E+001
-6.82821305721E+001
-6.81987009277E+001
-6.82468124615E+001
-6.82029140320E+001
-6.82433484514E+001
-6.82328110047E+001
-6.83002143793E+001
-6.83373712501E+001
-6.82969352357E+001
-6.83553821438E+001
-6.83965481604E+001
-6.84334841698E+001
-6.84157757948E+001
-6.83823809289E+001
-6.83336100455E+001
-6.83245965367E+001
-6.82823336345E+001
-6.82753183251E+001
-6.82404606254E+001
-6.81888757436E+001
-6.81298223218E+001
-6.81292964774E+001
-6.81316836917E+001
-6.80736977114E+001
-6.80761014572E+001
-6.80637675968E+001
-6.80118236800E+001
-6.80291486582E+001
-6.80681986312E+001
-6.81104753643E+001
-6.81069269644E+001
-6.81714835288E+001
-6.82146843877E+001
-6.82227858425E+001
-6.82191739502E+001
-6.82468467803E+001
-6.81041451822E+001
-6.81101070651E+001
-6.81848053710E+001
-6.82541735517E+001
-6.82108138767E+001
-6.82010581565E+001
-6.82248209687E+001
-6.82327684768E+001
-6.82033485283E+001
-6.83206258473E+001
-6.84008238388E+001
-6.84471430020E+001
-6.83987829162E+001
-6.84575085412E+001
-6.84285341546E+001
-6.83749062877E+001
-6.82891054151E+001
-6.82570986825E+001
-6.82417815513E+001
-6.82786413119E+001
-6.81297194493E+001
-6.81286171474E+001
-6.80944136687E+001
-6.80811413482E+001
-6.80058823524E+001
-6.79915717981E+001
-6.79127196269E+001
-6.79189215246E+001
-6.79164705143E+001
-6.79325698807E+001
-6.79472048224E+001
-6.79540465253E+001
-6.79863166410E+001
-6.80477337428E+001
-6.80012732866E+001
-6.79156075168E+001
-6.78545158911E+001
-6.78089151757E+001
-6.78029605959E+001
-6.78559968777E+001
-6.78418966897E+001
-6.78741995298E+001
-6.78288739918E+001
-6.78591208024E+001
-6.78469160686E+001
-6.78247912037E+001
-6.77940057114E+001
-6.77959415726E+001
-6.77654043958E+001
-6.77836631641E+001
-6.77322351586E+001
-6.77776508783E+001
-6.77884979194E+001
-6.78185541956E+001
-6.77805288129E+001
-6.77234528285E+001
-6.77435349114E+001
-6.77107181025E+001
-6.77856816381E+001
-6.77829572995E+001
-6.77951335321E+001
-6.77580500011E+001
-6.76964613320E+001
-6.77301209512E+001
-6.76956322076E+001
-6.76875825190E+001
-6.77882934980E+001
-6.78128023413E+001
-6.78652551170E+001
-6.78787608110E+001
-6.79050786635E+001
-6.80095586526E+001
-6.79355324802E+001
-6.79649482826E+001
-6.80122808387E+001
-6.80074444967E+001
-6.79766400678E+001
-6.79483278077E+001
-6.79162137455E+001
-6.79219013445E+001
-6.78862168469E+001
-6.79057647721E+001
-6.79235580044E+001
-6.79232458058E+001
-6.79160625156E+001
-6.78726625618E+001
-6.78638032750E+001
-6.78608064763E+001
-6.78725589290E+001
-6.78253550258E+001
-6.77741158103E+001
-6.78424379170E+001
-6.79232050398E+001
-6.78757955958E+001
-6.78722979413E+001
-6.79195068928E+001
-6.79737918637E+001
-6.78894719045E+001
-6.79202901425E+001
-6.78615246048E+001
-6.77700900516E+001
-6.77817212581E+001
-6.77074900351E+001
-6.78232069063E+001
-6.77449264276E+001
-6.77492051617E+001
-6.77617219861E+001
-6.77377087711E+001
-6.77202698975E+001
-6.77042536337E+001
-6.77851431814E+001
-6.78312315796E+001
-6.77698773640E+001
-6.77605617251E+001
-6.78087224718E+001
-6.77935985586E+001
-6.78886839724E+001
-6.78659042972E+001
-6.79288215272E+001
-6.80191286986E+001
-6.79890316723E+001
-6.79444289230E+001
-6.78921573066E+001
-6.78884672545E+001
-6.78251833998E+001
-6.77993558949E+001
-6.77483792118E+001
-6.77615385776E+001
-6.77606013159E+001
-6.77584843803E+001
-6.77382743579E+001
-6.77315421858E+001
-6.77685753065E+001
-6.77623385806E+001
-6.77699625809E+001
-6.77681143557E+001
-6.77269993837E+001
-6.77285471659E+001
-6.77503244489E+001
-6.77340730701E+001
-6.76928534032E+001
-6.77002756905E+001
-6.77601677246E+001
-6.77194239079E+001
-6.77236264535E+001
-6.77050170798E+001
-6.76572453720E+001
-6.76409762928E+001
-6.75805069378E+001
-6.76245554223E+001
-6.75955880723E+001
-6.76266791637E+001
-6.75983456709E+001
-6.75385352851E+001
-6.74303067566E+001
-6.74763112463E+001
-6.75526881637E+001
-6.75222282211E+001
-6.75047348995E+001
-6.74813272498E+001
-6.73821313432E+001
-6.73596805934E+001
-6.73683304202E+001
-6.74442659171E+001
-6.73916282631E+001
-6.73971025511E+001
-6.73732055140E+001
-6.74407044419E+001
-6.74632801551E+001
-6.74214318094E+001
-6.73948168160E+001
-6.74121276591E+001
-6.74643636241E+001
-6.75419514858E+001
-6.76383440074E+001
-6.76654436942E+001
-6.76064243842E+001
-6.76664353195E+001
-6.76669126984E+001
-6.76425167986E+001
-6.75747497388E+001
-6.75539690090E+001
-6.75214456445E+001
-6.75925217010E+001
-6.75078252572E+001
-6.75614338400E+001
-6.75242970984E+001
-6.75575102381E+001
-6.76454586242E+001
-6.76522902268E+001
-6.76425013043E+001
-6.76191603687E+001
-6.76125357819E+001
-6.76611530120E+001
-6.76598311275E+001
-6.76699675064E+001
-6.76824351467E+001
-6.77597581523E+001
-6.78283466052E+001
-6.78123245435E+001
-6.78198235947E+001
-6.78937325290E+001
-6.78920349703E+001
-6.78913460977E+001
-6.78346093913E+001
-6.78763680681E+001
-6.78804917552E+001
-6.78645791533E+001
-6.78847738514E+001
-6.78381562486E+001
-6.77942564480E+001
-6.78571448182E+001
-6.80326943880E+001
-6.81408598390E+001
-6.81123292832E+001
-6.81277419024E+001
-6.81816694944E+001
-6.81239378089E+001
-6.81615596218E+001
-6.80996169183E+001
-6.82095518560E+001
-6.82137457769E+001
-6.81016385455E+001
-6.80553695692E+001
-6.80092705688E+001
-6.79795843831E+001
-6.80163572384E+001
-6.80640169265E+001
-6.81052120608E+001
-6.80985743139E+001
-6.81025414787E+001
-6.81015510445E+001
-6.80610465117E+001
-6.81088857849E+001
-6.81162022399E+001
-6.80660587867E+001
-6.80824756741E+001
-6.80773045463E+001
-6.81359805473E+001
-6.81352700135E+001
-6.81550204174E+001
-6.81232909100E+001
-6.80813565675E+001
-6.79526380263E+001
-6.79090647151E+001
-6.78586786261E+001
-6.78852486401E+001
-6.78273717824E+001
-6.78719218507E+001
-6.78059433117E+001
-6.78555295080E+001
-6.78949958172E+001
-6.79285552708E+001
-6.80093452879E+001
-6.79443165035E+001
-6.79332164187E+001
-6.79897940824E+001
-6.79648368729E+001
-6.79411867244E+001
-6.79292248279E+001
-6.79222929090E+001
-6.78563999059E+001
-6.78122308224E+001
-6.78537614385E+001
-6.78779800774E+001
-6.78133678386E+001
-6.77863858433E+001
-6.76637152558E+001
-6.76016094419E+001
-6.74517098852E+001
-6.73341499722E+001
-6.73748689476E+001
-6.74045784886E+001
-6.74325846917E+001
-6.74602778219E+001
-6.74645766869E+001
-6.74052575092E+001
-6.74469600924E+001
-6.74187850786E+001
-6.74209593686E+001
-6.74627878426E+001
-6.75369754656E+001
-6.76010115797E+001
-6.75498305966E+001
-6.75793921998E+001
-6.75943065173E+001
-6.76143642281E+001
-6.76744032354E+001
-6.76839915934E+001
-6.76534164512E+001
-6.76729622757E+001
-6.77149879650E+001
-6.76537538288E+001
-6.75448310782E+001
-6.75347682013E+001
-6.75069553286E+001
-6.74555380173E+001
-6.74274279703E+001
-6.74581707842E+001
-6.74468729861E+001
-6.73688704974E+001
-6.73518445321E+001
-6.73297143846E+001
-6.73087001484E+001
-6.72850112614E+001
-6.73616693483E+001
-6.73058707884E+001
-6.72641294759E+001
-6.72956656450E+001
-6.73908026922E+001
-6.74250400917E+001
-6.74138682335E+001
-6.73749257700E+001
-6.73789436610E+001
-6.73208367018E+001
-6.73177050236E+001
-6.73241046878E+001
-6.73107198236E+001
-6.72489292350E+001
-6.73082451883E+001
-6.73076450925E+001
-6.74037262769E+001
-6.74469828149E+001
-6.74436746659E+001
-6.73969537063E+001
-6.72829910156E+001
-6.72547221184E+001
-6.73143850381E+001
-6.73634483324E+001
-6.73829343478E+001
-6.73600612763E+001
-6.73634811586E+001
-6.73793504633E+001
-6.73933126074E+001
-6.73163885204E+001
-6.73730743557E+001
-6.73643829444E+001
-6.73841029993E+001
-6.73873450648E+001
-6.73155265612E+001
-6.73486937079E+001
-6.73267926727E+001
-6.73966206042E+001
-6.74212348297E+001
-6.74180235242E+001
-6.73990763267E+001
-6.74930788111E+001
-6.74815514899E+001
-6.74019499660E+001
-6.73692564400E+001
-6.74048718415E+001
-6.73863649269E+001
-6.74077728558E+001
-6.73436609834E+001
-6.73343894213E+001
-6.73390163732E+001
-6.73428501891E+001
-6.73921078754E+001
-6.74981324110E+001
-6.75236207157E+001
-6.75517977168E+001
-6.75342275218E+001
-6.74736774010E+001
-6.73316947144E+001
-6.72808241802E+001
-6.73310446104E+001
-6.73922117795E+001
-6.73527421096E+001
-6.73403954613E+001
-6.73124925880E+001
-6.73405644237E+001
-6.72494466946E+001
-6.72057925469E+001
-6.72056197470E+001
-6.72390090239E+001
-6.71932556662E+001
-6.72050168049E+001
-6.71501928911E+001
-6.71162700216E+001
-6.70988758922E+001
-6.71252638981E+001
-6.71453712229E+001
-6.71579420672E+001
-6.72116017095E+001
-6.72248053767E+001
-6.72259396817E+001
-6.72267715477E+001
-6.72353670350E+001
-6.72798993073E+001
-6.72351331374E+001
-6.72026440585E+001
-6.71975676049E+001
-6.72199796497E+001
-6.71786895182E+001
-6.71997971785E+001
-6.72074484906E+001
-6.72327455669E+001
-6.71521503574E+001
-6.71491571540E+001
-6.71410491269E+001
-6.72020309138E+001
-6.72050685284E+001
-6.71860302627E+001
-6.71629806896E+001
-6.70892990839E+001
-6.69877528564E+001
-6.69652008150E+001
-6.68887848412E+001
-6.68940192151E+001
-6.69111853632E+001
-6.69004858487E+001
-6.68328109366E+001
-6.68062748294E+001
-6.68120120138E+001
-6.66920077156E+001
-6.66318629273E+001
-6.65922249754E+001
-6.65247225457E+001
-6.64890019076E+001
-6.64668121796E+001
-6.64448543487E+001
-6.64254486011E+001
-6.63854131215E+001
-6.63143339174E+001
-6.62601636330E+001
-6.61987820349E+001
-6.61488289534E+001
-6.61154756959E+001
-6.60646586263E+001
-6.60465654847E+001
-6.59912640001E+001
-6.59502305001E+001
-6.58521809881E+001
-6.57921649166E+001
-6.57470905692E+001
-6.56855847247E+001
-6.56611629304E+001
-6.56192710233E+001
-6.55479370976E+001
-6.55138219818E+001
-6.55026910543E+001
-6.54358009493E+001
-6.53919344981E+001
-6.53723030372E+001
-6.54027931915E+001
-6.53918596610E+001
-6.53458654548E+001
-6.52753990646E+001
-6.52529409560E+001
-6.51718805357E+001
-6.51274450807E+001
-6.50899431959E+001
-6.50503767595E+001
-6.50046277771E+001
-6.50196502834E+001
-6.49738500494E+001
-6.48386729671E+001
-6.48173946811E+001
-6.47594432378E+001
-6.47020914555E+001
-6.45861422628E+001
-6.45104972847E+001
-6.44689524966E+001
-6.44186782674E+001
-6.43019426456E+001
-6.42648923985E+001
-6.42396149817E+001
-6.41982846587E+001
-6.41758399005E+001
-6.41483312577E+001
-6.40845698795E+001
-6.41324786966E+001
-6.39921205323E+001
-6.39168873356E+001
-6.38858188274E+001
-6.38309197591E+001
-6.38261901110E+001
-6.37605393023E+001
-6.37104235157E+001
-6.36104168440E+001
-6.35381066699E+001
-6.35033407756E+001
-6.34502665646E+001
-6.34150763805E+001
-6.33379557249E+001
-6.32839429198E+001
-6.32939187254E+001
-6.32717115055E+001
-6.32195592782E+001
-6.32005150285E+001
-6.31715908312E+001
-6.30815097243E+001
-6.30375253324E+001
-6.29609407963E+001
-6.29025571357E+001
-6.28447372455E+001
-6.28254169331E+001
-6.26677538928E+001
-6.26436613445E+001
-6.26071891967E+001
-6.25373925012E+001
-6.24797919960E+001
-6.24493030350E+001
-6.23495935047E+001
-6.23733830088E+001
-6.23396660037E+001
-6.23316171490E+001
-6.22354694385E+001
-6.21970490396E+001
-6.20987192526E+001
-6.20106762678E+001
-6.19289772995E+001
-6.19404401581E+001
-6.19112583285E+001
-6.18981038648E+001
-6.18505333713E+001
-6.18132448700E+001
-6.17054401385E+001
-6.16775097721E+001
-6.16848470279E+001
-6.16488397037E+001
-6.16536813553E+001
-6.16116187312E+001
-6.16306494936E+001
-6.15552548551E+001
-6.14967871133E+001
-6.14547133982E+001
-6.13712426373E+001
-6.13582446612E+001
-6.13441669989E+001
-6.12848780693E+001
-6.12206762106E+001
-6.11419283689E+001
-6.11075303688E+001
-6.10360626084E+001
-6.09682201827E+001
-6.09435081364E+001
-6.09350186785E+001
-6.09151288181E+001
-6.08574224977E+001
-6.07981180095E+001
-6.07997156159E+001
-6.07650366861E+001
-6.07840906075E+001
-6.07510254838E+001
-6.07387485869E+001
-6.06781878153E+001
-6.06712558021E+001
-6.06512066137E+001
-6.06318915543E+001
-6.05901267319E+001
-6.04963388731E+001
-6.03961097021E+001
-6.03792359133E+001
-6.03522124021E+001
-6.03194684245E+001
-6.03556719972E+001
-6.03805094670E+001
-6.03900231499E+001
-6.03675220744E+001
-6.03711986474E+001
-6.03906147265E+001
-6.04264995483E+001
-6.04141141578E+001
-6.03834387132E+001
-6.04364194235E+001
-6.04199607301E+001
-6.04131856394E+001
-6.04455317448E+001
-6.04598406584E+001
-6.04899120288E+001
-6.04809198367E+001
-6.04569048739E+001
-6.04903680839E+001
-6.05079064361E+001
-6.05252189386E+001
-6.05464514223E+001
-6.05539456274E+001
-6.06072832479E+001
-6.06260989417E+001
-6.06521788912E+001
-6.06386709491E+001
-6.06469757835E+001
-6.06659007994E+001
-6.06786591624E+001
-6.06896631143E+001
-6.06772238116E+001
-6.06548623493E+001
-6.06848573654E+001
-6.06746588309E+001
-6.06632064231E+001
-6.06093040129E+001
-6.06157261504E+001
-6.06007758145E+001
-6.06042551660E+001
-6.05602415649E+001
-6.05181402481E+001
-6.05161531672E+001
-6.05476007887E+001
-6.05650842147E+001
-6.05797836763E+001
-6.05740257472E+001
-6.05856835558E+001
-6.05717551852E+001
-6.05937732965E+001
-6.05796937108E+001
-6.05506084107E+001
-6.05591090648E+001
-6.06314378051E+001
-6.06308998888E+001
-6.06097917462E+001
-6.06371281176E+001
-6.07198045003E+001
-6.07556470369E+001
-6.07630180639E+001
-6.07710286602E+001
-6.07575978175E+001
-6.07738730017E+001
-6.07963991170E+001
-6.08575746791E+001
-6.08636672453E+001
-6.08322836787E+001
-6.07476286121E+001
-6.07688464037E+001
-6.07644803383E+001
-6.07610726328E+001
-6.07709085727E+001
-6.07721849027E+001
-6.08219770562E+001
-6.08019238962E+001
-6.08240711863E+001
-6.08639270192E+001
-6.08994460693E+001
-6.09416348008E+001
-6.09621135802E+001
-6.09739023905E+001
-6.09790519634E+001
-6.09338122462E+001
-6.09014273254E+001
-6.09183778514E+001
-6.09157173846E+001
-6.09368813816E+001
-6.09758296330E+001
-6.09815185260E+001
-6.10063489126E+001
-6.10260803918E+001
-6.10344148161E+001
-6.10813993359E+001
-6.10857125138E+001
-6.10654548256E+001
-6.10631558803E+001
-6.11166421067E+001
-6.11203105824E+001
-6.11031410427E+001
-6.11035010892E+001
-6.10689619156E+001
-6.10654066417E+001
-6.10683247852E+001
-6.10903145758E+001
-6.11008401181E+001
-6.10418795500E+001
-6.10188693869E+001
-6.10482495492E+001
-6.10211751301E+001
-6.10226298574E+001
-6.10114604107E+001
-6.09965573944E+001
-6.09554853958E+001
-6.09527981178E+001
-6.09286905863E+001
-6.08662521991E+001
-6.08613055754E+001
-6.08168112399E+001
-6.08244923662E+001
-6.08076168409E+001
-6.08012697456E+001
-6.08104151819E+001
-6.08237163573E+001
-6.08619616177E+001
-6.08796780711E+001
-6.08662271127E+001
-6.08754098684E+001
-6.08549980315E+001
-6.08581696597E+001
-6.08478973326E+001
-6.08490165590E+001
-6.08182800782E+001
-6.08050276853E+001
-6.08112303034E+001
-6.08307632104E+001
-6.07954828580E+001
-6.08815998490E+001
-6.08588098512E+001
-6.08435185301E+001
-6.07783972421E+001
-6.08085485480E+001
-6.07965939543E+001
-6.08252518607E+001
-6.08580881432E+001
-6.08473642740E+001
-6.08323923434E+001
-6.08121935225E+001
-6.08118578567E+001
-6.08217948478E+001
-6.08164700496E+001
-6.08268126534E+001
-6.08413611351E+001
-6.08165743621E+001
-6.07732901203E+001
-6.07612125992E+001
-6.07547262701E+001
-6.07339072056E+001
-6.06803984541E+001
-6.07068130187E+001
-6.07398279410E+001
-6.07613619716E+001
-6.07279633912E+001
-6.07293320623E+001
-6.07500808105E+001
-6.07394004098E+001
-6.07462994971E+001
-6.07362554241E+001
-6.07431351781E+001
-6.07652215086E+001
-6.07731916522E+001
-6.08038945385E+001
-6.07925739009E+001
-6.07871131494E+001
-6.08370315927E+001
-6.07890222530E+001
-6.07512673403E+001
-6.07433231013E+001
-6.07615925399E+001
-6.07769446720E+001
-6.07508938622E+001
-6.07251966536E+001
-6.07139712627E+001
-6.06896397861E+001
-6.07085393821E+001
-6.07553673698E+001
-6.07951396000E+001
-6.08359687615E+001
-6.08839395453E+001
-6.09562561817E+001
-6.10347380364E+001
-6.10749618177E+001
-6.11486880339E+001
-6.11940117500E+001
-6.12222277707E+001
-6.12293179800E+001
-6.12595419130E+001
-6.12536743774E+001
-6.13220796987E+001
-6.13212036329E+001
-6.13723761140E+001
-6.14207644653E+001
-6.14703154056E+001
-6.15211903159E+001
-6.15488390414E+001
-6.15798662711E+001
-6.15889430367E+001
-6.16217604270E+001
-6.16527484377E+001
-6.17175563224E+001
-6.16925488090E+001
-6.18212885866E+001
-6.19026449347E+001
-6.19298498798E+001
-6.20032383370E+001
-6.20238954188E+001
-6.20445814890E+001
-6.20877278915E+001
-6.21877408578E+001
-6.22594206168E+001
-6.22490870656E+001
-6.23461181996E+001
-6.23726825347E+001
-6.24001121591E+001
-6.25003483297E+001
-6.25084139675E+001
-6.25431969358E+001
-6.25388275356E+001
-6.25523056462E+001
-6.25306155471E+001
-6.25888119218E+001
-6.26131664632E+001
-6.27364864364E+001
-6.27584928563E+001
-6.27714234447E+001
-6.28362622343E+001
-6.29055618556E+001
-6.29382144818E+001
-6.29240933904E+001
-6.29242321506E+001
-6.29825659545E+001
-6.30040832467E+001
-6.30998675458E+001
-6.31565252584E+001
-6.31188278636E+001
-6.31773833838E+001
-6.32214695188E+001
-6.32615828600E+001
-6.32170921082E+001
-6.32635833118E+001
-6.32937231984E+001
-6.33317661476E+001
-6.33652123310E+001
-6.33990772939E+001
-6.34327143786E+001
-6.34412686077E+001
-6.34353158434E+001
-6.34656512485E+001
-6.35119856491E+001
-6.35302693740E+001
-6.35804207929E+001
-6.36141717816E+001
-6.36076005470E+001
-6.36432993871E+001
-6.36839351464E+001
-6.38313171241E+001
-6.38807712471E+001
-6.38987895072E+001
-6.39349586204E+001
-6.39706758949E+001
-6.40582114892E+001
-6.41543206926E+001
-6.41755584061E+001
-6.42655949813E+001
-6.42628111366E+001
-6.43513077353E+001
-6.43408052795E+001
-6.44145745162E+001
-6.44333754547E+001
-6.44587345115E+001
-6.45037620187E+001
-6.45311778823E+001
-6.45511599329E+001
-6.45801796681E+001
-6.45716586111E+001
-6.45917872477E+001
-6.46003217684E+001
-6.47139296856E+001
-6.46728326541E+001
-6.47076895161E+001
-6.47361015045E+001
-6.48392741039E+001
-6.48868212043E+001
-6.48596231358E+001
-6.48341261516E+001
-6.48488205065E+001
-6.48661262925E+001
-6.49599554126E+001
-6.49659887625E+001
-6.50057396596E+001
-6.50089246762E+001
-6.50448975062E+001
-6.50331510257E+001
-6.51071497844E+001
-6.51030815406E+001
-6.51601273326E+001
-6.51902634303E+001
-6.52448398971E+001
-6.52672210209E+001
-6.52922712241E+001
-6.52815230395E+001
-6.52479085438E+001
-6.52641562067E+001
-6.52798741539E+001
-6.52715910096E+001
-6.53362273978E+001
-6.53819011451E+001
-6.53691524595E+001
-6.53727477402E+001
-6.54631915145E+001
-6.55145452048E+001
-6.55052515958E+001
-6.54734744075E+001
-6.54734271356E+001
-6.54783461744E+001
-6.54416902694E+001
-6.54841972262E+001
-6.55587912795E+001
-6.55922202311E+001
-6.56809415120E+001
-6.56921826433E+001
-6.57117788119E+001
-6.57239217090E+001
-6.57464930762E+001
-6.57957500397E+001
-6.58096828718E+001
-6.57841877995E+001
-6.58013438941E+001
-6.57561803064E+001
-6.57819775034E+001
-6.57283639776E+001
-6.57230845865E+001
-6.57663496445E+001
-6.57410301477E+001
-6.57370516954E+001
-6.57593069378E+001
-6.57675707956E+001
-6.58066147793E+001
-6.58373153196E+001
-6.58276201563E+001
-6.58881034807E+001
-6.59749505291E+001
-6.59469357317E+001
-6.59163263305E+001
-6.59046165777E+001
-6.58731092594E+001
-6.58198866980E+001
-6.58378295013E+001
-6.58456435085E+001
-6.58162583771E+001
-6.57129570375E+001
-6.56987747424E+001
-6.56987599842E+001
-6.56508090748E+001
-6.56536240051E+001
-6.56118576134E+001
-6.56313963532E+001
-6.56121177903E+001
-6.55681051120E+001
-6.55093809268E+001
-6.54786901036E+001
-6.54951391533E+001
-6.55068754411E+001
-6.54967835974E+001
-6.54939837343E+001
-6.54224880532E+001
-6.54233996651E+001
-6.54007947625E+001
-6.54129382989E+001
-6.53965538838E+001
-6.54092761450E+001
-6.53760881284E+001
-6.53556052096E+001
-6.52528001832E+001
-6.52718724589E+001
-6.52858997693E+001
-6.52550313555E+001
-6.51955918165E+001
-6.51831048113E+001
-6.51837479796E+001
-6.51913009237E+001
-6.51476950347E+001
-6.51365027076E+001
-6.50605465551E+001
-6.50188465551E+001
-6.50508308838E+001
-6.50006628859E+001
-6.49721234690E+001
-6.49424083606E+001
-6.49293352207E+001
-6.49346514139E+001
-6.49625454621E+001
-6.49848588821E+001
-6.50584686467E+001
-6.50244328423E+001
-6.49734628413E+001
-6.49959748692E+001
-6.50004534746E+001
-6.50065249270E+001
-6.49993691205E+001
-6.49988275397E+001
-6.49724395164E+001
-6.50020794519E+001
-6.49999783939E+001
-6.50094650038E+001
-6.50152646263E+001
-6.49715729035E+001
-6.49874377992E+001
-6.49814526991E+001
-6.49566083766E+001
-6.49679232142E+001
-6.49177289992E+001
-6.48528004738E+001
-6.49116972860E+001
-6.49184635225E+001
-6.49430863057E+001
-6.48500657141E+001
-6.48699777371E+001
-6.48261473265E+001
-6.48194769994E+001
-6.48151924627E+001
-6.48267484246E+001
-6.48379787141E+001
-6.48372402491E+001
-6.48424891618E+001
-6.48471464830E+001
-6.48362715996E+001
-6.48061533317E+001
-6.47630891226E+001
-6.47568156312E+001
-6.47454441653E+001
-6.47835947111E+001
-6.46789118411E+001
-6.46333619674E+001
-6.47380777748E+001
-6.48060041031E+001
-6.48028890524E+001
-6.48348779413E+001
-6.47985614483E+001
-6.49259147827E+001
-6.48921248268E+001
-6.49201286416E+001
-6.49101191178E+001
-6.49502534790E+001
-6.49823168454E+001
-6.49791671263E+001
-6.50242531985E+001
-6.50741637912E+001
-6.50435260729E+001
-6.50767315815E+001
-6.51194266550E+001
-6.51509331715E+001
-6.52361610077E+001
-6.52117698957E+001
-6.52453578931E+001
-6.53112670801E+001
-6.52679132278E+001
-6.52446142196E+001
-6.52799331661E+001
-6.52821196286E+001
-6.52347275395E+001
-6.52437251585E+001
-6.52627136231E+001
-6.53903331688E+001
-6.54142158753E+001
-6.54155243431E+001
-6.54705858458E+001
-6.54821594941E+001
-6.54424687916E+001
-6.54342863317E+001
-6.54231906232E+001
-6.53999013679E+001
-6.54596696518E+001
-6.54831240477E+001
-6.55216955845E+001
-6.55552004992E+001
-6.55676507602E+001
-6.55816687786E+001
-6.55765473388E+001
-6.55872882369E+001
-6.55999517062E+001
-6.56141239097E+001
-6.56176465122E+001
-6.55525376745E+001
-6.55903698846E+001
-6.56009055700E+001
-6.56302371554E+001
-6.56379643645E+001
-6.56003933576E+001
-6.55718397260E+001
-6.55485944296E+001
-6.55249560654E+001
-6.54260408203E+001
-6.54657138046E+001
-6.54909484164E+001
-6.54847130262E+001
-6.55056568798E+001
-6.54651790112E+001
-6.54522486589E+001
-6.54805777327E+001
-6.55209641912E+001
-6.55816881268E+001
-6.56924164052E+001
-6.55721056128E+001
-6.55584095930E+001
-6.56043692789E+001
-6.55639703696E+001
-6.55721959886E+001
-6.55066602859E+001
-6.55400291092E+001
-6.56179416487E+001
-6.55959903747E+001
-6.56260612308E+001
-6.55462150476E+001
-6.55834255085E+001
-6.55915326332E+001
-6.56052879107E+001
-6.56376473843E+001
-6.57348922425E+001
-6.57471416875E+001
-6.57074501280E+001
-6.58152458047E+001
-6.57846953848E+001
-6.58139012068E+001
-6.58201362722E+001
-6.58005213870E+001
-6.57872768132E+001
-6.57666718424E+001
-6.57571489780E+001
-6.57393233658E+001
-6.58348062529E+001
-6.58605209314E+001
-6.58653518276E+001
-6.59303912034E+001
-6.59194762677E+001
-6.59207462953E+001
-6.59174249776E+001
-6.59414076161E+001
-6.59570282602E+001
-6.60394464572E+001
-6.60664984641E+001
-6.60287677759E+001
-6.59854745854E+001
-6.60196343305E+001
-6.59161234262E+001
-6.59482786321E+001
-6.59265167989E+001
-6.58784842285E+001
-6.59919029198E+001
-6.59946457030E+001
-6.60116860244E+001
-6.59952722003E+001
-6.59657159361E+001
-6.59114526584E+001
-6.59488491139E+001
-6.59077144524E+001
-6.59089515160E+001
-6.58708033609E+001
-6.58542939018E+001
-6.58998290247E+001
-6.59324285875E+001
-6.59455874696E+001
-6.59296620339E+001
-6.59048462327E+001
-6.58727743071E+001
-6.57958072232E+001
-6.57804967578E+001
-6.57902124209E+001
-6.58037556826E+001
-6.57712592411E+001
-6.57943549446E+001
-6.58476946111E+001
-6.58221777630E+001
-6.58325508985E+001
-6.58127288193E+001
-6.57877714514E+001
-6.58140945912E+001
-6.58117682624E+001
-6.57823725288E+001
-6.57447236597E+001
-6.57096451146E+001
-6.58414527947E+001
-6.58655923955E+001
-6.58983123837E+001
-6.58978159013E+001
-6.58619751826E+001
-6.57896881601E+001
-6.57680417271E+001
-6.57390544671E+001
-6.56989068739E+001
-6.55906363513E+001
-6.55990764082E+001
-6.55821678003E+001
-6.55490437469E+001
-6.55117690896E+001
-6.54359858488E+001
-6.55432007379E+001
-6.54801554088E+001
-6.55044485541E+001
-6.55160064001E+001
-6.54893661363E+001
-6.54615382830E+001
-6.54687793983E+001
-6.54191667508E+001
-6.54344586924E+001
-6.54445823652E+001
-6.54373246887E+001
-6.54463692188E+001
-6.54566518012E+001
-6.54469763304E+001
-6.54373931225E+001
-6.54662961095E+001
-6.54104823961E+001
-6.53937132062E+001
-6.52997687547E+001
-6.53039649991E+001
-6.53188205331E+001
-6.53353823744E+001
-6.54194383292E+001
-6.54493648891E+001
-6.54367866946E+001
-6.54094574140E+001
-6.54214216257E+001
-6.53704779630E+001
-6.53702899196E+001
-6.53390524007E+001
-6.53045033075E+001
-6.53205297357E+001
-6.52717292232E+001
-6.52359976767E+001
-6.52327769576E+001
-6.52283550947E+001
-6.52597348704E+001
-6.51984952406E+001
-6.52309778566E+001
-6.52269132761E+001
-6.53337944865E+001
-6.53056421058E+001
-6.53088056343E+001
-6.53009361045E+001
-6.53538598487E+001
-6.53806774456E+001
-6.53554115743E+001
-6.54382675148E+001
-6.54426514844E+001
-6.54120369700E+001
-6.54516352967E+001
-6.54682244097E+001
-6.54965238151E+001
-6.54978102210E+001
-6.54600521638E+001
-6.54392906240E+001
-6.53888173078E+001
-6.53022318725E+001
-6.53160313533E+001
-6.53041831713E+001
-6.52691992765E+001
-6.52806343478E+001
-6.52259974559E+001
-6.52325713150E+001
-6.51947256122E+001
-6.51851180281E+001
-6.51808085876E+001
-6.51724108921E+001
-6.51674661362E+001
-6.50793004005E+001
-6.50512262809E+001
-6.50416409077E+001
-6.50009504628E+001
-6.49368216196E+001
-6.49021707979E+001
-6.49448696618E+001
-6.49130481245E+001
-6.49065178304E+001
-6.49204859653E+001
-6.49052165909E+001
-6.50020228712E+001
-6.50060840558E+001
-6.50475993890E+001
-6.50765487435E+001
-6.50822748809E+001
-6.50156788994E+001
-6.50641377783E+001
-6.50727258538E+001
-6.49887601735E+001
-6.49815041485E+001
-6.49784575003E+001
-6.49372749645E+001
-6.49929203080E+001
-6.49580651953E+001
-6.48670077795E+001
-6.49286886933E+001
-6.49523884304E+001
-6.49459443234E+001
-6.49203506845E+001
-6.49256344697E+001
-6.49186568362E+001
-6.49448255868E+001
-6.50139068763E+001
-6.48793472847E+001
-6.48553626513E+001
-6.49932351880E+001
-6.49835020731E+001
-6.50836789039E+001
-6.51975912066E+001
-6.51909432495E+001
-6.52039610488E+001
-6.51875730242E+001
-6.51544208037E+001
-6.51367350224E+001
-6.51305300892E+001
-6.50988004874E+001
-6.51002026518E+001
-6.52036096837E+001
-6.52226585300E+001
-6.52175099375E+001
-6.51967259761E+001
-6.52683184949E+001
-6.52788913091E+001
-6.52533751936E+001
-6.53239846950E+001
-6.53303070502E+001
-6.53543788209E+001
-6.53497869566E+001
-6.53555479928E+001
-6.53815989940E+001
-6.54471130399E+001
-6.55047806689E+001
-6.55382201163E+001
-6.55736988971E+001
-6.56942346333E+001
-6.57239218292E+001
-6.56227389507E+001
-6.55597584181E+001
-6.55454685687E+001
-6.55731883783E+001
-6.55611586594E+001
-6.56331964668E+001
-6.56475294973E+001
-6.56504858947E+001
-6.56531268274E+001
-6.56503515644E+001
-6.56960110382E+001
-6.56734227719E+001
-6.57403009942E+001
-6.58260992118E+001
-6.59500120810E+001
-6.59478522191E+001
-6.59454870118E+001
-6.59400888492E+001
-6.59960081162E+001
-6.60319319563E+001
-6.60416739148E+001
-6.60076499204E+001
-6.59780529968E+001
-6.59887070061E+001
-6.59697137411E+001
-6.60614175958E+001
-6.60136830965E+001
-6.60541238731E+001
-6.60424027430E+001
-6.60457472209E+001
-6.60350214851E+001
-6.60792796727E+001
-6.60465223578E+001
-6.60351488282E+001
-6.60399320120E+001
-6.60374539248E+001
-6.59619244190E+001
-6.59442385349E+001
-6.59219505120E+001
-6.59446190902E+001
-6.59212858189E+001
-6.59281764180E+001
-6.59509258792E+001
-6.59320818294E+001
-6.59726334935E+001
-6.59613798123E+001
-6.59051629612E+001
-6.60275244843E+001
-6.60400967449E+001
-6.60345510630E+001
-6.60150755228E+001
-6.60351526784E+001
-6.60529805745E+001
-6.59908266953E+001
-6.59969415434E+001
-6.58839969529E+001
-6.58678292770E+001
-6.58390262103E+001
-6.58051571772E+001
-6.57722901255E+001
-6.57269369843E+001
-6.57140040534E+001
-6.56248117500E+001
-6.55814714263E+001
-6.55730248617E+001
-6.55596168115E+001
-6.55471838235E+001
-6.55450316491E+001
-6.56504480268E+001
-6.56783579379E+001
-6.56737729791E+001
-6.56718968388E+001
-6.56894506459E+001
-6.57127187876E+001
-6.57479654947E+001
-6.57667056791E+001
-6.57381047945E+001
-6.57561077075E+001
-6.57542715878E+001
-6.57988222321E+001
-6.56979273441E+001
-6.57067401287E+001
-6.56605158436E+001
-6.57251235605E+001
-6.57266539126E+001
-6.58196624198E+001
-6.58620570036E+001
-6.58243167697E+001
-6.58278503076E+001
-6.59564786062E+001
-6.59681076581E+001
-6.58784517645E+001
-6.59060933284E+001
-6.58885329775E+001
-6.58969749302E+001
-6.58324408450E+001
-6.58256646563E+001
-6.57773229214E+001
-6.57636532089E+001
-6.57640724443E+001
-6.57577614462E+001
-6.56895277986E+001
-6.56850749237E+001
-6.57494624971E+001
-6.57651475214E+001
-6.57629451339E+001
-6.58351362167E+001
-6.57749161524E+001
-6.58108439365E+001
-6.58300945360E+001
-6.57455559390E+001
-6.57236803395E+001
-6.57408600630E+001
-6.56816517832E+001
-6.57016329078E+001
-6.56771133181E+001
-6.57115827038E+001
-6.56579333701E+001
-6.56964718215E+001
-6.57075905074E+001
-6.55753762486E+001
-6.55907575678E+001
-6.55133801300E+001
-6.54391774322E+001
-6.54379057675E+001
-6.54218363148E+001
-6.54159355997E+001
-6.54108576812E+001
-6.53948332533E+001
-6.53636162354E+001
-6.53517138608E+001
-6.53009489237E+001
-6.51966841590E+001
-6.51456725713E+001
-6.51248974040E+001
-6.51243556487E+001
-6.50932808021E+001
-6.50738000728E+001
-6.50547750678E+001
-6.49912246369E+001
-6.49421859481E+001
-6.48836807038E+001
-6.48704557616E+001
-6.48504059054E+001
-6.48756082676E+001
-6.48491159372E+001
-6.47746650878E+001
-6.47381189988E+001
-6.47059394472E+001
-6.45647353397E+001
-6.46014163175E+001
-6.46267536425E+001
-6.46246749442E+001
-6.46481647072E+001
-6.46057310810E+001
-6.45833972218E+001
-6.45663254530E+001
-6.45093886740E+001
-6.45202882544E+001
-6.45255532310E+001
-6.45257600043E+001
-6.44554407183E+001
-6.44497042480E+001
-6.43963890853E+001
-6.43260389465E+001
-6.41988954304E+001
-6.41202682962E+001
-6.41182333615E+001
-6.40447112815E+001
-6.39989261892E+001
-6.39615488884E+001
-6.39471175675E+001
-6.39681382528E+001
-6.39736099507E+001
-6.39484698849E+001
-6.39498564085E+001
-6.38101678939E+001
-6.38497237129E+001
-6.38479186814E+001
-6.38308630124E+001
-6.38178201424E+001
-6.37695914830E+001
-6.37526584613E+001
-6.37926478270E+001
-6.37931475753E+001
-6.37562859363E+001
-6.37690510223E+001
-6.38018970335E+001
-6.37151475422E+001
-6.36926892270E+001
-6.36963350868E+001
-6.36988461847E+001
-6.36645239212E+001
-6.36896853949E+001
-6.37430871609E+001
-6.37113485213E+001
-6.36994698957E+001
-6.37321945436E+001
-6.36423517371E+001
-6.36014246255E+001
-6.36403623344E+001
-6.35971596495E+001
-6.35277919472E+001
-6.35110449995E+001
-6.35228252657E+001
-6.35017934710E+001
-6.34600045089E+001
-6.34283696066E+001
-6.34192000842E+001
-6.34272071927E+001
-6.34124584331E+001
-6.34131420223E+001
-6.34231198567E+001
-6.34706233851E+001
-6.34505858406E+001
-6.34559488978E+001
-6.34758227673E+001
-6.35001769473E+001
-6.34871003230E+001
-6.33586437709E+001
-6.33547015485E+001
-6.33178403201E+001
-6.33256218715E+001
-6.32924553444E+001
-6.32698973972E+001
-6.32111129650E+001
-6.32120812194E+001
-6.32217328600E+001
-6.32099390441E+001
-6.32307012743E+001
-6.31789619044E+001
-6.32255300544E+001
-6.32834927528E+001
-6.33086230279E+001
-6.32860933276E+001
-6.32785079727E+001
-6.32014307626E+001
-6.31284327422E+001
-6.31502083044E+001
-6.31304241608E+001
-6.30050159567E+001
-6.29409365781E+001
-6.29141375947E+001
-6.28900201017E+001
-6.28639296762E+001
-6.29099187005E+001
-6.28697822640E+001
-6.28576535023E+001
-6.28926859368E+001
-6.28745915370E+001
-6.28486043113E+001
-6.28149273071E+001
-6.27850459493E+001
-6.27766725997E+001
-6.27192854835E+001
-6.26837721973E+001
-6.27259697332E+001
-6.26923906181E+001
-6.26981458579E+001
-6.27102221757E+001
-6.26835082009E+001
-6.26819178054E+001
-6.26538093706E+001
-6.26593162013E+001
-6.26471373258E+001
-6.26134051482E+001
-6.26252201865E+001
-6.25655209070E+001
-6.26668906580E+001
-6.26406918675E+001
-6.26548457853E+001
-6.25990453051E+001
-6.26267664563E+001
-6.25948611406E+001
-6.25630355107E+001
-6.25615253933E+001
-6.25853607009E+001
-6.27102285705E+001
-6.27142341434E+001
-6.27481117857E+001
-6.27822463011E+001
-6.27926858824E+001
-6.27793517174E+001
-6.27443562822E+001
-6.27899192225E+001
-6.28195536322E+001
-6.28364918200E+001
-6.28169998293E+001
-6.27932859101E+001
-6.28190863674E+001
-6.28360596439E+001
-6.28492551070E+001
-6.28123268314E+001
-6.28434364157E+001
-6.28383836120E+001
-6.28090795958E+001
-6.27791653019E+001
-6.27674292312E+001
-6.27574342438E+001
-6.27677513839E+001
-6.27686511346E+001
-6.27378692052E+001
-6.26871975722E+001
-6.26993929074E+001
-6.26614071045E+001
-6.27085028810E+001
-6.26959115550E+001
-6.26368917416E+001
-6.26316005642E+001
-6.26102546182E+001
-6.26059995102E+001
-6.25878125776E+001
-6.26093143270E+001
-6.26241636211E+001
-6.26083926456E+001
-6.26152080231E+001
-6.26545707867E+001
-6.26410959810E+001
-6.26510313289E+001
-6.26552401390E+001
-6.26237388657E+001
-6.26092482747E+001
-6.26079790547E+001
-6.25659981406E+001
-6.25610412940E+001
-6.26736207356E+001
-6.26754531564E+001
-6.26825953941E+001
-6.26984631349E+001
-6.26505842263E+001
-6.27038400408E+001
-6.26924476370E+001
-6.26963729169E+001
-6.26676291376E+001
-6.26174462758E+001
-6.25997187283E+001
-6.26506767972E+001
-6.26147471570E+001
-6.25914878732E+001
-6.25688210611E+001
-6.25658310745E+001
-6.25502738577E+001
-6.25505020392E+001
-6.26003851708E+001
-6.25931388451E+001
-6.25420598231E+001
-6.25115397138E+001
-6.25630506083E+001
-6.25701760791E+001
-6.26286146494E+001
-6.26768844912E+001
-6.26886722940E+001
-6.27321365083E+001
-6.27501133143E+001
-6.27509886319E+001
-6.27596323045E+001
-6.27048782646E+001
-6.27127311075E+001
-6.27244884905E+001
-6.27749335809E+001
-6.28196135882E+001
-6.28461955171E+001
-6.28556262127E+001
-6.28487310818E+001
-6.28210333293E+001
-6.28672421291E+001
-6.28886889290E+001
-6.28632169619E+001
-6.28185693646E+001
-6.28620625506E+001
-6.28600127862E+001
-6.28555266432E+001
-6.29091310558E+001
-6.28645417834E+001
-6.28885417625E+001
-6.29276953277E+001
-6.29554313018E+001
-6.29853610542E+001
-6.30022042505E+001
-6.29921671637E+001
-6.29727806238E+001
-6.30008967130E+001
-6.29791301396E+001
-6.29247655291E+001
-6.29520479003E+001
-6.29099991534E+001
-6.28920794293E+001
-6.28832768389E+001
-6.29031205581E+001
-6.29072864168E+001
-6.29008423673E+001
-6.29303510955E+001
-6.29674721762E+001
-6.30490016776E+001
-6.30370893218E+001
-6.30216205775E+001
-6.29649566063E+001
-6.29985935365E+001
-6.30028294367E+001
-6.30596180562E+001
-6.30645697564E+001
-6.30969836078E+001
-6.31262900705E+001
-6.31487016036E+001
-6.31570480676E+001
-6.31727813957E+001
-6.32349166272E+001
-6.31912796046E+001
-6.31617915328E+001
-6.31277947336E+001
-6.31351786600E+001
-6.31610135239E+001
-6.31692287834E+001
-6.31929305024E+001
-6.31906944835E+001
-6.31873296426E+001
-6.31875512858E+001
-6.31686734504E+001
-6.31762680317E+001
-6.30782132911E+001
-6.30718250371E+001
-6.30992028070E+001
-6.31370610146E+001
-6.31169981310E+001
-6.31230515437E+001
-6.31920588055E+001
-6.31735429999E+001
-6.32150653273E+001
-6.30835270814E+001
-6.30842165992E+001
-6.30702985124E+001
-6.30270717902E+001
-6.30262070039E+001
-6.30404160535E+001
-6.30567955170E+001
-6.30624514347E+001
-6.30463536863E+001
-6.30594060207E+001
-6.30205708688E+001
-6.31080393193E+001
-6.31351869712E+001
-6.31675713525E+001
-6.31553248024E+001
-6.32294313064E+001
-6.32139468271E+001
-6.32119571676E+001
-6.32373531097E+001
-6.32511126119E+001
-6.32967652863E+001
-6.33119479930E+001
-6.33373293069E+001
-6.33874873316E+001
-6.34171531005E+001
-6.34929599382E+001
-6.34912729977E+001
-6.35234605954E+001
-6.34674861854E+001
-6.34763618176E+001
-6.35610824959E+001
-6.36021738370E+001
-6.36327483791E+001
-6.36401645788E+001
-6.36682240946E+001
-6.36792630435E+001
-6.36688913868E+001
-6.37178567610E+001
-6.38113811389E+001
-6.37847818283E+001
-6.37837442725E+001
-6.39373642808E+001
-6.39297547781E+001
-6.39381084931E+001
-6.39426683590E+001
-6.39835633396E+001
-6.40041297779E+001
-6.40023870472E+001
-6.39740069420E+001
-6.39565982947E+001
-6.39922744880E+001
-6.39613273118E+001
-6.40110655508E+001
-6.40199651734E+001
-6.40693634095E+001
-6.40857964046E+001
-6.41037972301E+001
-6.41179551773E+001
-6.41589378237E+001
-6.41198468033E+001
-6.41444125768E+001
-6.41472925684E+001
-6.41714124714E+001
-6.41947496312E+001
-6.42090513573E+001
-6.42031286914E+001
-6.42199204053E+001
-6.42011152747E+001
-6.42147776746E+001
-6.42576414217E+001
-6.42498322165E+001
-6.42527903589E+001
-6.42844759904E+001
-6.43843920289E+001
-6.43597192800E+001
-6.43662766512E+001
-6.43632650238E+001
-6.43992825682E+001
-6.44232683793E+001
-6.44963548422E+001
-6.45336207192E+001
-6.45620135441E+001
-6.45580685844E+001
-6.45279680644E+001
-6.45130457320E+001
-6.45582940529E+001
-6.45765230211E+001
-6.46336851177E+001
-6.46106676730E+001
-6.46616768843E+001
-6.47185277022E+001
-6.47915665868E+001
-6.47318549177E+001
-6.48702726289E+001
-6.48995529231E+001
-6.48820212270E+001
-6.49907412059E+001
-6.50416713740E+001
-6.50280410758E+001
-6.50434737569E+001
-6.50473486367E+001
-6.50536938820E+001
-6.50836770975E+001
-6.51209102099E+001
-6.51253625463E+001
-6.51386407215E+001
-6.51725810612E+001
-6.51830321947E+001
-6.52054771750E+001
-6.52465915446E+001
-6.52523164201E+001
-6.52883669702E+001
-6.53240775388E+001
-6.53842210303E+001
-6.53948107791E+001
-6.54040947378E+001
-6.53576155575E+001
-6.54342033358E+001
-6.54818586805E+001
-6.55522589037E+001
-6.56004651620E+001
-6.56179239570E+001
-6.56327660577E+001
-6.56352316336E+001
-6.56541569749E+001
-6.56499686986E+001
-6.56217211220E+001
-6.56935555290E+001
-6.57005269593E+001
-6.57053036804E+001
-6.57252706876E+001
-6.57785134551E+001
-6.58474679056E+001
-6.58562914237E+001
-6.59055001814E+001
-6.58985410219E+001
-6.59601761550E+001
-6.60233108747E+001
-6.60875112341E+001
-6.61218734083E+001
-6.61189679465E+001
-6.61450986241E+001
-6.61711838313E+001
-6.62139250855E+001
-6.62780132178E+001
-6.62765951202E+001
-6.63176907286E+001
-6.64178719668E+001
-6.63462225116E+001
-6.63612044988E+001
-6.63514741756E+001
-6.63366515781E+001
-6.63457965021E+001
-6.64157471462E+001
-6.64304855434E+001
-6.64413763430E+001
-6.64906127062E+001
-6.64979641742E+001
-6.65436212388E+001
-6.65797523469E+001
-6.65836166130E+001
-6.66063639071E+001
-6.65529031279E+001
-6.65308603862E+001
-6.65539463749E+001
-6.65539760015E+001
-6.65134720152E+001
-6.66254133993E+001
-6.66535920142E+001
-6.66451119913E+001
-6.67511137815E+001
-6.68002497777E+001
-6.68039236437E+001
-6.68345624369E+001
-6.68036373674E+001
-6.67681651691E+001
-6.67149839509E+001
-6.67206592961E+001
-6.67125309763E+001
-6.67529299566E+001
-6.68035893049E+001
-6.67682445554E+001
-6.68446152103E+001
-6.69056656869E+001
-6.68949370586E+001
-6.69556586203E+001
-6.70170840946E+001
-6.70572819306E+001
-6.70268742622E+001
-6.69370071907E+001
-6.69331015724E+001
-6.69917687679E+001
-6.68571039932E+001
-6.68658212066E+001
-6.69040066287E+001
-6.69046749469E+001
-6.69313220950E+001
-6.69741265147E+001
-6.69795445832E+001
-6.69190654340E+001
-6.69351496777E+001
-6.69546986021E+001
-6.71411567220E+001
-6.70906139358E+001
-6.71736815550E+001
-6.71737095790E+001
-6.72533040655E+001
-6.72734660678E+001
-6.74083685947E+001
-6.74293203849E+001
-6.74684590028E+001
-6.74784379981E+001
-6.74627456534E+001
-6.74581363085E+001
-6.74927583512E+001
-6.75826424012E+001
-6.76376437760E+001
-6.76575509931E+001
-6.76483554587E+001
-6.76300603004E+001
-6.76586961721E+001
-6.76797411911E+001
-6.76565171574E+001
-6.76019570919E+001
-6.75147339961E+001
-6.75130401556E+001
-6.74792875589E+001
-6.74809253798E+001
-6.74742281344E+001
-6.74619348498E+001
-6.74163096488E+001
-6.75030968825E+001
-6.75032919194E+001
-6.74715379737E+001
-6.74839023774E+001
-6.74852592094E+001
-6.74721857557E+001
-6.74896005221E+001
-6.74610439103E+001
-6.74651405658E+001
-6.75130917181E+001
-6.74972240376E+001
-6.74435736830E+001
-6.74388452723E+001
-6.73368861411E+001
-6.73084026068E+001
-6.73062855656E+001
-6.71983634652E+001
-6.71329296912E+001
-6.71123683377E+001
-6.71365407675E+001
-6.70717771223E+001
-6.70383799587E+001
-6.72003071916E+001
-6.71911613487E+001
-6.72198246347E+001
-6.72211954463E+001
-6.72075665613E+001
-6.72116942728E+001
-6.72050767703E+001
-6.72611181577E+001
-6.72749411885E+001
-6.72667993006E+001
-6.72719231147E+001
-6.72900427927E+001
-6.72836420017E+001
-6.72911204694E+001
-6.72769876601E+001
-6.72359073042E+001
-6.72133149557E+001
-6.71771814870E+001
-6.71748996123E+001
-6.71899733703E+001
-6.71049959373E+001
-6.71041088986E+001
-6.70546287121E+001
-6.70618305765E+001
-6.71152050588E+001
-6.70496522904E+001
-6.71589415620E+001
-6.71387805872E+001
-6.71319473073E+001
-6.70916013325E+001
-6.70692138512E+001
-6.70714731350E+001
-6.70321552565E+001
-6.70930089809E+001
-6.70125531690E+001
-6.69454920284E+001
-6.69404866357E+001
-6.69841103363E+001
-6.70097381660E+001
-6.70169375559E+001
-6.70182008522E+001
-6.69653513485E+001
-6.68685080605E+001
-6.68764799443E+001
-6.68241939218E+001
-6.67736023604E+001
-6.67907461924E+001
-6.68441018517E+001
-6.68405230396E+001
-6.68474800623E+001
-6.68596072348E+001
-6.68368374256E+001
-6.68460566934E+001
-6.68563689936E+001
-6.68456469079E+001
-6.68395761220E+001
-6.68879791213E+001
-6.68499855665E+001
-6.68357610778E+001
-6.68480874441E+001
-6.68385773184E+001
-6.68632631267E+001
-6.68551650884E+001
-6.69342024631E+001
-6.69243017430E+001
-6.67903234316E+001
-6.68465069851E+001
-6.68733961999E+001
-6.68397060096E+001
-6.68138302517E+001
-6.68026150462E+001
-6.67590866038E+001
-6.67979143227E+001
-6.68152236585E+001
-6.67879194045E+001
-6.68046625828E+001
-6.68111561482E+001
-6.68018135842E+001
-6.67868928415E+001
-6.67914385373E+001
-6.67544171958E+001
-6.66663648875E+001
-6.66653796465E+001
-6.66303862461E+001
-6.65714560377E+001
-6.65476106785E+001
-6.65529483681E+001
-6.65411491025E+001
-6.65812497671E+001
-6.65818748181E+001
-6.65910203471E+001
-6.65820085237E+001
-6.65767540255E+001
-6.65806820683E+001
-6.65448083672E+001
-6.65169659329E+001
-6.65605392264E+001
-6.65372606262E+001
-6.65040328217E+001
-6.64533816600E+001
-6.62406376374E+001
-6.62262007908E+001
-6.61198445449E+001
-6.60680373958E+001
-6.59822221780E+001
-6.59293397550E+001
-6.58185703511E+001
-6.57420515932E+001
-6.57179500789E+001
-6.56792023888E+001
-6.56849214083E+001
-6.56850848295E+001
-6.57030022835E+001
-6.55825128979E+001
-6.55584383079E+001
-6.54892054415E+001
-6.54904174527E+001
-6.55024161604E+001
-6.54813595927E+001
-6.54395105891E+001
-6.54275256087E+001
-6.53895736801E+001
-6.53677309289E+001
-6.53763460797E+001
-6.53903012547E+001
-6.54321051752E+001
-6.53873783736E+001
-6.53971092518E+001
-6.53510097131E+001
-6.52245257696E+001
-6.52211373757E+001
-6.52399892835E+001
-6.52491086104E+001
-6.52323054011E+001
-6.51839112967E+001
-6.51467432820E+001
-6.51012724483E+001
-6.51308046473E+001
-6.50329837457E+001
-6.49861193051E+001
-6.50173063018E+001
-6.49926098245E+001
-6.49793159969E+001
-6.49501667058E+001
-6.49241994170E+001
-6.49297025847E+001
-6.49204109525E+001
-6.49040024296E+001
-6.48689807159E+001
-6.49162968428E+001
-6.49305371115E+001
-6.47674395759E+001
-6.47511199829E+001
-6.46883780370E+001
-6.46606500146E+001
-6.46473585953E+001
-6.46590708096E+001
-6.46562441337E+001
-6.46210156836E+001
-6.45966895641E+001
-6.45793983619E+001
-6.45705563555E+001
-6.45236191259E+001
-6.44977056327E+001
-6.45007374517E+001
-6.44740763283E+001
-6.44856498844E+001
-6.44568138974E+001
-6.44317201886E+001
-6.43434587069E+001
-6.43001057306E+001
-6.42937068544E+001
-6.42926769534E+001
-6.42897274804E+001
-6.43172337765E+001
-6.42742291336E+001
-6.42764757889E+001
-6.41589045441E+001
-6.41259181677E+001
-6.41407034073E+001
-6.41256248990E+001
-6.41056522517E+001
-6.40750492122E+001
-6.40456585390E+001
-6.40046123594E+001
-6.40308386574E+001
-6.40276604156E+001
-6.39884173433E+001
-6.39393086092E+001
-6.39276122202E+001
-6.39010580226E+001
-6.38903497901E+001
-6.38998499070E+001
-6.38887930741E+001
-6.38841856076E+001
-6.39391930634E+001
-6.38957821537E+001
-6.38958711768E+001
-6.38296860149E+001
-6.37563293543E+001
-6.37560581123E+001
-6.37524311603E+001
-6.37222351953E+001
-6.37428235308E+001
-6.38200767272E+001
-6.38201645902E+001
-6.38476817435E+001
-6.37629711619E+001
-6.37934104258E+001
-6.37875480461E+001
-6.37813882373E+001
-6.37504066342E+001
-6.37228608966E+001
-6.36570420791E+001
-6.35670465079E+001
-6.35886156637E+001
-6.35891868647E+001
-6.35093318722E+001
-6.34374245506E+001
-6.33573982282E+001
-6.33241786661E+001
-6.33106762744E+001
-6.33781020470E+001
-6.33588390230E+001
-6.33308171934E+001
-6.33551869141E+001
-6.33156420585E+001
-6.33149165914E+001
-6.33122333430E+001
-6.32593273522E+001
-6.32215205675E+001
-6.31844078818E+001
-6.31599371177E+001
-6.31587491273E+001
-6.31158100656E+001
-6.31116236679E+001
-6.30980586420E+001
-6.31105411249E+001
-6.31122057168E+001
-6.31323481722E+001
-6.30613599739E+001
-6.30492103955E+001
-6.30352521764E+001
-6.29998236616E+001
-6.30566790270E+001
-6.30126740020E+001
-6.29903039621E+001
-6.29085650673E+001
-6.29096078608E+001
-6.29238842721E+001
-6.29573147501E+001
-6.30850050952E+001
-6.31558244241E+001
-6.31407915841E+001
-6.31566722000E+001
-6.31654656936E+001
-6.31989527350E+001
-6.32017423708E+001
-6.32210230555E+001
-6.31990708225E+001
-6.32638059469E+001
-6.32739516545E+001
-6.32709055292E+001
-6.32709047708E+001
-6.32749920168E+001
-6.32418329474E+001
-6.32745892699E+001
-6.32223984527E+001
-6.32121376013E+001
-6.31743129820E+001
-6.31747326661E+001
-6.31869083264E+001
-6.31659619482E+001
-6.31543437861E+001
-6.31378779931E+001
-6.31233032623E+001
-6.30867975116E+001
-6.30891631079E+001
-6.30619195885E+001
-6.31407766205E+001
-6.31485500198E+001
-6.31663617970E+001
-6.32413590779E+001
-6.32204178072E+001
-6.32246189551E+001
-6.32598184233E+001
-6.32545083115E+001
-6.32685760562E+001
-6.32018684596E+001
-6.31627990513E+001
-6.31493271652E+001
-6.31210378168E+001
-6.31399350266E+001
-6.31246758541E+001
-6.31525535775E+001
-6.31451211624E+001
-6.31226038124E+001
-6.31585467845E+001
-6.31559464999E+001
-6.31746180411E+001
-6.31497102423E+001
-6.31579092225E+001
-6.31476551993E+001
-6.31514647246E+001
-6.31636559849E+001
-6.31697392672E+001
-6.31819636983E+001
-6.31208373740E+001
-6.31325312791E+001
-6.31220319378E+001
-6.31287739086E+001
-6.30900235230E+001
-6.30326851412E+001
-6.30314540071E+001
-6.30226735809E+001
-6.29983471908E+001
-6.30129151547E+001
-6.29451208574E+001
-6.29626502831E+001
-6.29453049342E+001
-6.29891502003E+001
-6.29949250102E+001
-6.29713006018E+001
-6.29545022612E+001
-6.29262132203E+001
-6.29064252333E+001
-6.29115956037E+001
-6.29576741459E+001
-6.29415227805E+001
-6.29630021327E+001
-6.29646011192E+001
-6.29486394038E+001
-6.29621480002E+001
-6.29367633919E+001
-6.29307538304E+001
-6.29393854374E+001
-6.29005974233E+001
-6.29883115069E+001
-6.30187120696E+001
-6.30242550292E+001
-6.30470806327E+001
-6.30696326403E+001
-6.30886035403E+001
-6.30589850685E+001
-6.30569082794E+001
-6.30918595993E+001
-6.30504520847E+001
-6.30893529035E+001
-6.30666492318E+001
-6.31027125703E+001
-6.31475602741E+001
-6.31485962699E+001
-6.31080162987E+001
-6.31011832187E+001
-6.30772066694E+001
-6.29990887374E+001
-6.30210308996E+001
-6.30156704002E+001
-6.29831787317E+001
-6.29398115968E+001
-6.29812893832E+001
-6.30136081790E+001
-6.30076118757E+001
-6.30539539582E+001
-6.30657179827E+001
-6.30910523118E+001
-6.30565541985E+001
-6.30673770346E+001
-6.30746040258E+001
-6.31032930977E+001
-6.31069339587E+001
-6.30971237552E+001
-6.31463711402E+001
-6.30728731668E+001
-6.30866502487E+001
-6.30944630061E+001
-6.31136369880E+001
-6.31104828145E+001
-6.30576917621E+001
-6.30635802726E+001
-6.30840390261E+001
-6.31517324412E+001
-6.31390069406E+001
-6.31900978653E+001
-6.32138435168E+001
-6.32119064781E+001
-6.31762162029E+001
-6.31884349815E+001
-6.32109359155E+001
-6.31979858700E+001
-6.31003416403E+001
-6.31199692538E+001
-6.30844560777E+001
-6.30699746883E+001
-6.30603545328E+001
-6.30331500202E+001
-6.31000245568E+001
-6.30821310697E+001
-6.31396689219E+001
-6.31215956420E+001
-6.30973174847E+001
-6.30700374605E+001
-6.29966281975E+001
-6.29358895056E+001
-6.29078186001E+001
-6.29209241873E+001
-6.28898379861E+001
-6.28453108060E+001
-6.27995148599E+001
-6.27791060601E+001
-6.27750568650E+001
-6.27332587241E+001
-6.27629249873E+001
-6.27322640836E+001
-6.26883512289E+001
-6.26951190908E+001
-6.27224602832E+001
-6.26993898073E+001
-6.27030194905E+001
-6.27092172498E+001
-6.27399046273E+001
-6.27566192548E+001
-6.27856666801E+001
-6.27913980074E+001
-6.28015651191E+001
-6.27851325282E+001
-6.27998359395E+001
-6.27632596819E+001
-6.28162013849E+001
-6.28515554214E+001
-6.27871994655E+001
-6.27926394635E+001
-6.27571860984E+001
-6.26407212757E+001
-6.26401650306E+001
-6.26674569264E+001
-6.26308586659E+001
-6.26479400705E+001
-6.26379776915E+001
-6.26554538725E+001
-6.27157441837E+001
-6.27291078054E+001
-6.27097889350E+001
-6.27377160372E+001
-6.27523783126E+001
-6.27339050145E+001
-6.27672178753E+001
-6.27849168696E+001
-6.27623411664E+001
-6.27565160375E+001
-6.27380570500E+001
-6.27351487002E+001
-6.27499628642E+001
-6.28137389214E+001
-6.28535776997E+001
-6.28476240725E+001
-6.28490435888E+001
-6.28332853944E+001
-6.28356716369E+001
-6.28213341187E+001
-6.28207680295E+001
-6.28633208125E+001
-6.28853082740E+001
-6.29037949709E+001
-6.28761163841E+001
-6.28804541163E+001
-6.28634879183E+001
-6.29161624045E+001
-6.29326487339E+001
-6.29661281735E+001
-6.29798225722E+001
-6.29312188498E+001
-6.29055695654E+001
-6.29496428899E+001
-6.29844362570E+001
-6.29942705311E+001
-6.29591241577E+001
-6.29604071408E+001
-6.29378266719E+001
-6.29395777602E+001
-6.29452311779E+001
-6.29245882564E+001
-6.29715322374E+001
-6.29454956058E+001
-6.29600344800E+001
-6.30126118823E+001
-6.29779971502E+001
-6.30105564960E+001
-6.29564638944E+001
-6.29160240690E+001
-6.28596695656E+001
-6.27958949656E+001
-6.27628436995E+001
-6.27447820859E+001
-6.27875105095E+001
-6.27589009711E+001
-6.27052473327E+001
-6.26592018132E+001
-6.26283523598E+001
-6.26459274254E+001
-6.26057497954E+001
-6.26108225312E+001
-6.26155903583E+001
-6.26425103370E+001
-6.26428026787E+001
-6.26170658094E+001
-6.26041681495E+001
-6.25205659644E+001
-6.24812223779E+001
-6.24880350659E+001
-6.24882262102E+001
-6.24551708542E+001
-6.24216659358E+001
-6.24340574376E+001
-6.23560666990E+001
-6.23517370583E+001
-6.23421925186E+001
-6.23435490672E+001
-6.23572586902E+001
-6.23248848881E+001
-6.23014438352E+001
-6.23015887042E+001
-6.22983478482E+001
-6.22957445094E+001
-6.22697548264E+001
-6.22228235834E+001
-6.21861507167E+001
-6.21246017328E+001
-6.21660104619E+001
-6.21687462524E+001
-6.21824073859E+001
-6.21694960379E+001
-6.20977272160E+001
-6.20849058414E+001
-6.20824057762E+001
-6.20399594803E+001
-6.20532052374E+001
-6.20636131450E+001
-6.20656373763E+001
-6.20005421621E+001
-6.20164133122E+001
-6.20573332357E+001
-6.20685132198E+001
-6.20569195386E+001
-6.20746277824E+001
-6.20822832955E+001
-6.20271568788E+001
-6.19791178391E+001
-6.19986760877E+001
-6.19778390630E+001
-6.20079295589E+001
-6.20351940581E+001
-6.20369156259E+001
-6.19906143529E+001
-6.20031483843E+001
-6.20479478156E+001
-6.20248671050E+001
-6.20207220057E+001
-6.20603572760E+001
-6.20974465528E+001
-6.21080099179E+001
-6.21946723848E+001
-6.22387896046E+001
-6.21967119842E+001
-6.22475495160E+001
-6.22170357071E+001
-6.22462108324E+001
-6.21901410746E+001
-6.21745271917E+001
-6.21881566693E+001
-6.22002667726E+001
-6.21916055281E+001
-6.21586339724E+001
-6.21036363375E+001
-6.21027100383E+001
-6.21059177196E+001
-6.21789346123E+001
-6.22287171979E+001
-6.22412802688E+001
-6.21985372022E+001
-6.21537009289E+001
-6.21667617599E+001
-6.21778074263E+001
-6.21839329982E+001
-6.22091390516E+001
-6.22204329536E+001
-6.21908973476E+001
-6.21952947976E+001
-6.21941782001E+001
-6.21840136295E+001
-6.21735410445E+001
-6.21188368730E+001
-6.21156238478E+001
-6.21276383344E+001
-6.21438215702E+001
-6.21460475319E+001
-6.22335537302E+001
-6.22436063155E+001
-6.23319272057E+001
-6.23359265889E+001
-6.23518392102E+001
-6.23425701604E+001
-6.22863329387E+001
-6.22661009267E+001
-6.22141320806E+001
-6.21661640157E+001
-6.22001182069E+001
-6.21636908241E+001
-6.21497754334E+001
-6.21551153165E+001
-6.21186889183E+001
-6.21347735774E+001
-6.21069583276E+001
-6.21361240044E+001
-6.21209764237E+001
-6.21754800615E+001
-6.21884344919E+001
-6.21860101093E+001
-6.21748408238E+001
-6.21730192523E+001
-6.21179301341E+001
-6.21251855352E+001
-6.21850633738E+001
-6.22243670970E+001
-6.22171720404E+001
-6.22225307417E+001
-6.22346123171E+001
-6.23472859868E+001
-6.23206260654E+001
-6.22745235827E+001
-6.22843870806E+001
-6.22679729362E+001
-6.22782250502E+001
-6.22714661732E+001
-6.22911918635E+001
-6.22901260220E+001
-6.22345358785E+001
-6.22353388190E+001
-6.22134559159E+001
-6.22027100403E+001
-6.22301368681E+001
-6.22370998003E+001
-6.22535376065E+001
-6.22868256765E+001
-6.22733670151E+001
-6.22764102053E+001
-6.23051648202E+001
-6.23384815828E+001
-6.23884247988E+001
-6.23995647367E+001
-6.24129962221E+001
-6.24835328256E+001
-6.24982321136E+001
-6.25386466946E+001
-6.24877897453E+001
-6.24520197333E+001
-6.24737413476E+001
-6.24623532112E+001
-6.25356910124E+001
-6.25977440288E+001
-6.26154460984E+001
-6.26175511698E+001
-6.25891791972E+001
-6.26067623727E+001
-6.26813403718E+001
-6.27169579730E+001
-6.27412588390E+001
-6.27629495862E+001
-6.27686489194E+001
-6.27563337941E+001
-6.27758829956E+001
-6.27714498207E+001
-6.27599042242E+001
-6.27787031366E+001
-6.27749991207E+001
-6.27848956402E+001
-6.27711041556E+001
-6.28174201893E+001
-6.28298604191E+001
-6.28255248284E+001
-6.28339388991E+001
-6.27911469606E+001
-6.28123113462E+001
-6.28121566453E+001
-6.27968895370E+001
-6.27768730219E+001
-6.28091560779E+001
-6.27847066126E+001
-6.27846022469E+001
-6.27834581622E+001
-6.27887359408E+001
-6.27903634835E+001
-6.27574000949E+001
-6.27467091301E+001
-6.27587056477E+001
-6.27544313828E+001
-6.27773493593E+001
-6.27864264614E+001
-6.28337786269E+001
-6.28800966657E+001
-6.29106613213E+001
-6.29045385045E+001
-6.28941502057E+001
-6.28963378521E+001
-6.29123921228E+001
-6.29116467369E+001
-6.29407201949E+001
-6.29720565649E+001
-6.29896264003E+001
-6.29570199130E+001
-6.29244721617E+001
-6.29209795886E+001
-6.28351389521E+001
-6.28147180549E+001
-6.28106816905E+001
-6.27660264465E+001
-6.27857652925E+001
-6.27687977147E+001
-6.27724228719E+001
-6.27591441750E+001
-6.27809506236E+001
-6.28051178675E+001
-6.28621716722E+001
-6.28581472946E+001
-6.28895306352E+001
-6.28949619177E+001
-6.28643614773E+001
-6.28401876338E+001
-6.27687965292E+001
-6.27815974546E+001
-6.27768163521E+001
-6.27911624922E+001
-6.27832849286E+001
-6.27559725276E+001
-6.27496212943E+001
-6.27434509503E+001
-6.27405351101E+001
-6.27387559320E+001
-6.27668885696E+001
-6.27590452575E+001
-6.27424306605E+001
-6.27466873721E+001
-6.27451017597E+001
-6.27457706580E+001
-6.27976286188E+001
-6.27700944812E+001
-6.27638652290E+001
-6.26500243938E+001
-6.26286052399E+001
-6.25433645703E+001
-6.25507070444E+001
-6.25573972166E+001
-6.25608207381E+001
-6.25831883907E+001
-6.25794497000E+001
-6.25571236481E+001
-6.25968279575E+001
-6.25653143830E+001
-6.26135303172E+001
-6.26254139717E+001
-6.26722570522E+001
-6.27463010319E+001
-6.28046887144E+001
-6.28119758509E+001
-6.28058736293E+001
-6.28469553021E+001
-6.28592603696E+001
-6.28462067139E+001
-6.28914561719E+001
-6.28705771497E+001
-6.29600153948E+001
-6.29589153382E+001
-6.29949286934E+001
-6.29807469776E+001
-6.29748650583E+001
-6.30247702420E+001
-6.30269129749E+001
-6.31275592278E+001
-6.30702502855E+001
-6.31001959094E+001
-6.31775161554E+001
-6.31642046105E+001
-6.32993108856E+001
-6.33360843397E+001
-6.33522548142E+001
-6.33822776549E+001
-6.34150797294E+001
-6.34285587547E+001
-6.34887551071E+001
-6.35305812209E+001
-6.36265103315E+001
-6.36555335617E+001
-6.36747233840E+001
-6.37094880617E+001
-6.37700316089E+001
-6.38078593324E+001
-6.37931990603E+001
-6.38381728714E+001
-6.38291191247E+001
-6.38249191990E+001
-6.38255779125E+001
-6.37866210915E+001
-6.38008521540E+001
-6.38104432586E+001
-6.37985834118E+001
-6.38753469182E+001
-6.39165543774E+001
-6.39395123237E+001
-6.39435975951E+001
-6.39886118613E+001
-6.39538260065E+001
-6.39521329192E+001
-6.39661532365E+001
-6.39854048350E+001
-6.39671690728E+001
-6.39287068033E+001
-6.39581065013E+001
-6.39881632442E+001
-6.40484887640E+001
-6.41548239772E+001
-6.42010551021E+001
-6.41967923281E+001
-6.42158206465E+001
-6.42564461648E+001
-6.42612483786E+001
-6.42938577722E+001
-6.43316034027E+001
-6.44555602208E+001
-6.44618216951E+001
-6.44803568776E+001
-6.45045298477E+001
-6.45544528844E+001
-6.45728235001E+001
-6.45656614730E+001
-6.46132055357E+001
-6.47501235286E+001
-6.47655883743E+001
-6.47915309906E+001
-6.48344631005E+001
-6.48440159643E+001
-6.48736597189E+001
-6.48968011408E+001
-6.50080957429E+001
-6.50605939719E+001
-6.50630211624E+001
-6.51062918767E+001
-6.51437623129E+001
-6.51375258902E+001
-6.51836849942E+001
-6.51568541877E+001
-6.51475520408E+001
-6.51747538537E+001
-6.52077109022E+001
-6.52122265225E+001
-6.52567075138E+001
-6.53063812258E+001
-6.53293589995E+001
-6.54211373471E+001
-6.53939971257E+001
-6.54689654988E+001
-6.55404030139E+001
-6.55808861239E+001
-6.56488524973E+001
-6.56771691136E+001
-6.56962870516E+001
-6.57858704460E+001
-6.58465316758E+001
-6.58840759144E+001
-6.58829096318E+001
-6.60045201270E+001
-6.60201779461E+001
-6.60670978824E+001
-6.61167613230E+001
-6.61012064845E+001
-6.62284591014E+001
-6.62641977662E+001
-6.63641117339E+001
-6.64718204005E+001
-6.64495094702E+001
-6.65410208000E+001
-6.65653636978E+001
-6.65868786200E+001
-6.66358325963E+001
-6.66424906231E+001
-6.66979979473E+001
-6.67793313221E+001
-6.67778587731E+001
-6.68028956392E+001
-6.68289710903E+001
-6.68619898671E+001
-6.68762687817E+001
-6.70194282909E+001
-6.70975986328E+001
-6.71538523068E+001
-6.71982073661E+001
-6.71718675846E+001
-6.71883531777E+001
-6.72340872374E+001
-6.73029968761E+001
-6.73259308658E+001
-6.73905117000E+001
-6.74000421908E+001
-6.74399556400E+001
-6.74439049952E+001
-6.74987097560E+001
-6.75055895680E+001
-6.76153793391E+001
-6.76145124064E+001
-6.76668719124E+001
-6.76711049150E+001
-6.77220303591E+001
-6.77137026623E+001
-6.77089927589E+001
-6.76475292993E+001
-6.77217902067E+001
-6.77755962878E+001
-6.77370471393E+001
-6.76939122832E+001
-6.77575549147E+001
-6.77413620840E+001
-6.77481589671E+001
-6.76956747719E+001
-6.76848687996E+001
-6.77233939119E+001
-6.77130599910E+001
-6.77369309922E+001
-6.76657977281E+001
-6.77829069720E+001
-6.76946402134E+001
-6.76949227101E+001
-6.77302233864E+001
-6.77527238161E+001
-6.78206561761E+001
-6.77885948061E+001
-6.78459944724E+001
-6.78478348547E+001
-6.78497764492E+001
-6.78325487536E+001
-6.78461462122E+001
-6.78309963606E+001
-6.78644136641E+001
-6.77814416073E+001
-6.77619631653E+001
-6.77765224216E+001
-6.78346823917E+001
-6.77996748948E+001
-6.78692668787E+001
-6.78556071107E+001
-6.78158033930E+001
-6.78265917864E+001
-6.78608129391E+001
-6.79045458764E+001
-6.79731489105E+001
-6.79402469155E+001
-6.79533850421E+001
-6.79753564774E+001
-6.79316990100E+001
-6.79556820124E+001
-6.79332332194E+001
-6.79526846583E+001
-6.79765365370E+001
-6.80234091977E+001
-6.80060141170E+001
-6.80206921906E+001
-6.81318548580E+001
-6.81269135508E+001
-6.81336076313E+001
-6.81347625599E+001
-6.81498518475E+001
-6.81099385621E+001
-6.80305220482E+001
-6.80153513885E+001
-6.80363659826E+001
-6.80520012700E+001
-6.80309218539E+001
-6.79987743559E+001
-6.80301083094E+001
-6.80267140649E+001
-6.79334999984E+001
-6.79199410861E+001
-6.79442774251E+001
-6.79732293432E+001
-6.80150503095E+001
-6.80908362955E+001
-6.81133848718E+001
-6.80834077029E+001
-6.80045816995E+001
-6.80639586168E+001
-6.80700567065E+001
-6.80555604196E+001
-6.80232979926E+001
-6.80362213154E+001
-6.80861017400E+001
-6.79875934123E+001
-6.79818973714E+001
-6.79740751993E+001
-6.80077477101E+001
-6.80620476754E+001
-6.80665558748E+001
-6.80765594765E+001
-6.80888805436E+001
-6.81486524391E+001
-6.80863390922E+001
-6.81207305960E+001
-6.81293018437E+001
-6.81014716224E+001
-6.80727802116E+001
-6.81344608401E+001
-6.80603960706E+001
-6.80558248830E+001
-6.80111636562E+001
-6.79912437141E+001
-6.79582060652E+001
-6.79191902815E+001
-6.79281327100E+001
-6.79168290638E+001
-6.78506143784E+001
-6.78182246409E+001
-6.78021149590E+001
-6.77951590621E+001
-6.77690279296E+001
-6.78051738419E+001
-6.78087983279E+001
-6.77290099561E+001
-6.77491725407E+001
-6.78095289259E+001
-6.77759769766E+001
-6.77447861846E+001
-6.76769122068E+001
-6.76570112992E+001
-6.76198176206E+001
-6.75858727626E+001
-6.75828533980E+001
-6.76125236400E+001
-6.76198516076E+001
-6.76197546547E+001
-6.75657402358E+001
-6.75991940171E+001
-6.75985612583E+001
-6.76353909655E+001
-6.76252240592E+001
-6.76421088582E+001
-6.75273548950E+001
-6.75225454273E+001
-6.76539067115E+001
-6.76158996808E+001
-6.76065536698E+001
-6.76179870038E+001
-6.76245810880E+001
-6.76842454934E+001
-6.77139134665E+001
-6.76692451658E+001
-6.76654623917E+001
-6.76411238135E+001
-6.76755449605E+001
-6.76364268275E+001
-6.76395176155E+001
-6.75446041579E+001
-6.75078941286E+001
-6.74941180619E+001
-6.74811964433E+001
-6.74503894692E+001
-6.74150489411E+001
-6.73586995344E+001
-6.74306493476E+001
-6.73604874230E+001
-6.73217929982E+001
-6.74392254844E+001
-6.74728201429E+001
-6.74144176281E+001
-6.73892393978E+001
-6.74468048996E+001
-6.74761134397E+001
-6.76071981410E+001
-6.75280121213E+001
-6.75571466286E+001
-6.75759549961E+001
-6.76541838750E+001
-6.75684492079E+001
-6.75485994003E+001
-6.75281454540E+001
-6.75720776389E+001
-6.75077948015E+001
-6.74387095010E+001
-6.73688245470E+001
-6.73002022382E+001
-6.74172704516E+001
-6.74123090418E+001
-6.74619036800E+001
-6.75441571614E+001
-6.75025949945E+001
-6.74689420676E+001
-6.74965205122E+001
-6.74977770752E+001
-6.75087819560E+001
-6.74443399848E+001
-6.74244867613E+001
-6.74108056828E+001
-6.74559175946E+001
-6.75052178625E+001
-6.75129544134E+001
-6.75148120696E+001
-6.74863218998E+001
-6.74408873541E+001
-6.74555921323E+001
-6.74490958552E+001
-6.74043638685E+001
-6.74129497326E+001
-6.74062833672E+001
-6.74796479697E+001
-6.74585120237E+001
-6.74033659039E+001
-6.73870316367E+001
-6.74211274497E+001
-6.74284316299E+001
-6.73352672636E+001
-6.73447189635E+001
-6.74185370004E+001
-6.74687090074E+001
-6.74624008536E+001
-6.75355005273E+001
-6.75800104037E+001
-6.75659261840E+001
-6.75786201236E+001
-6.76322230459E+001
-6.77139956512E+001
-6.77183170506E+001
-6.76372461565E+001
-6.76803607655E+001
-6.76875847347E+001
-6.77223249655E+001
-6.77324925637E+001
-6.77405180356E+001
-6.76720721505E+001
-6.75922541264E+001
-6.76129083600E+001
-6.76398168037E+001
-6.76486105790E+001
-6.76457719392E+001
-6.76753192501E+001
-6.77307283268E+001
-6.78594590417E+001
-6.78466245487E+001
-6.78092186270E+001
-6.78394821896E+001
-6.78520463748E+001
-6.78906421366E+001
-6.78798483684E+001
-6.78941379335E+001
-6.78897464899E+001
-6.79112879665E+001
-6.78812869466E+001
-6.77935244666E+001
-6.78222209675E+001
-6.77674433222E+001
-6.78233716676E+001
-6.78279706647E+001
-6.78696135291E+001
-6.78002011823E+001
-6.77463799058E+001
-6.77807180052E+001
-6.77775458238E+001
-6.77916126795E+001
-6.77988826057E+001
-6.77911797558E+001
-6.77515269398E+001
-6.77049898890E+001
-6.77875850743E+001
-6.78108021628E+001
-6.78316884731E+001
-6.78376467624E+001
-6.78274584325E+001
-6.78689246540E+001
-6.78478606036E+001
-6.79121076945E+001
-6.78638495776E+001
-6.77349423456E+001
-6.77568559909E+001
-6.77870410158E+001
-6.78226249472E+001
-6.78002939242E+001
-6.78304463577E+001
-6.78779379529E+001
-6.79053204045E+001
-6.78641098892E+001
-6.79514978085E+001
-6.80455281144E+001
-6.80354148968E+001
-6.80657310174E+001
-6.80824190671E+001
-6.80358221419E+001
-6.80543856353E+001
-6.80620666218E+001
-6.81057688551E+001
-6.81047936420E+001
-6.79818026792E+001
-6.79827511282E+001
-6.79797382081E+001
-6.79390799130E+001
-6.79090671828E+001
-6.78538931169E+001
-6.78006524630E+001
-6.78307907336E+001
-6.78274908423E+001
-6.78584458130E+001
-6.78615808911E+001
-6.79022783643E+001
-6.79249791192E+001
-6.79626964920E+001
-6.82199040424E+001
-6.81962882404E+001
-6.82950185794E+001
-6.83068186685E+001
-6.83512609292E+001
-6.83762818224E+001
-6.83036877672E+001
-6.83243034081E+001
-6.83291426931E+001
-6.83101105342E+001
-6.83005456047E+001
-6.83049107639E+001
-6.83185807038E+001
-6.82486512835E+001
-6.82135565523E+001
-6.81135176635E+001
-6.81639186095E+001
-6.81237267379E+001
-6.80994892315E+001
-6.80759705241E+001
-6.80303875546E+001
-6.81066174319E+001
-6.81176508254E+001
-6.80455851944E+001
-6.80505679532E+001
-6.80742553314E+001
-6.80468786979E+001
-6.80295737289E+001
-6.79049851941E+001
-6.78780973243E+001
-6.78560278719E+001
-6.78296338279E+001
-6.78619335868E+001
-6.79138354610E+001
-6.78354276833E+001
-6.78426830998E+001
-6.78399003627E+001
-6.78401912258E+001
-6.78547766906E+001
-6.77666395270E+001
-6.77585028895E+001
-6.77513465244E+001
-6.77406841593E+001
-6.77156975219E+001
-6.77123330290E+001
-6.77609776326E+001
-6.77112544433E+001
-6.76722123233E+001
-6.76695244888E+001
-6.76856235557E+001
-6.76955712269E+001
-6.76469323128E+001
-6.77774987176E+001
-6.77541468237E+001
-6.77434537980E+001
-6.78037396637E+001
-6.77683865756E+001
-6.78656443242E+001
-6.78859861051E+001
-6.78065895340E+001
-6.77228491105E+001
-6.76857531831E+001
-6.76153687829E+001
-6.75396717435E+001
-6.75630101682E+001
-6.75720216761E+001
-6.74941071573E+001
-6.74465084288E+001
-6.74560773157E+001
-6.75143588262E+001
-6.74689996620E+001
-6.74633331904E+001
-6.74539746269E+001
-6.74286427101E+001
-6.73622305576E+001
-6.74323713191E+001
-6.74726237413E+001
-6.74281865925E+001
-6.74343206769E+001
-6.74288748894E+001
-6.73583327961E+001
-6.73118964996E+001
-6.72683705016E+001
-6.72151375991E+001
-6.71790324610E+001
-6.71461817574E+001
-6.71029890657E+001
-6.70988037639E+001
-6.70894830456E+001
-6.70691436872E+001
-6.69882932737E+001
-6.70538707334E+001
-6.70985564209E+001
-6.71143990114E+001
-6.71199748650E+001
-6.70941676858E+001
-6.70914567817E+001
-6.70717448131E+001
-6.70937685342E+001
-6.70646526888E+001
-6.70450584549E+001
-6.70591560106E+001
-6.70555412355E+001
-6.70810380916E+001
-6.70617289695E+001
-6.71330542594E+001
-6.71472887277E+001
-6.71893769103E+001
-6.72239652109E+001
-6.71767226275E+001
-6.72700926407E+001
-6.72614642830E+001
-6.72882721310E+001
-6.73367595971E+001
-6.72918684811E+001
-6.73018530859E+001
-6.72536151803E+001
-6.73194435796E+001
-6.72735295964E+001
-6.72826289046E+001
-6.71785592084E+001
-6.71263243127E+001
-6.72392311802E+001
-6.71848770049E+001
-6.71348196822E+001
-6.71210184515E+001
-6.70844285035E+001
-6.69769842523E+001
-6.68678620763E+001
-6.68713121498E+001
-6.67844690906E+001
-6.67649624843E+001
-6.67699349601E+001
-6.67435273346E+001
-6.68201949314E+001
-6.67904703488E+001
-6.67734546982E+001
-6.67523740595E+001
-6.67360738574E+001
-6.67322994353E+001
-6.67465281199E+001
-6.67668925341E+001
-6.67222904225E+001
-6.67407465474E+001
-6.67219735291E+001
-6.67497434904E+001
-6.67169116493E+001
-6.67148376545E+001
-6.66715808700E+001
-6.66678597288E+001
-6.66434828069E+001
-6.64252242511E+001
-6.64366654763E+001
-6.63790414915E+001
-6.63352318462E+001
-6.63337879089E+001
-6.63697282166E+001
-6.63754491611E+001
-6.63704145524E+001
-6.64251591129E+001
-6.63438190272E+001
-6.63124257139E+001
-6.63242110319E+001
-6.63392715235E+001
-6.63609422505E+001
-6.63406651867E+001
-6.63644071567E+001
-6.63984890251E+001
-6.64736344309E+001
-6.65236745914E+001
-6.64984137562E+001
-6.64989539418E+001
-6.64812690667E+001
-6.64463643212E+001
-6.64536799122E+001
-6.64846158704E+001
-6.64975007872E+001
-6.65489711999E+001
-6.66040388680E+001
-6.65651728319E+001
-6.66857999840E+001
-6.66555455020E+001
-6.65894551031E+001
-6.66199063470E+001
-6.65750215030E+001
-6.66103631747E+001
-6.66160780209E+001
-6.65880926840E+001
-6.65849318660E+001
-6.65714108331E+001
-6.65773564763E+001
-6.65980523848E+001
-6.65673855883E+001
-6.65444340163E+001
-6.65828483503E+001
-6.65989181251E+001
-6.65903468224E+001
-6.66729381130E+001
-6.66803510201E+001
-6.66921704392E+001
-6.66851382429E+001
-6.66660277090E+001
-6.66349674289E+001
-6.65787781022E+001
-6.66217245507E+001
-6.66636354638E+001
-6.66131324671E+001
-6.66311754185E+001
-6.66235672326E+001
-6.66203616753E+001
-6.66029257685E+001
-6.65953325363E+001
-6.66143701962E+001
-6.66813558437E+001
-6.66763952171E+001
-6.66947835030E+001
-6.66683646812E+001
-6.66952904400E+001
-6.66483483180E+001
-6.66125798117E+001
-6.65205352397E+001
-6.64863838417E+001
-6.64555221162E+001
-6.63931545416E+001
-6.63760642002E+001
-6.63967634416E+001
-6.63045775108E+001
-6.62356442739E+001
-6.62310885519E+001
-6.61724179527E+001
-6.61355645830E+001
-6.61401910762E+001
-6.61095552502E+001
-6.60744755321E+001
-6.60162833180E+001
-6.60064106558E+001
-6.59859785720E+001
-6.59494324834E+001
-6.58932164612E+001
-6.58537525720E+001
-6.57896655805E+001
-6.57617587421E+001
-6.56966992159E+001
-6.56165094043E+001
-6.55785031626E+001
-6.55553087960E+001
-6.55455110678E+001
-6.55177623143E+001
-6.54536134261E+001
-6.53971668735E+001
-6.53431703105E+001
-6.53203021732E+001
-6.52827543020E+001
-6.52506968351E+001
-6.51993635535E+001
-6.51501047666E+001
-6.50744073521E+001
-6.50496560509E+001
-6.49993836581E+001
-6.49903776842E+001
-6.49347613625E+001
-6.48127976834E+001
-6.47842526734E+001
-6.47119642860E+001
-6.46149044182E+001
-6.45682101794E+001
-6.44893365201E+001
-6.44813690851E+001
-6.43894800207E+001
-6.43623481359E+001
-6.43155772090E+001
-6.43185071822E+001
-6.43003856938E+001
-6.41813093289E+001
-6.41478191890E+001
-6.41240842958E+001
-6.41235725796E+001
-6.41172412977E+001
-6.41175588537E+001
-6.40710414254E+001
-6.40295475885E+001
-6.40488078380E+001
-6.39936465589E+001
-6.40038702421E+001
-6.39336762867E+001
-6.38150523293E+001
-6.37874046293E+001
-6.37832581460E+001
-6.37487743818E+001
-6.37552946335E+001
-6.37089582773E+001
-6.36774781371E+001
-6.36387806737E+001
-6.36222643665E+001
-6.35768321049E+001
-6.35391779462E+001
-6.35087322286E+001
-6.34900318608E+001
-6.34195290485E+001
-6.34020238690E+001
-6.33353525738E+001
-6.32945821209E+001
-6.32541550635E+001
-6.32818964900E+001
-6.32470881223E+001
-6.32675773799E+001
-6.32038901159E+001
-6.31713815041E+001
-6.31263103215E+001
-6.30759254230E+001
-6.29935669061E+001
-6.29701534150E+001
-6.29838893990E+001
-6.29575676019E+001
-6.29377639807E+001
-6.29098095816E+001
-6.28916997164E+001
-6.28423414598E+001
-6.27402423308E+001
-6.26380867263E+001
-6.25691890530E+001
-6.25299670902E+001
-6.25026562048E+001
-6.24286955781E+001
-6.24040136338E+001
-6.23695001658E+001
-6.23159617148E+001
-6.22739355905E+001
-6.22075075780E+001
-6.21348322749E+001
-6.21645521037E+001
-6.20074156536E+001
-6.19698833180E+001
-6.19631856882E+001
-6.18883233883E+001
-6.18252000939E+001
-6.17882637210E+001
-6.17766601010E+001
-6.17725518054E+001
-6.17336422032E+001
-6.17013205268E+001
-6.16625952562E+001
-6.16018036029E+001
-6.15678590102E+001
-6.15527752705E+001
-6.14839419106E+001
-6.14559776588E+001
-6.14188708243E+001
-6.13415676066E+001
-6.12806509177E+001
-6.12639344907E+001
-6.12216775583E+001
-6.11993589240E+001
-6.11776964838E+001
-6.10772544834E+001
-6.09934492875E+001
-6.09125530836E+001
-6.08521273060E+001
-6.08274538743E+001
-6.07388453202E+001
-6.07125148016E+001
-6.07159646619E+001
-6.06968122327E+001
-6.06549494642E+001
-6.05188775357E+001
-6.05047284745E+001
-6.04357129781E+001
-6.04459536953E+001
-6.04003614787E+001
-6.04024583499E+001
-6.04026821463E+001
-6.04418439403E+001
-6.04248633050E+001
-6.04384374149E+001
-6.04569075704E+001
-6.04455962022E+001
-6.04000701532E+001
-6.04090603898E+001
-6.04100645827E+001
-6.03988379478E+001
-6.04586721831E+001
-6.04628979190E+001
-6.04455669720E+001
-6.04467389435E+001
-6.04342128593E+001
-6.04418518946E+001
-6.04420957372E+001
-6.04741730365E+001
-6.04941460935E+001
-6.04808705148E+001
-6.04927693567E+001
-6.05258593047E+001
-6.05335888496E+001
-6.05077013962E+001
-6.04614102232E+001
-6.04421520504E+001
-6.04559690594E+001
-6.04776193172E+001
-6.04840879802E+001
-6.04858348870E+001
-6.05039855924E+001
-6.05275923598E+001
-6.05071507348E+001
-6.05206501812E+001
-6.05156812249E+001
-6.05100014027E+001
-6.04978035408E+001
-6.05051249511E+001
-6.05073292140E+001
-6.05006609627E+001
-6.04619815472E+001
-6.04435498546E+001
-6.04459626161E+001
-6.04101521722E+001
-6.04246648526E+001
-6.04016744417E+001
-6.03960689498E+001
-6.03964686225E+001
-6.03711205903E+001
-6.03900876870E+001
-6.04248633193E+001
-6.04333321612E+001
-6.04147650634E+001
-6.04329159252E+001
-6.04300869155E+001
-6.04692095580E+001
-6.04918716372E+001
-6.04689180820E+001
-6.04713604053E+001
-6.04777274681E+001
-6.05117234894E+001
-6.05065461178E+001
-6.04759991462E+001
-6.04948428889E+001
-6.04910980336E+001
-6.05195804675E+001
-6.05034691288E+001
-6.04781045380E+001
-6.04215017062E+001
-6.04282986592E+001
-6.04670785309E+001
-6.05145277889E+001
-6.05288108059E+001
-6.05413880853E+001
-6.05430985720E+001
-6.05590512237E+001
-6.05791144431E+001
-6.05446968611E+001
-6.05301253006E+001
-6.05379406362E+001
-6.05231873813E+001
-6.05456820271E+001
-6.05787532078E+001
-6.05739179649E+001
-6.05070350874E+001
-6.04858814759E+001
-6.04696514928E+001
-6.04747080851E+001
-6.04749330055E+001
-6.05053083703E+001
-6.04923450346E+001
-6.04761900881E+001
-6.05156738598E+001
-6.04761645526E+001
-6.04593338754E+001
-6.04572928884E+001
-6.04846089615E+001
-6.05028002391E+001
-6.05210401842E+001
-6.05569737086E+001
-6.05585967868E+001
-6.05378177513E+001
-6.05448247025E+001
-6.05285471540E+001
-6.05468080849E+001
-6.05536016763E+001
-6.05938931506E+001
-6.05792173478E+001
-6.05896997008E+001
-6.05820156883E+001
-6.05721193618E+001
-6.05319251994E+001
-6.05691240110E+001
-6.06063696842E+001
-6.06090386955E+001
-6.06127648938E+001
-6.06233454794E+001
-6.06198462556E+001
-6.05613443897E+001
-6.05704696545E+001
-6.05883694090E+001
-6.05755893969E+001
-6.05881289388E+001
-6.06327199414E+001
-6.06245060626E+001
-6.06174851396E+001
-6.06146851834E+001
-6.06345169740E+001
-6.05835462466E+001
-6.05647428885E+001
-6.06313575931E+001
-6.06155022340E+001
-6.06436822704E+001
-6.06361668855E+001
-6.06563562772E+001
-6.06599190104E+001
-6.06559336791E+001
-6.06397609964E+001
-6.06477918660E+001
-6.06529348029E+001
-6.06294991471E+001
-6.06102904057E+001
-6.05737115821E+001
-6.05663683700E+001
-6.05806417428E+001
-6.06191606980E+001
-6.06249774722E+001
-6.06328829517E+001
-6.06052398009E+001
-6.06011942800E+001
-6.05990396242E+001
-6.06085565206E+001
-6.06000456274E+001
-6.06375648710E+001
-6.06909066094E+001
-6.06872584728E+001
-6.06832822728E+001
-6.06539026659E+001
-6.06661474359E+001
-6.06827356765E+001
-6.06845690854E+001
-6.06318331156E+001
-6.06299743777E+001
-6.06315455225E+001
-6.06484170101E+001
-6.06490379708E+001
-6.06383479221E+001
-6.06473458264E+001
-6.06891813228E+001
-6.06725365741E+001
-6.06579032187E+001
-6.06264176816E+001
-6.06114335233E+001
-6.05932353963E+001
-6.05772320461E+001
-6.05798683094E+001
-6.06035425855E+001
-6.05787426724E+001
-6.05457113511E+001
-6.05502612198E+001
-6.05706448098E+001
-6.05419116883E+001
-6.05599678769E+001
-6.05750598102E+001
-6.05787079993E+001
-6.05703710679E+001
-6.05698638750E+001
-6.05794278606E+001
-6.05791586261E+001
-6.05623398470E+001
-6.05977440592E+001
-6.05855445369E+001
-6.05992234798E+001
-6.05683838035E+001
-6.06101364890E+001
-6.05958514039E+001
-6.05999338531E+001
-6.06266436139E+001
-6.06334724259E+001
-6.06356297881E+001
-6.05997256696E+001
-6.05862984224E+001
-6.05656210426E+001
-6.05639090577E+001
-6.05578143409E+001
-6.05891533571E+001
-6.05543540194E+001
-6.05679423933E+001
-6.05426246244E+001
-6.05342566383E+001
-6.05369601010E+001
-6.05448129758E+001
-6.05552490537E+001
-6.05912356347E+001
-6.05886631250E+001
-6.05707990793E+001
-6.05697165961E+001
-6.06083007310E+001
-6.06281604257E+001
-6.06351128021E+001
-6.06276892929E+001
-6.05417937823E+001
-6.04826924663E+001
-6.04671083629E+001
-6.04341452785E+001
-6.04391135398E+001
-6.04404249265E+001
-6.04292211364E+001
-6.04286385866E+001
-6.04119029115E+001
-6.04172055001E+001
-6.04192837255E+001
-6.04250433366E+001
-6.03827898946E+001
-6.04025116839E+001
-6.03906965977E+001
-6.03794269865E+001
-6.03804552793E+001
-6.03848522657E+001
-6.03550082203E+001
-6.03248555465E+001
-6.03293585724E+001
-6.03107594520E+001
-6.02936297996E+001
-6.03035948314E+001
-6.02977394873E+001
-6.02825086040E+001
-6.02516593444E+001
-6.02154182242E+001
-6.01892119655E+001
-6.01616170896E+001
-6.01703185959E+001
-6.01736822658E+001
-6.01814692908E+001
-6.02297035278E+001
-6.02494401894E+001
-6.02768565986E+001
-6.02675640615E+001
-6.02500295609E+001
-6.02470469837E+001
-6.02684567075E+001
-6.02611953641E+001
-6.02576296180E+001
-6.02163685013E+001
-6.01807530021E+001
-6.01589832563E+001
-6.01780911553E+001
-6.01955092282E+001
-6.02035432786E+001
-6.02178361952E+001
-6.02005743295E+001
-6.02146090828E+001
-6.02410366430E+001
-6.02551807415E+001
-6.02192851757E+001
-6.02533770281E+001
-6.02849628983E+001
-6.02600742627E+001
-6.02852947412E+001
-6.03250039149E+001
-6.03299632625E+001
-6.02859215267E+001
-6.03334105458E+001
-6.03089015684E+001
-6.03129867678E+001
-6.03293747359E+001
-6.03299978094E+001
-6.03332297900E+001
-6.03466518243E+001
-6.03434978495E+001
-6.03435277821E+001
-6.03430021789E+001
-6.03638374939E+001
-6.03769377916E+001
-6.04078820785E+001
-6.03984552883E+001
-6.03809565356E+001
-6.03839076879E+001
-6.04012749853E+001
-6.03908615010E+001
-6.04243481132E+001
-6.04243308626E+001
-6.04204867325E+001
-6.03973431608E+001
-6.03742050883E+001
-6.03046758296E+001
-6.03074971735E+001
-6.03066958281E+001
-6.03170887096E+001
-6.03090492452E+001
-6.03092387138E+001
-6.03024106591E+001
-6.02871806039E+001
-6.02668640976E+001
-6.02730172538E+001
-6.02779431848E+001
-6.02761171481E+001
-6.02838738718E+001
-6.02841249098E+001
-6.02050313553E+001
-6.02100175449E+001
-6.02162185093E+001
-6.02529979720E+001
-6.02404103254E+001
-6.02534951881E+001
-6.02994646896E+001
-6.02747484037E+001
-6.02565157550E+001
-6.02742444176E+001
-6.02734489195E+001
-6.02881228607E+001
-6.02639065448E+001
-6.02801771329E+001
-6.02495725010E+001
-6.02421291406E+001
-6.02482724260E+001
-6.02352851455E+001
-6.02220900879E+001
-6.02326339162E+001
-6.02646511932E+001
-6.02492947777E+001
-6.02108216038E+001
-6.02519975424E+001
-6.02489729471E+001
-6.02733778403E+001
-6.02300765721E+001
-6.02504887123E+001
-6.02540522130E+001
-6.02290879197E+001
-6.02964728890E+001
-6.02689736196E+001
-6.02809004788E+001
-6.02393742649E+001
-6.02737576679E+001
-6.02860851633E+001
-6.02892813025E+001
-6.02841110367E+001
-6.02879438024E+001
-6.02658538479E+001
-6.02862649052E+001
-6.03186647256E+001
-6.03110366712E+001
-6.03614300926E+001
-6.03544938780E+001
-6.03807805138E+001
-6.03542310553E+001
-6.03327985089E+001
-6.03111678423E+001
-6.03174661836E+001
-6.03529064620E+001
-6.03370099886E+001
-6.03271927519E+001
-6.03440459442E+001
-6.04077506641E+001
-6.04187160664E+001
-6.04232965462E+001
-6.04101108219E+001
-6.03843594563E+001
-6.04079606268E+001
-6.04277868625E+001
-6.04433809411E+001
-6.04300680931E+001
-6.04563034698E+001
-6.04641125782E+001
-6.04879816721E+001
-6.04665542185E+001
-6.04692009751E+001
-6.04918595284E+001
-6.04738252200E+001
-6.04531393006E+001
-6.04342305411E+001
-6.04423312868E+001
-6.04520038143E+001
-6.04693339761E+001
-6.04709543007E+001
-6.04528374030E+001
-6.04692270347E+001
-6.04674519763E+001
-6.04469000205E+001
-6.04549915563E+001
-6.04448902252E+001
-6.04439852742E+001
-6.04414079641E+001
-6.04329910883E+001
-6.04177903107E+001
-6.04021892689E+001
-6.03720470377E+001
-6.03774583777E+001
-6.03474149078E+001
-6.03750694272E+001
-6.03599166794E+001
-6.03363680395E+001
-6.03367230272E+001
-6.03789056937E+001
-6.03794403313E+001
-6.04110325647E+001
-6.04216187417E+001
-6.04668246646E+001
-6.04568625658E+001
-6.04697507278E+001
-6.05166757881E+001
-6.05217443496E+001
-6.05229424249E+001
-6.05097555701E+001
-6.04835618410E+001
-6.04846585538E+001
-6.04520965175E+001
-6.04197525841E+001
-6.04406119844E+001
-6.03709384559E+001
-6.03842996388E+001
-6.03950122932E+001
-6.04549846540E+001
-6.04116037583E+001
-6.04001612484E+001
-6.03962452091E+001
-6.03749548047E+001
-6.03896749579E+001
-6.03910978893E+001
-6.03837064486E+001
-6.04047528789E+001
-6.03980089805E+001
-6.03927450968E+001
-6.03892618877E+001
-6.04110348749E+001
-6.04003020867E+001
-6.04004094656E+001
-6.04290562122E+001
-6.04358469520E+001
-6.04160977170E+001
-6.04107292155E+001
-6.03933109987E+001
-6.03840738707E+001
-6.03847849880E+001
-6.03663405968E+001
-6.03684186094E+001
-6.04028319030E+001
-6.04047846776E+001
-6.03989587279E+001
-6.04279639924E+001
-6.04326515806E+001
-6.04288768476E+001
-6.04254160936E+001
-6.04287278624E+001
-6.04656767568E+001
-6.04695731930E+001
-6.04558556958E+001
-6.05155329498E+001
-6.05758081736E+001
-6.05959563885E+001
-6.06286210751E+001
-6.06445736543E+001
-6.06490315881E+001
-6.06450517720E+001
-6.06782395559E+001
-6.06999841225E+001
-6.06578102470E+001
-6.07281236323E+001
-6.07536312160E+001
-6.07750341275E+001
-6.07654472090E+001
-6.07541280846E+001
-6.07693165585E+001
-6.07686509877E+001
-6.07696894390E+001
-6.07758474007E+001
-6.07456900672E+001
-6.07593725409E+001
-6.07619325105E+001
-6.07695719356E+001
-6.07235153766E+001
-6.07398861566E+001
-6.07497932110E+001
-6.07326061848E+001
-6.07312001579E+001
-6.07350812019E+001
-6.07573568960E+001
-6.07674434682E+001
-6.07575975773E+001
-6.07798615296E+001
-6.07055064643E+001
-6.07386349016E+001
-6.07456447387E+001
-6.07802011117E+001
-6.07644759063E+001
-6.07673661072E+001
-6.07423093357E+001
-6.07434162712E+001
-6.07441269830E+001
-6.07768236911E+001
-6.07529280806E+001
-6.07140383325E+001
-6.07098499360E+001
-6.06723200470E+001
-6.06852246820E+001
-6.06250463191E+001
-6.06238863785E+001
-6.06748809845E+001
-6.06777719255E+001
-6.06481323199E+001
-6.06141580949E+001
-6.06502252138E+001
-6.06638605424E+001
-6.06945910494E+001
-6.06638594473E+001
-6.06597429009E+001
-6.06465855569E+001
-6.06397570219E+001
-6.06707614766E+001
-6.06477051279E+001
-6.06245641765E+001
-6.06344518701E+001
-6.06503881307E+001
-6.06161273214E+001
-6.06431989982E+001
-6.06679851367E+001
-6.06583635111E+001
-6.06589773624E+001
-6.06450194780E+001
-6.06631079283E+001
-6.06825011327E+001
-6.07013299048E+001
-6.07061526805E+001
-6.07245559113E+001
-6.07262003605E+001
-6.07115786220E+001
-6.07384122712E+001
-6.07335654058E+001
-6.07433770188E+001
-6.08061299332E+001
-6.08274586623E+001
-6.08500571651E+001
-6.08754748775E+001
-6.09176758394E+001
-6.09494548442E+001
-6.09543672643E+001
-6.09317395877E+001
-6.09803924116E+001
-6.09607430090E+001
-6.09600152671E+001
-6.09392952664E+001
-6.09475574834E+001
-6.09817778902E+001
-6.09797492092E+001
-6.09313918020E+001
-6.09600024676E+001
-6.09561764599E+001
-6.09634269954E+001
-6.09094191779E+001
-6.09032912503E+001
-6.09437430736E+001
-6.08975221581E+001
-6.08906607152E+001
-6.08535482390E+001
-6.08283857870E+001
-6.08335348238E+001
-6.08443008492E+001
-6.08561994180E+001
-6.08519432035E+001
-6.08426812910E+001
-6.08450427669E+001
-6.08356302782E+001
-6.08222876964E+001
-6.07783631224E+001
-6.08660732319E+001
-6.09022889986E+001
-6.09093567164E+001
-6.08897364627E+001
-6.08853358572E+001
-6.08829768581E+001
-6.08836693964E+001
-6.08887014349E+001
-6.08863842524E+001
-6.08666234704E+001
-6.08610752393E+001
-6.08317936007E+001
-6.08242395767E+001
-6.08123602153E+001
-6.07928140047E+001
-6.07862531577E+001
-6.07805891330E+001
-6.08089840533E+001
-6.08122188086E+001
-6.08095328682E+001
-6.08248552149E+001
-6.08489432016E+001
-6.08474602938E+001
-6.08290011495E+001
-6.08411960366E+001
-6.08612432174E+001
-6.08326053885E+001
-6.07833427180E+001
-6.08008305087E+001
-6.08215734057E+001
-6.08464381546E+001
-6.08299335492E+001
-6.08175169331E+001
-6.08119751006E+001
-6.07597095860E+001
-6.06787320755E+001
-6.06623714179E+001
-6.06659783094E+001
-6.06618399967E+001
-6.06617428478E+001
-6.06677300710E+001
-6.06554873690E+001
-6.06196145762E+001
-6.06404996459E+001
-6.05954838130E+001
-6.05980565818E+001
-6.05735804035E+001
-6.05883720997E+001
-6.05875004286E+001
-6.05729001341E+001
-6.05758566988E+001
-6.05982536233E+001
-6.06237679944E+001
-6.06538476898E+001
-6.06732987037E+001
-6.06778225413E+001
-6.06705854253E+001
-6.06922282365E+001
-6.06989693493E+001
-6.07264471436E+001
-6.07337466405E+001
-6.07448570575E+001
-6.07378406097E+001
-6.07486367962E+001
-6.07423233654E+001
-6.07193250310E+001
-6.06761120264E+001
-6.06825234516E+001
-6.06624677171E+001
-6.06790628233E+001
-6.06641985268E+001
-6.06469022373E+001
-6.06213823415E+001
-6.06594428725E+001
-6.06735167972E+001
-6.06809391737E+001
-6.06570220250E+001
-6.06841515845E+001
-6.07076747761E+001
-6.07152745710E+001
-6.06607512941E+001
-6.06509855274E+001
-6.06495611970E+001
-6.06952309235E+001
-6.06732965296E+001
-6.07019402623E+001
-6.06832089990E+001
-6.06833042706E+001
-6.06896359432E+001
-6.07465872418E+001
-6.07260363647E+001
-6.07193255506E+001
-6.07011294842E+001
-6.07191087287E+001
-6.07228026459E+001
-6.07285170268E+001
-6.07349831629E+001
-6.07380773921E+001
-6.07694876208E+001
-6.07869529943E+001
-6.07991415437E+001
-6.07768623370E+001
-6.07452149300E+001
-6.07363507939E+001
-6.07615053812E+001
-6.07710208316E+001
-6.07754756253E+001
-6.07595056609E+001
-6.07297910322E+001
-6.07286199094E+001
-6.07199848222E+001
-6.07168253851E+001
-6.07276411657E+001
-6.07111434825E+001
-6.06915394942E+001
-6.07406566975E+001
-6.06892757996E+001
-6.06815766381E+001
-6.06790219618E+001
-6.06700753216E+001
-6.06179268462E+001
-6.05904916584E+001
-6.05724291042E+001
-6.05826245445E+001
-6.05556870734E+001
-6.06016304626E+001
-6.06008021341E+001
-6.06151701724E+001
-6.05985990331E+001
-6.05779126019E+001
-6.06240488812E+001
-6.06141798705E+001
-6.06726961260E+001
-6.06827320229E+001
-6.06807707583E+001
-6.06746041261E+001
-6.06789408582E+001
-6.06236283451E+001
-6.06773981698E+001
-6.06842971614E+001
-6.06932268298E+001
-6.07356066677E+001
-6.07392889867E+001
-6.07307790634E+001
-6.07418775175E+001
-6.07477698058E+001
-6.07533786439E+001
-6.07707569377E+001
-6.07702252633E+001
-6.07730591006E+001
-6.07481172587E+001
-6.06503540433E+001
-6.06223465603E+001
-6.06115007361E+001
-6.06437807639E+001
-6.06276900523E+001
-6.06215780248E+001
-6.06306943028E+001
-6.06179598895E+001
-6.06222419807E+001
-6.06503251588E+001
-6.07162266561E+001
-6.07205160623E+001
-6.07537796381E+001
-6.07462148737E+001
-6.07428952700E+001
-6.07494466188E+001
-6.07732754125E+001
-6.07454923079E+001
-6.07601337339E+001
-6.07725945769E+001
-6.07357886636E+001
-6.07420996016E+001
-6.07414390892E+001
-6.07274468317E+001
-6.06905680775E+001
-6.06697449213E+001
-6.07235703791E+001
-6.07291734435E+001
-6.06878166671E+001
-6.06739472042E+001
-6.06586160144E+001
-6.06430979249E+001
-6.06693289281E+001
-6.06430903193E+001
-6.06410226087E+001
-6.06512396541E+001
-6.06341629958E+001
-6.05981446608E+001
-6.05831975147E+001
-6.05978215733E+001
-6.05727269462E+001
-6.05493449345E+001
-6.05501254413E+001
-6.05360709593E+001
-6.05712890385E+001
-6.05655990451E+001
-6.05761708688E+001
-6.05632110725E+001
-6.05751700760E+001
-6.05808859413E+001
-6.05830681403E+001
-6.05633396566E+001
-6.05242731709E+001
-6.05201769667E+001
-6.05123361060E+001
-6.05015371015E+001
-6.05034204407E+001
-6.04734071368E+001
-6.04630057670E+001
-6.04420675464E+001
-6.04360844244E+001
-6.04294411923E+001
-6.04105536115E+001
-6.03951372424E+001
-6.03908069923E+001
-6.04272429419E+001
-6.04568723406E+001
-6.04993945013E+001
-6.04797212925E+001
-6.04323277720E+001
-6.04879336900E+001
-6.05066868298E+001
-6.05289629382E+001
-6.05362195599E+001
-6.05106441264E+001
-6.04857029428E+001
-6.04970522303E+001
-6.04600173988E+001
-6.04444083057E+001
-6.04201766866E+001
-6.04569075983E+001
-6.04819195189E+001
-6.04982453940E+001
-6.04521347997E+001
-6.04512334656E+001
-6.04742006764E+001
-6.04649422131E+001
-6.04410838967E+001
-6.04132028560E+001
-6.03459268202E+001
-6.03260846188E+001
-6.03101534229E+001
-6.03283177064E+001
-6.03258157530E+001
-6.03596974572E+001
-6.03294844883E+001
-6.02952930000E+001
-6.02939473737E+001
-6.02536240958E+001
-6.02602386626E+001
-6.02612019686E+001
-6.02707212034E+001
-6.02614200241E+001
-6.02618539196E+001
-6.02622984613E+001
-6.02772287972E+001
-6.02625081300E+001
-6.02649681933E+001
-6.03047201000E+001
-6.02869683796E+001
-6.02731723829E+001
-6.02560252361E+001
-6.02373737475E+001
-6.02326088586E+001
-6.02358531971E+001
-6.01707601034E+001
-6.02007757039E+001
-6.02171481419E+001
-6.02008769727E+001
-6.01532594730E+001
-6.01566051905E+001
-6.01330674359E+001
-6.01532312957E+001
-6.01721913391E+001
-6.01553347183E+001
-6.00999936189E+001
-6.00993181198E+001
-6.00883398991E+001
-6.01360143052E+001
-6.01288906211E+001
-6.00776717498E+001
-6.01035570944E+001
-6.00322455703E+001
-6.00147068945E+001
-6.00414199000E+001
-6.00345367196E+001
-6.00318640978E+001
-6.00664552289E+001
-6.00022593387E+001
-5.99974251377E+001
-6.00113575029E+001
-5.99780184488E+001
-5.99628843279E+001
-5.99528419395E+001
-5.99363210547E+001
-5.99321826242E+001
-5.99412714190E+001
-5.99327939574E+001
-5.99074510273E+001
-5.99176400194E+001
-5.99268190610E+001
-5.99348518612E+001
-5.99525013219E+001
-5.99551143159E+001
-5.99158090392E+001
-5.99449188050E+001
-5.99461653855E+001
-5.99403492461E+001
-5.99371768415E+001
-5.99296998416E+001
-5.99101724782E+001
-5.98228580870E+001
-5.98512560839E+001
-5.98149279356E+001
-5.98086694088E+001
-5.97758161528E+001
-5.97552474957E+001
-5.97387162900E+001
-5.97406726260E+001
-5.97134103569E+001
-5.96845168526E+001
-5.96889590358E+001
-5.96525660444E+001
-5.96648689514E+001
-5.96832889849E+001
-5.97317883219E+001
-5.97226045275E+001
-5.96494306262E+001
-5.96566505711E+001
-5.96917733610E+001
-5.97094170542E+001
-5.97100520821E+001
-5.96923819683E+001
-5.96691164304E+001
-5.96771649583E+001
-5.96795152355E+001
-5.96672680833E+001
-5.96966223177E+001
-5.97128477839E+001
-5.97238661431E+001
-5.97149395476E+001
-5.97312189236E+001
-5.97439192494E+001
-5.97106119415E+001
-5.97266656454E+001
-5.96978680694E+001
-5.96899708766E+001
-5.96771846083E+001
-5.96950568317E+001
-5.96634195994E+001
-5.96528871682E+001
-5.96479096910E+001
-5.96170961018E+001
-5.96272005649E+001
-5.96423910083E+001
-5.96861452382E+001
-5.96896366773E+001
-5.97156341115E+001
-5.97197737448E+001
-5.97518201269E+001
-5.97462410783E+001
-5.97306479590E+001
-5.97519021430E+001
-5.97535565450E+001
-5.97499278517E+001
-5.97401865049E+001
-5.97259417544E+001
-5.97373542958E+001
-5.96886613061E+001
-5.97245458611E+001
-5.97259701999E+001
-5.96706387498E+001
-5.96445850589E+001
-5.96511270990E+001
-5.96158321808E+001
-5.96234824785E+001
-5.96386810579E+001
-5.96274502153E+001
-5.96489110676E+001
-5.96475259637E+001
-5.96718160557E+001
-5.96422346433E+001
-5.96014427038E+001
-5.96077814663E+001
-5.96300986457E+001
-5.95947947092E+001
-5.95535174170E+001
-5.95531536436E+001
-5.95832495273E+001
-5.95805175208E+001
-5.95676601622E+001
-5.96080450302E+001
-5.96251117115E+001
-5.96307822809E+001
-5.96064440751E+001
-5.95690146828E+001
-5.95761145979E+001
-5.95750657272E+001
-5.95650668083E+001
-5.95358783614E+001
-5.95287867391E+001
-5.95169451637E+001
-5.94936110703E+001
-5.95017451066E+001
-5.95014774211E+001
-5.94824320064E+001
-5.94528673794E+001
-5.94677057866E+001
-5.94419264728E+001
-5.94433718547E+001
-5.94257557374E+001
-5.94320951214E+001
-5.94260317216E+001
-5.94507708936E+001
-5.94560790442E+001
-5.94646592421E+001
-5.95058851301E+001
-5.94869456059E+001
-5.94622388908E+001
-5.94722956636E+001
-5.94974927465E+001
-5.95139169589E+001
-5.95332941228E+001
-5.94958047475E+001
-5.94819539396E+001
-5.95128853676E+001
-5.95064232089E+001
-5.95376495853E+001
-5.95177233625E+001
-5.95037428309E+001
-5.94903401481E+001
-5.95025300523E+001
-5.95111742006E+001
-5.94910524584E+001
-5.94675855353E+001
-5.94423880813E+001
-5.94422325164E+001
-5.94694125413E+001
-5.94158490870E+001
-5.94190818108E+001
-5.94378061424E+001
-5.94489396119E+001
-5.94428890989E+001
-5.94682139572E+001
-5.94586755983E+001
-5.94598444107E+001
-5.94674795908E+001
-5.94548637308E+001
-5.94479569792E+001
-5.94625544018E+001
-5.94505465725E+001
-5.94487680921E+001
-5.94603683421E+001
-5.94306836273E+001
-5.94219266642E+001
-5.94749488872E+001
-5.94426204800E+001
-5.94417918350E+001
-5.94341895478E+001
-5.94368886316E+001
-5.94280798262E+001
-5.94342546995E+001
-5.94578540400E+001
-5.94281680019E+001
-5.94038125132E+001
-5.93953531638E+001
-5.94474736790E+001
-5.94457268325E+001
-5.94209466693E+001
-5.94139058190E+001
-5.94449596757E+001
-5.95263780996E+001
-5.95311099890E+001
-5.95687110424E+001
-5.95439053791E+001
-5.95204814845E+001
-5.94642031890E+001
-5.94807230935E+001
-5.94827661627E+001
-5.95055983955E+001
-5.94912243973E+001
-5.94601599833E+001
-5.94788106047E+001
-5.94904930862E+001
-5.94751047820E+001
-5.94908267062E+001
-5.94742855911E+001
-5.94892670876E+001
-5.94776855114E+001
-5.95135744451E+001
-5.94854842850E+001
-5.94773463156E+001
-5.94488722077E+001
-5.94340574114E+001
-5.94809843858E+001
-5.94651382594E+001
-5.94671679163E+001
-5.94764581449E+001
-5.94872713252E+001
-5.94920334114E+001
-5.94854406384E+001
-5.94944058651E+001
-5.95076612043E+001
-5.95530500010E+001
-5.95595284764E+001
-5.95368180798E+001
-5.94975948580E+001
-5.94899428335E+001
-5.94716391135E+001
-5.94831402202E+001
-5.94399385008E+001
-5.94473356950E+001
-5.94289414390E+001
-5.94017427382E+001
-5.93993594967E+001
-5.93966348200E+001
-5.93914505384E+001
-5.93938772352E+001
-5.93858384851E+001
-5.93716405745E+001
-5.93555271388E+001
-5.93813744389E+001
-5.93752918410E+001
-5.94030904287E+001
-5.93911575890E+001
-5.93866689906E+001
-5.93714161435E+001
-5.93444132553E+001
-5.93231081091E+001
-5.93289954580E+001
-5.93415993276E+001
-5.93104459054E+001
-5.93035862273E+001
-5.93394995348E+001
-5.93236048198E+001
-5.93083430206E+001
-5.93270858395E+001
-5.93355044302E+001
-5.93759096417E+001
-5.93568539739E+001
-5.93501281390E+001
-5.93561278023E+001
-5.93336415530E+001
-5.93157809597E+001
-5.92887366078E+001
-5.93017612775E+001
-5.93140799097E+001
-5.93156972609E+001
-5.93114880896E+001
-5.93202742504E+001
-5.93506111649E+001
-5.93479706769E+001
-5.93854007158E+001
-5.94433633985E+001
-5.94227217741E+001
-5.94321279251E+001
-5.94214825057E+001
-5.94228323803E+001
-5.93973702937E+001
-5.94181066325E+001
-5.93867759705E+001
-5.93845795673E+001
-5.93813300920E+001
-5.93934320692E+001
-5.94243180079E+001
-5.94200874665E+001
-5.94296465602E+001
-5.94124869525E+001
-5.93967488199E+001
-5.94069747413E+001
-5.94050121747E+001
-5.93884987295E+001
-5.93593081015E+001
-5.93474865391E+001
-5.93791324773E+001
-5.93512688179E+001
-5.93051937944E+001
-5.93056172957E+001
-5.92910476913E+001
-5.93122859223E+001
-5.93037073030E+001
-5.93095664276E+001
-5.93060662831E+001
-5.92961113390E+001
-5.93108509079E+001
-5.93386540273E+001
-5.93203140443E+001
-5.93365621075E+001
-5.93152649364E+001
-5.93145837401E+001
-5.93330896620E+001
-5.93462433620E+001
-5.93600290246E+001
-5.93609877263E+001
-5.93215168468E+001
-5.93501235340E+001
-5.93561681256E+001
-5.93800735053E+001
-5.93927734359E+001
-5.93963529140E+001
-5.93691930593E+001
-5.93586935589E+001
-5.93759439028E+001
-5.93889451083E+001
-5.94054511141E+001
-5.93995774371E+001
-5.93793469370E+001
-5.93813107437E+001
-5.93881096082E+001
-5.93753543379E+001
-5.94213222923E+001
-5.94618356503E+001
-5.94671760784E+001
-5.95046694327E+001
-5.95144740870E+001
-5.95422200217E+001
-5.95692273658E+001
-5.95392110459E+001
-5.95599969432E+001
-5.95590397259E+001
-5.95729581240E+001
-5.95354499500E+001
-5.94701728525E+001
-5.94778731200E+001
-5.94864459866E+001
-5.95073785102E+001
-5.95533704267E+001
-5.95669293787E+001
-5.95726514190E+001
-5.95685852626E+001
-5.95499193158E+001
-5.95768007211E+001
-5.95958500285E+001
-5.95602223335E+001
-5.96192800961E+001
-5.96327030027E+001
-5.96506546789E+001
-5.96794976197E+001
-5.96876031573E+001
-5.96562732759E+001
-5.96427068406E+001
-5.96456786379E+001
-5.96327418684E+001
-5.96599262954E+001
-5.96702697289E+001
-5.96677802313E+001
-5.96537967251E+001
-5.96169932377E+001
-5.96317462183E+001
-5.96068890199E+001
-5.95847452965E+001
-5.95944534276E+001
-5.96052771702E+001
-5.96052198195E+001
-5.95677844285E+001
-5.95620344383E+001
-5.95568430966E+001
-5.95461313701E+001
-5.95492251157E+001
-5.95197025625E+001
-5.95420147571E+001
-5.95564970043E+001
-5.95502476124E+001
-5.95717183086E+001
-5.95999400895E+001
-5.96068689013E+001
-5.95859404341E+001
-5.96032232828E+001
-5.96103564169E+001
-5.96195843803E+001
-5.96516519143E+001
-5.96514925573E+001
-5.96839360535E+001
-5.97149675598E+001
-5.96972023792E+001
-5.96798697502E+001
-5.97328571840E+001
-5.97230159520E+001
-5.97516057844E+001
-5.97718238394E+001
-5.97534393695E+001
-5.97111425935E+001
-5.97254093737E+001
-5.97314148267E+001
-5.97136740149E+001
-5.97195875925E+001
-5.97345845308E+001
-5.97095266335E+001
-5.97194979346E+001
-5.96963640582E+001
-5.97004027217E+001
-5.97176115457E+001
-5.97218915559E+001
-5.97385337219E+001
-5.97404755804E+001
-5.97828855604E+001
-5.97671468863E+001
-5.97525100697E+001
-5.97380401662E+001
-5.97684143095E+001
-5.98042732409E+001
-5.97991898004E+001
-5.97610758806E+001
-5.97452135197E+001
-5.96791899666E+001
-5.97047925276E+001
-5.97213223503E+001
-5.97652810907E+001
-5.97983771744E+001
-5.98375814036E+001
-5.98593545666E+001
-5.99015356210E+001
-5.99267289320E+001
-5.99247765654E+001
-5.99324073564E+001
-5.99112771429E+001
-5.99436504667E+001
-5.99388815348E+001
-5.99517887458E+001
-5.99741033760E+001
-5.99776650011E+001
-6.00172639092E+001
-6.00530125681E+001
-6.00647749235E+001
-6.00685389609E+001
-6.00664372403E+001
-6.00899874801E+001
-6.01142611510E+001
-6.01148986475E+001
-6.01047383004E+001
-6.01023038216E+001
-6.01192341447E+001
-6.01658713370E+001
-6.01691178372E+001
-6.01655539837E+001
-6.01730729630E+001
-6.01799223433E+001
-6.02040656697E+001
-6.01874969199E+001
-6.02194014744E+001
-6.02288272751E+001
-6.02061840369E+001
-6.01916867602E+001
-6.01623863129E+001
-6.01508607735E+001
-6.02082957606E+001
-6.01922023469E+001
-6.01961929266E+001
-6.02078862804E+001
-6.02004684215E+001
-6.02328593689E+001
-6.02526656858E+001
-6.02568861259E+001
-6.02548863264E+001
-6.02271767319E+001
-6.02301543375E+001
-6.02565089666E+001
-6.02304364105E+001
-6.02438915965E+001
-6.02484420802E+001
-6.02805992872E+001
-6.02338074049E+001
-6.01959061100E+001
-6.02003392463E+001
-6.01553348572E+001
-6.01682691737E+001
-6.01563930549E+001
-6.01719676354E+001
-6.01617021184E+001
-6.01490023999E+001
-6.01755668147E+001
-6.01831963822E+001
-6.02236419010E+001
-6.02149718939E+001
-6.02133146739E+001
-6.02462261185E+001
-6.02680300044E+001
-6.02538547170E+001
-6.02863780485E+001
-6.03194434138E+001
-6.03603870642E+001
-6.03876679543E+001
-6.03547185868E+001
-6.03355923566E+001
-6.03722764227E+001
-6.03203309506E+001
-6.03133576448E+001
-6.02831859241E+001
-6.03149862303E+001
-6.03258757786E+001
-6.03564532283E+001
-6.03289642416E+001
-6.03575897401E+001
-6.03895630424E+001
-6.03772153108E+001
-6.03528116998E+001
-6.03427489142E+001
-6.03615654825E+001
-6.03786360987E+001
-6.03602769946E+001
-6.03647803235E+001
-6.03711388549E+001
-6.03762793265E+001
-6.03774344269E+001
-6.03597802953E+001
-6.03879576789E+001
-6.04037533212E+001
-6.04416397984E+001
-6.04487616872E+001
-6.04871522732E+001
-6.05257308005E+001
-6.05519881421E+001
-6.05289865566E+001
-6.05370276721E+001
-6.05532396826E+001
-6.05425338514E+001
-6.05716130336E+001
-6.05866201937E+001
-6.05831120274E+001
-6.05895422157E+001
-6.05643875281E+001
-6.05703476320E+001
-6.05880117677E+001
-6.05666966319E+001
-6.05653258585E+001
-6.05980736898E+001
-6.06046685829E+001
-6.05711065073E+001
-6.05870291910E+001
-6.06173568928E+001
-6.06061472352E+001
-6.06634257050E+001
-6.06945848058E+001
-6.07134600052E+001
-6.07526141246E+001
-6.07612829084E+001
-6.07528754931E+001
-6.07271877120E+001
-6.07472157332E+001
-6.07332809048E+001
-6.07458497847E+001
-6.07364150971E+001
-6.07193578811E+001
-6.07099928398E+001
-6.06945929234E+001
-6.06887076800E+001
-6.06725470016E+001
-6.07194132760E+001
-6.07265546073E+001
-6.07402244832E+001
-6.07691743612E+001
-6.07292128646E+001
-6.07511706571E+001
-6.07828745797E+001
-6.07734651224E+001
-6.08086093670E+001
-6.08040609384E+001
-6.08039847176E+001
-6.07606558210E+001
-6.07140139209E+001
-6.06736254937E+001
-6.06741934039E+001
-6.06546148977E+001
-6.06895135665E+001
-6.07421892807E+001
-6.07309557193E+001
-6.07145978540E+001
-6.06902464737E+001
-6.06902804068E+001
-6.06466863958E+001
-6.06473152302E+001
-6.06415583363E+001
-6.06270944779E+001
-6.06476134972E+001
-6.06919451981E+001
-6.07112886755E+001
-6.06806866339E+001
-6.06712892578E+001
-6.06828036478E+001
-6.07089281459E+001
-6.07058076303E+001
-6.06955988065E+001
-6.06499591097E+001
-6.06109118629E+001
-6.06282136461E+001
-6.06151921450E+001
-6.06112052737E+001
-6.06158780487E+001
-6.06035867913E+001
-6.05932197273E+001
-6.05723518818E+001
-6.05814362390E+001
-6.05970845721E+001
-6.05879980544E+001
-6.05709293396E+001
-6.06007760233E+001
-6.05875167592E+001
-6.06024832230E+001
-6.05891524532E+001
-6.05420453119E+001
-6.05318261557E+001
-6.04811500428E+001
-6.05034023347E+001
-6.05103336193E+001
-6.05415265009E+001
-6.05594093904E+001
-6.05451378386E+001
-6.05244044135E+001
-6.05232109711E+001
-6.05200232413E+001
-6.05469473424E+001
-6.05808659761E+001
-6.05931212376E+001
-6.06266620964E+001
-6.06165333417E+001
-6.06159609969E+001
-6.06104175382E+001
-6.06564381216E+001
-6.06569225295E+001
-6.06758498653E+001
-6.06746575712E+001
-6.06392783051E+001
-6.07226945369E+001
-6.06894820922E+001
-6.07055079979E+001
-6.06823921950E+001
-6.06705930025E+001
-6.06364382315E+001
-6.06103624150E+001
-6.06064961950E+001
-6.06011135025E+001
-6.05919461505E+001
-6.05794899011E+001
-6.07007434378E+001
-6.07531319539E+001
-6.07466553365E+001
-6.07483992973E+001
-6.08039165602E+001
-6.08416212507E+001
-6.08077389652E+001
-6.08629031527E+001
-6.08442886466E+001
-6.08847031959E+001
-6.09295710769E+001
-6.09357029128E+001
-6.09348303595E+001
-6.09949391746E+001
-6.10232257868E+001
-6.10457664926E+001
-6.10514647279E+001
-6.10715726627E+001
-6.10893518355E+001
-6.11856526137E+001
-6.11917580782E+001
-6.11943852763E+001
-6.11830727897E+001
-6.11889468867E+001
-6.11850318936E+001
-6.11736495707E+001
-6.11839375382E+001
-6.11594345539E+001
-6.11754253404E+001
-6.11353130591E+001
-6.11876152592E+001
-6.11898765124E+001
-6.11806459435E+001
-6.11609442626E+001
-6.11643173593E+001
-6.11963207205E+001
-6.12143930258E+001
-6.12160137502E+001
-6.12453235495E+001
-6.12401729040E+001
-6.12253608523E+001
-6.12131264687E+001
-6.12029263711E+001
-6.11762120745E+001
-6.12425852104E+001
-6.12717410355E+001
-6.12831733177E+001
-6.12643956475E+001
-6.13001423864E+001
-6.12735658883E+001
-6.12859064701E+001
-6.12978707541E+001
-6.12830503665E+001
-6.12823422390E+001
-6.14143932494E+001
-6.15132769236E+001
-6.15622640139E+001
-6.15806368785E+001
-6.16099348969E+001
-6.16283716066E+001
-6.16479711077E+001
-6.16512997265E+001
-6.16853939021E+001
-6.17560500821E+001
-6.17648869236E+001
-6.17625104737E+001
-6.17512104434E+001
-6.17509445161E+001
-6.17462513953E+001
-6.17596770756E+001
-6.17391862471E+001
-6.17506771748E+001
-6.17610300030E+001
-6.17763573424E+001
-6.17848836910E+001
-6.17766439293E+001
-6.18476247346E+001
-6.19147530399E+001
-6.19730746587E+001
-6.19855512426E+001
-6.20279719914E+001
-6.20205356865E+001
-6.19658352949E+001
-6.20094106888E+001
-6.20390588555E+001
-6.20470912615E+001
-6.20659615370E+001
-6.20812975143E+001
-6.20831928219E+001
-6.21060147809E+001
-6.21123375530E+001
-6.20870832755E+001
-6.20705748570E+001
-6.20659994688E+001
-6.21095912392E+001
-6.21049740195E+001
-6.21615672877E+001
-6.21833364030E+001
-6.21607901949E+001
-6.22516453234E+001
-6.22719484154E+001
-6.23214968696E+001
-6.23017264529E+001
-6.23228722909E+001
-6.23325528432E+001
-6.23319501641E+001
-6.23488056094E+001
-6.23469700102E+001
-6.23254025584E+001
-6.23377367223E+001
-6.23686509051E+001
-6.23581750856E+001
-6.23772211774E+001
-6.23766673202E+001
-6.24013899814E+001
-6.23938702635E+001
-6.24104857341E+001
-6.24382780595E+001
-6.24787123652E+001
-6.25357950515E+001
-6.25321438335E+001
-6.25660108744E+001
-6.25241685866E+001
-6.25162257370E+001
-6.25287084104E+001
-6.25404703394E+001
-6.25725478538E+001
-6.25774624211E+001
-6.25617166816E+001
-6.25319219579E+001
-6.25057851130E+001
-6.24651470358E+001
-6.24696489936E+001
-6.24749368149E+001
-6.24571720631E+001
-6.24127682745E+001
-6.23954260062E+001
-6.23979170341E+001
-6.24168374657E+001
-6.24374165541E+001
-6.23455511471E+001
-6.23601924260E+001
-6.23401228947E+001
-6.23782851237E+001
-6.23425742153E+001
-6.23432606321E+001
-6.23508569036E+001
-6.23239191579E+001
-6.23254815282E+001
-6.23436570123E+001
-6.23366056716E+001
-6.22295403808E+001
-6.21849595855E+001
-6.21629681425E+001
-6.21846993811E+001
-6.21552303610E+001
-6.21582315040E+001
-6.21603151625E+001
-6.20728765733E+001
-6.20778554724E+001
-6.20507608060E+001
-6.19959741646E+001
-6.19730199871E+001
-6.20021358676E+001
-6.19745547697E+001
-6.19585514040E+001
-6.20004394841E+001
-6.20150312024E+001
-6.19949287122E+001
-6.20037689069E+001
-6.19457794410E+001
-6.19373052161E+001
-6.19140533717E+001
-6.19127058122E+001
-6.19232052819E+001
-6.19165144187E+001
-6.19122209187E+001
-6.19562022573E+001
-6.19366756343E+001
-6.19017698176E+001
-6.19120801723E+001
-6.18795472227E+001
-6.18666250729E+001
-6.18898452519E+001
-6.18802293964E+001
-6.18532594090E+001
-6.18742983778E+001
-6.18893297730E+001
-6.18760272794E+001
-6.18569836002E+001
-6.18336911103E+001
-6.18609925370E+001
-6.18450254553E+001
-6.18859878830E+001
-6.18955503608E+001
-6.18436231556E+001
-6.18243650825E+001
-6.18159379883E+001
-6.18498400332E+001
-6.18162361233E+001
-6.18313733565E+001
-6.18478880352E+001
-6.18530123601E+001
-6.18401128041E+001
-6.18297052686E+001
-6.16939886942E+001
-6.16259359115E+001
-6.16217615009E+001
-6.16166703831E+001
-6.15823077547E+001
-6.16339267401E+001
-6.16313664803E+001
-6.16356333003E+001
-6.15939446417E+001
-6.15419181332E+001
-6.15673292646E+001
-6.15457232966E+001
-6.16216668863E+001
-6.17063384708E+001
-6.16744814594E+001
-6.16629388152E+001
-6.16663144431E+001
-6.16569426273E+001
-6.16570380244E+001
-6.16128049219E+001
-6.16080347229E+001
-6.16169989890E+001
-6.15642241504E+001
-6.15402466224E+001
-6.14815880780E+001
-6.14596651222E+001
-6.14269551654E+001
-6.14029803375E+001
-6.14016553903E+001
-6.13942078782E+001
-6.13769034605E+001
-6.13757659363E+001
-6.14178079892E+001
-6.14346611044E+001
-6.14247622914E+001
-6.14160266633E+001
-6.14404543154E+001
-6.14246279168E+001
-6.13791019807E+001
-6.13831163275E+001
-6.13762774114E+001
-6.14459898106E+001
-6.13816107727E+001
-6.13283837383E+001
-6.13650358256E+001
-6.12908437767E+001
-6.12631651348E+001
-6.12497234424E+001
-6.12458906067E+001
-6.12721735706E+001
-6.12974022162E+001
-6.13001333919E+001
-6.13186781339E+001
-6.13481170283E+001
-6.13940206129E+001
-6.14119868630E+001
-6.13959349566E+001
-6.13940918758E+001
-6.14082395104E+001
-6.14102577509E+001
-6.14076391696E+001
-6.14224898906E+001
-6.14354826860E+001
-6.14307250085E+001
-6.14000762381E+001
-6.13850665223E+001
-6.13921899015E+001
-6.14014421931E+001
-6.14241803112E+001
-6.15058331175E+001
-6.15274302942E+001
-6.15647837016E+001
-6.15205121806E+001
-6.15173577347E+001
-6.15093943101E+001
-6.15160328263E+001
-6.15271884741E+001
-6.16079996771E+001
-6.15873815714E+001
-6.16112587906E+001
-6.16235742289E+001
-6.16209568968E+001
-6.16190960860E+001
-6.15918607944E+001
-6.15720562290E+001
-6.15918040646E+001
-6.15851097785E+001
-6.15816362097E+001
-6.16335415279E+001
-6.16353335081E+001
-6.16556045306E+001
-6.16718655254E+001
-6.17007612042E+001
-6.17448143546E+001
-6.17046879967E+001
-6.16799294226E+001
-6.17030343369E+001
-6.16835819115E+001
-6.17203370006E+001
-6.17177930718E+001
-6.16781958990E+001
-6.16468253269E+001
-6.16075609099E+001
-6.15955227642E+001
-6.16303073472E+001
-6.16067156889E+001
-6.15942119791E+001
-6.16107624362E+001
-6.16113532741E+001
-6.15909006706E+001
-6.15823037951E+001
-6.15504196338E+001
-6.15165355194E+001
-6.15035119209E+001
-6.15015117651E+001
-6.15066163784E+001
-6.14634102856E+001
-6.14746161224E+001
-6.14836805091E+001
-6.15212177688E+001
-6.15107266940E+001
-6.15248623630E+001
-6.15482503407E+001
-6.15059385557E+001
-6.15170970039E+001
-6.15110955093E+001
-6.14637487966E+001
-6.14388464471E+001
-6.14138036372E+001
-6.13522981040E+001
-6.13374289965E+001
-6.13019761867E+001
-6.12330052631E+001
-6.11667432774E+001
-6.11549262606E+001
-6.11249705266E+001
-6.11095291509E+001
-6.10610210709E+001
-6.10353770438E+001
-6.09390581101E+001
-6.09033814216E+001
-6.08801985062E+001
-6.08266288533E+001
-6.07878663531E+001
-6.07067383553E+001
-6.06630110018E+001
-6.06016723986E+001
-6.05474232575E+001
-6.04800575849E+001
-6.04451605954E+001
-6.04053323059E+001
-6.03841266484E+001
-6.03464582892E+001
-6.02735529485E+001
-6.02447165621E+001
-6.02364180950E+001
-6.01629026987E+001
-6.01086487760E+001
-6.00733535411E+001
-6.00452697522E+001
-6.00255780682E+001
-5.99538328182E+001
-5.99205368228E+001
-5.98231625251E+001
-5.97084039216E+001
-5.96848064564E+001
-5.96568468239E+001
-5.96125667677E+001
-5.95727692838E+001
-5.95205533304E+001
-5.94863034482E+001
-5.94482751749E+001
-5.94123636345E+001
-5.93753489655E+001
-5.93149549136E+001
-5.93154469175E+001
-5.92900797977E+001
-5.92473493621E+001
-5.92159703995E+001
-5.91883921967E+001
-5.91238120126E+001
-5.90696900092E+001
-5.90303305554E+001
-5.89507655410E+001
-5.89052607794E+001
-5.88713680284E+001
-5.88194680228E+001
-5.87357557690E+001
-5.87230456408E+001
-5.87214706609E+001
-5.86769038311E+001
-5.86285163537E+001
-5.85372212473E+001
-5.84932057137E+001
-5.84745069528E+001
-5.84272231889E+001
-5.83930966974E+001
-5.83784917584E+001
-5.83184064310E+001
-5.83194250071E+001
-5.82549869609E+001
-5.81909356070E+001
-5.81493872765E+001
-5.80915684982E+001
-5.80558704012E+001
-5.79916288877E+001
-5.79355774515E+001
-5.78934830763E+001
-5.78596825979E+001
-5.78128814331E+001
-5.77631186757E+001
-5.76793882254E+001
-5.76188472789E+001
-5.75539679505E+001
-5.74965115800E+001
-5.74738551116E+001
-5.74229319442E+001
-5.73752053500E+001
-5.72938519897E+001
-5.72596267793E+001
-5.71425887765E+001
-5.70885480980E+001
-5.70175292880E+001
-5.70010329356E+001
-5.69676851998E+001
-5.69319036116E+001
-5.68970743017E+001
-5.68638161559E+001
-5.67647037701E+001
-5.67462917585E+001
-5.66960423571E+001
-5.66532386754E+001
-5.66253789214E+001
-5.66043681360E+001
-5.65885110657E+001
-5.65961984954E+001
-5.65448373322E+001
-5.65280961236E+001
-5.65042650590E+001
-5.64322275550E+001
-5.63826815802E+001
-5.63069305282E+001
-5.62564752737E+001
-5.61866393766E+001
-5.61000809580E+001
-5.60801060362E+001
-5.60430103787E+001
-5.59919012247E+001
-5.59793095237E+001
-5.59189859350E+001
-5.58894483845E+001
-5.58675679110E+001
-5.58422775467E+001
-5.58111660768E+001
-5.57778175835E+001
-5.57369316071E+001
-5.57257355154E+001
-5.57132457299E+001
-5.56513808742E+001
-5.56367304906E+001
-5.56055575236E+001
-5.55861896069E+001
-5.55683282893E+001
-5.55202054970E+001
-5.54804150670E+001
-5.54353308122E+001
-5.53972301241E+001
-5.53830754110E+001
-5.53458571661E+001
-5.52983215269E+001
-5.52388549401E+001
-5.51813962283E+001
-5.51481084505E+001
-5.50616302810E+001
-5.50118763566E+001
-5.49839429310E+001
-5.49445024261E+001
-5.49323294918E+001
-5.49335297101E+001
-5.49513621694E+001
-5.49435886060E+001
-5.49397394816E+001
-5.49330136373E+001
-5.49274659106E+001
-5.49301533725E+001
-5.49085091170E+001
-5.49116592920E+001
-5.49084914412E+001
-5.49085413738E+001
-5.49091089717E+001
-5.49267053289E+001
-5.49163780785E+001
-5.49091403653E+001
-5.49249928757E+001
-5.49423708275E+001
-5.49425306097E+001
-5.49774146999E+001
-5.49672307188E+001
-5.49621364300E+001
-5.49713465855E+001
-5.49688078254E+001
-5.49813841036E+001
-5.49843026570E+001
-5.49797148794E+001
-5.49824882854E+001
-5.49583711487E+001
-5.49387450248E+001
-5.49187416915E+001
-5.49238118422E+001
-5.49201086166E+001
-5.49166917322E+001
-5.48993362142E+001
-5.49004810611E+001
-5.49119619595E+001
-5.49101361387E+001
-5.48959373106E+001
-5.48847624992E+001
-5.48806837046E+001
-5.49069201348E+001
-5.49087605856E+001
-5.49101603968E+001
-5.48958472754E+001
-5.48919247600E+001
-5.49020139459E+001
-5.49293590598E+001
-5.49301049339E+001
-5.49041427536E+001
-5.48805740382E+001
-5.48752847190E+001
-5.48738834879E+001
-5.48716312566E+001
-5.48769583316E+001
-5.48777020414E+001
-5.48575663667E+001
-5.48403960612E+001
-5.48397093131E+001
-5.48299341537E+001
-5.48320682954E+001
-5.48487795604E+001
-5.48533286805E+001
-5.48297097049E+001
-5.48287020139E+001
-5.48297375491E+001
-5.48405463245E+001
-5.48400099001E+001
-5.48447546363E+001
-5.48563436527E+001
-5.48532259591E+001
-5.48504070012E+001
-5.48417181683E+001
-5.48201319999E+001
-5.48327706358E+001
-5.48117564932E+001
-5.48066059410E+001
-5.48105885033E+001
-5.48090913045E+001
-5.48113080704E+001
-5.48003858458E+001
-5.47964350207E+001
-5.48118844059E+001
-5.48091696473E+001
-5.48252995772E+001
-5.48224644824E+001
-5.48249975228E+001
-5.48480603519E+001
-5.48499351610E+001
-5.48388881862E+001
-5.48340394526E+001
-5.48282872203E+001
-5.48302199201E+001
-5.48189695501E+001
-5.48348366507E+001
-5.48522169739E+001
-5.48410705289E+001
-5.48601627967E+001
-5.48747102382E+001
-5.48690145813E+001
-5.48452795347E+001
-5.48388857529E+001
-5.48443851189E+001
-5.48542315132E+001
-5.48390080792E+001
-5.48374113133E+001
-5.48412653851E+001
-5.48455422393E+001
-5.48360371631E+001
-5.47966174606E+001
-5.48014590094E+001
-5.47946316465E+001
-5.47756288346E+001
-5.47759309430E+001
-5.47872119775E+001
-5.47950519616E+001
-5.48040339505E+001
-5.48044362606E+001
-5.48145726467E+001
-5.48039594787E+001
-5.48021610360E+001
-5.47915645894E+001
-5.47996689990E+001
-5.47832301610E+001
-5.47804569716E+001
-5.47954440993E+001
-5.47863357167E+001
-5.48002302131E+001
-5.48019939676E+001
-5.47821521989E+001
-5.47964780022E+001
-5.47901465747E+001
-5.47950780123E+001
-5.47803434271E+001
-5.47642669078E+001
-5.47585584138E+001
-5.47585863743E+001
-5.47554109191E+001
-5.47648792961E+001
-5.47669409753E+001
-5.47432240197E+001
-5.47384793319E+001
-5.47474214159E+001
-5.47552974270E+001
-5.47531618458E+001
-5.47613582202E+001
-5.47556952366E+001
-5.47527382929E+001
-5.47587424399E+001
-5.47690877280E+001
-5.47905657179E+001
-5.47932830562E+001
-5.47948692528E+001
-5.47843778863E+001
-5.47992754119E+001
-5.47920328711E+001
-5.47947027384E+001
-5.47993052035E+001
-5.47833894228E+001
-5.47899452266E+001
-5.47811470820E+001
-5.47750862110E+001
-5.47658431262E+001
-5.47735916767E+001
-5.47910915949E+001
-5.48026004303E+001
-5.47921478624E+001
-5.47870896334E+001
-5.47704225224E+001
-5.47628822029E+001
-5.47378018764E+001
-5.47476393090E+001
-5.47483646039E+001
-5.47331770363E+001
-5.47290442198E+001
-5.47216664138E+001
-5.47228017297E+001
-5.47282440456E+001
-5.46954623436E+001
-5.47005802377E+001
-5.47299209672E+001
-5.47430575558E+001
-5.47402099336E+001
-5.47355963739E+001
-5.47381144924E+001
-5.47308294667E+001
-5.47321013365E+001
-5.47036483135E+001
-5.47054384670E+001
-5.47056789511E+001
-5.46979259405E+001
-5.47006064589E+001
-5.46751540128E+001
-5.46720520805E+001
-5.46646599681E+001
-5.46739016149E+001
-5.46576071357E+001
-5.46323172258E+001
-5.46050251169E+001
-5.45945031014E+001
-5.45923813094E+001
-5.45994160148E+001
-5.45990231961E+001
-5.45943475561E+001
-5.45855287143E+001
-5.45705039465E+001
-5.45699277772E+001
-5.45758135519E+001
-5.45681524532E+001
-5.45535827839E+001
-5.45591778200E+001
-5.45495789134E+001
-5.45344917326E+001
-5.45022223723E+001
-5.45034032471E+001
-5.45136739163E+001
-5.45252229418E+001
-5.44957480637E+001
-5.44887113170E+001
-5.44903774072E+001
-5.44855663615E+001
-5.44774078858E+001
-5.44727638827E+001
-5.44635717470E+001
-5.44498158698E+001
-5.44314516660E+001
-5.44286400570E+001
-5.44126591988E+001
-5.44086410303E+001
-5.43830456209E+001
-5.43623541957E+001
-5.43547653093E+001
-5.43454322788E+001
-5.43319967608E+001
-5.43327935074E+001
-5.43234248175E+001
-5.43347065286E+001
-5.43169683855E+001
-5.43040812754E+001
-5.43035509301E+001
-5.42916084827E+001
-5.42907382793E+001
-5.42787797382E+001
-5.42591671218E+001
-5.42388132013E+001
-5.42107523603E+001
-5.41889766877E+001
-5.41906006931E+001
-5.41928711213E+001
-5.41757086587E+001
-5.41751732885E+001
-5.41796858964E+001
-5.41689247364E+001
-5.41584310081E+001
-5.41496943823E+001
-5.41493053079E+001
-5.41460323900E+001
-5.41348532998E+001
-5.41213195387E+001
-5.41248755441E+001
-5.41241972073E+001
-5.41119027974E+001
-5.40876546953E+001
-5.40915526176E+001
-5.40854447206E+001
-5.40641801122E+001
-5.40499696736E+001
-5.40443827544E+001
-5.40491343973E+001
-5.40290514607E+001
-5.40347899962E+001
-5.40202631270E+001
-5.40230910418E+001
-5.39984846222E+001
-5.39866082937E+001
-5.39854568875E+001
-5.39765771280E+001
-5.39778952981E+001
-5.39714609839E+001
-5.39661785577E+001
-5.39403193358E+001
-5.39262633839E+001
-5.39313703521E+001
-5.39395652279E+001
-5.39388063793E+001
-5.39444897873E+001
-5.39389997754E+001
-5.39495490076E+001
-5.39365985275E+001
-5.39298929130E+001
-5.39155327079E+001
-5.39208019092E+001
-5.38998434342E+001
-5.38818588335E+001
-5.38809030003E+001
-5.38738011386E+001
-5.38648774093E+001
-5.38548001097E+001
-5.38524135327E+001
-5.38362872524E+001
-5.38191614872E+001
-5.37904734657E+001
-5.37874327944E+001
-5.37722082302E+001
-5.37616807472E+001
-5.37404015383E+001
-5.37501941274E+001
-5.37504093523E+001
-5.37362743298E+001
-5.37427256660E+001
-5.37255886837E+001
-5.37162688300E+001
-5.37204104302E+001
-5.37132242969E+001
-5.36876615289E+001
-5.36640051480E+001
-5.36611476635E+001
-5.36471421415E+001
-5.36356619805E+001
-5.36321191212E+001
-5.36351337439E+001
-5.36276294925E+001
-5.36243318625E+001
-5.36354348806E+001
-5.36319179054E+001
-5.36244182715E+001
-5.36284427503E+001
-5.36269424912E+001
-5.36114031689E+001
-5.36303975120E+001
-5.36223716495E+001
-5.35831697059E+001
-5.35679284523E+001
-5.35731337634E+001
-5.35768621714E+001
-5.35797744347E+001
-5.35785563734E+001
-5.35809951114E+001
-5.35834620566E+001
-5.35742022199E+001
-5.35752957368E+001
-5.35644243987E+001
-5.35519597794E+001
-5.35533684924E+001
-5.35486035184E+001
-5.35557892524E+001
-5.35452646111E+001
-5.35623687598E+001
-5.35629013021E+001
-5.35629609671E+001
-5.35740768081E+001
-5.35726325034E+001
-5.35765677546E+001
-5.35705551835E+001
-5.35684204518E+001
-5.35600578002E+001
-5.35611585746E+001
-5.35704445270E+001
-5.35648284591E+001
-5.35602396804E+001
-5.35765262696E+001
-5.35786990419E+001
-5.35734884985E+001
-5.35592744040E+001
-5.35716986821E+001
-5.35680455247E+001
-5.35581029369E+001
-5.35435218794E+001
-5.35520954788E+001
-5.35468163730E+001
-5.35337971955E+001
-5.35232441704E+001
-5.35406668065E+001
-5.35541664714E+001
-5.35555873288E+001
-5.35605833488E+001
-5.35471259456E+001
-5.35535222552E+001
-5.35527624266E+001
-5.35354504387E+001
-5.35339025934E+001
-5.35279466523E+001
-5.35277514011E+001
-5.35145686830E+001
-5.35102618110E+001
-5.35050679167E+001
-5.34933330505E+001
-5.35052736317E+001
-5.35185827079E+001
-5.35058061697E+001
-5.35226122851E+001
-5.35191407167E+001
-5.35201193962E+001
-5.35252378630E+001
-5.35254959596E+001
-5.35218574397E+001
-5.35131719806E+001
-5.35033836642E+001
-5.34911888192E+001
-5.34717045486E+001
-5.34680369680E+001
-5.34571800068E+001
-5.34587032453E+001
-5.34558751226E+001
-5.34484398683E+001
-5.34382715418E+001
-5.34276477188E+001
-5.34224940549E+001
-5.34327015469E+001
-5.34103978635E+001
-5.34028778205E+001
-5.33893590695E+001
-5.33871267194E+001
-5.33937225240E+001
-5.33720973440E+001
-5.33702260561E+001
-5.33936754475E+001
-5.34059673504E+001
-5.34124540736E+001
-5.34115582110E+001
-5.34319277190E+001
-5.34236061554E+001
-5.34369152132E+001
-5.34435810472E+001
-5.34458079152E+001
-5.34572898894E+001
-5.34511257542E+001
-5.34382282572E+001
-5.34369841318E+001
-5.34117780857E+001
-5.34137010063E+001
-5.34243715402E+001
-5.34069677772E+001
-5.33898226436E+001
-5.33723582616E+001
-5.33651314988E+001
-5.33748113376E+001
-5.33676571570E+001
-5.33628135750E+001
-5.33564364492E+001
-5.33533681500E+001
-5.33679852253E+001
-5.33536158726E+001
-5.33670490771E+001
-5.33755136776E+001
-5.33777255177E+001
-5.33799086192E+001
-5.33960948671E+001
-5.33959224547E+001
-5.34028374403E+001
-5.33969301124E+001
-5.33997684394E+001
-5.34116315602E+001
-5.34103446422E+001
-5.34083882066E+001
-5.34207285620E+001
-5.34217199058E+001
-5.34068863717E+001
-5.33986668380E+001
-5.33999387804E+001
-5.33935737795E+001
-5.33964436578E+001
-5.34079912559E+001
-5.33978310125E+001
-5.33810615567E+001
-5.33849207384E+001
-5.33703506833E+001
-5.33556922363E+001
-5.33618285893E+001
-5.33561108705E+001
-5.33430908344E+001
-5.33382297433E+001
-5.33472744529E+001
-5.33530935541E+001
-5.33298366429E+001
-5.33377344869E+001
-5.33435076127E+001
-5.33316427179E+001
-5.33297807866E+001
-5.33260345452E+001
-5.33256256451E+001
-5.33188010119E+001
-5.33279914773E+001
-5.33216052462E+001
-5.33081796115E+001
-5.33113335145E+001
-5.33137159885E+001
-5.33111121804E+001
-5.33071289989E+001
-5.33271039151E+001
-5.33202558636E+001
-5.33155553974E+001
-5.33358330116E+001
-5.33510567653E+001
-5.33485134500E+001
-5.33389561709E+001
-5.33458765804E+001
-5.33476471014E+001
-5.33471666763E+001
-5.33468477198E+001
-5.33437998323E+001
-5.33330433758E+001
-5.33343399171E+001
-5.33205849385E+001
-5.33053366663E+001
-5.33058678828E+001
-5.33021685091E+001
-5.32976777035E+001
-5.32786548201E+001
-5.32807465974E+001
-5.32877058923E+001
-5.32774362729E+001
-5.32548810747E+001
-5.32686554209E+001
-5.32657912946E+001
-5.32871927761E+001
-5.33296715432E+001
-5.33757272905E+001
-5.33874990135E+001
-5.34075107164E+001
-5.34534808566E+001
-5.34878005832E+001
-5.35119446609E+001
-5.35203176076E+001
-5.35336575998E+001
-5.35713236267E+001
-5.35998415296E+001
-5.36458467232E+001
-5.36998428319E+001
-5.37334668805E+001
-5.37571641063E+001
-5.37864543315E+001
-5.38168179874E+001
-5.38429414113E+001
-5.39014794346E+001
-5.39264412246E+001
-5.39545574402E+001
-5.39803780119E+001
-5.40039159200E+001
-5.40165981370E+001
-5.40878303039E+001
-5.40902223867E+001
-5.41279823111E+001
-5.41537858498E+001
-5.41825736856E+001
-5.42157023059E+001
-5.42411005740E+001
-5.42948743170E+001
-5.43256508053E+001
-5.43895781137E+001
-5.44349018283E+001
-5.44638859954E+001
-5.45168626224E+001
-5.45367775627E+001
-5.45776943256E+001
-5.46172666547E+001
-5.46499394799E+001
-5.46739695955E+001
-5.46953009537E+001
-5.47125137908E+001
-5.47653563601E+001
-5.47829560630E+001
-5.48255315803E+001
-5.48696871563E+001
-5.48996197753E+001
-5.49581736493E+001
-5.50003260039E+001
-5.50070841955E+001
-5.50220747580E+001
-5.50501355527E+001
-5.50965669565E+001
-5.51428507383E+001
-5.51939211895E+001
-5.52311872568E+001
-5.52738573289E+001
-5.53025516118E+001
-5.53507163509E+001
-5.53920797527E+001
-5.54252684741E+001
-5.54899529823E+001
-5.55714415812E+001
-5.55933743525E+001
-5.56209230458E+001
-5.56812860193E+001
-5.57115146774E+001
-5.57693479570E+001
-5.58449602914E+001
-5.58517160019E+001
-5.58956595759E+001
-5.59645379956E+001
-5.59915476305E+001
-5.60038297750E+001
-5.60170100508E+001
-5.60536447716E+001
-5.60671314952E+001
-5.60758896597E+001
-5.61015388939E+001
-5.61179523923E+001
-5.61268902682E+001
-5.61698868593E+001
-5.61995756218E+001
-5.62575625188E+001
-5.62693486876E+001
-5.63026859115E+001
-5.63232302689E+001
-5.63708725113E+001
-5.64329588309E+001
-5.64793533770E+001
-5.65175533516E+001
-5.65581943081E+001
-5.65774333091E+001
-5.66226685007E+001
-5.66556634790E+001
-5.66699921420E+001
-5.67169298510E+001
-5.67731857783E+001
-5.67915718069E+001
-5.68185170271E+001
-5.68473886833E+001
-5.68696816699E+001
-5.68965034566E+001
-5.69322796485E+001
-5.69565608825E+001
-5.69788443332E+001
-5.69902723430E+001
-5.70195280982E+001
-5.70293279742E+001
-5.70638467548E+001
-5.71038826654E+001
-5.71374899583E+001
-5.71743216181E+001
-5.71792703478E+001
-5.72194119475E+001
-5.72598576665E+001
-5.73123675052E+001
-5.73830917962E+001
-5.74244433543E+001
-5.74301528010E+001
-5.74911411383E+001
-5.75060733655E+001
-5.75290165088E+001
-5.75543668277E+001
-5.75915773384E+001
-5.75901787723E+001
-5.75968535607E+001
-5.76211674114E+001
-5.76554292767E+001
-5.76574568189E+001
-5.76681312752E+001
-5.77144162543E+001
-5.77409610067E+001
-5.77754558676E+001
-5.78125207390E+001
-5.78390954259E+001
-5.78703775989E+001
-5.79409440794E+001
-5.79545477021E+001
-5.79787795276E+001
-5.80242806121E+001
-5.80632801023E+001
-5.80708964807E+001
-5.81046050739E+001
-5.81643803050E+001
-5.82081103681E+001
-5.82150844979E+001
-5.82498861372E+001
-5.82684651883E+001
-5.82660908324E+001
-5.82440800698E+001
-5.82474802869E+001
-5.82747180026E+001
-5.82674576878E+001
-5.82761908771E+001
-5.82876718710E+001
-5.83055040012E+001
-5.82953227948E+001
-5.83105891567E+001
-5.83036904771E+001
-5.82923141297E+001
-5.82876769936E+001
-5.82827488776E+001
-5.82871758188E+001
-5.82844719129E+001
-5.82966694904E+001
-5.83019984646E+001
-5.82920511337E+001
-5.83075205768E+001
-5.83155137101E+001
-5.83289610358E+001
-5.83254317061E+001
-5.83337838735E+001
-5.82897922843E+001
-5.83019429053E+001
-5.83121134789E+001
-5.83408286208E+001
-5.83550018172E+001
-5.83708618078E+001
-5.83948515762E+001
-5.83715514684E+001
-5.83545018584E+001
-5.83314923711E+001
-5.83520431449E+001
-5.83522097307E+001
-5.83300132180E+001
-5.83120180127E+001
-5.82965533027E+001
-5.82955615397E+001
-5.83074480334E+001
-5.83273385876E+001
-5.83521220111E+001
-5.83525407119E+001
-5.83254415716E+001
-5.83432486781E+001
-5.83359626898E+001
-5.83387442282E+001
-5.83343690487E+001
-5.83128691622E+001
-5.83442946700E+001
-5.83582548280E+001
-5.83699996729E+001
-5.83661600904E+001
-5.83298818244E+001
-5.83016468083E+001
-5.82914573527E+001
-5.83089561397E+001
-5.82858155820E+001
-5.83036710476E+001
-5.82801542056E+001
-5.82706658305E+001
-5.82737135040E+001
-5.82523152611E+001
-5.82161356748E+001
-5.81986390770E+001
-5.81892532611E+001
-5.81911399831E+001
-5.82140816967E+001
-5.81779659224E+001
-5.81257098355E+001
-5.81682928380E+001
-5.81709086524E+001
-5.81173778798E+001
-5.81063970070E+001
-5.81198916902E+001
-5.81306504560E+001
-5.81329565128E+001
-5.81400550679E+001
-5.81418166843E+001
-5.81379895638E+001
-5.81426338901E+001
-5.81440770984E+001
-5.81105870389E+001
-5.81008559615E+001
-5.80625182794E+001
-5.80824729013E+001
-5.80595269467E+001
-5.80541250796E+001
-5.80524670784E+001
-5.80043523622E+001
-5.79972461041E+001
-5.79914358574E+001
-5.79775038081E+001
-5.79824314737E+001
-5.79555615631E+001
-5.79625773895E+001
-5.79569448416E+001
-5.79361517931E+001
-5.79187520183E+001
-5.79355074054E+001
-5.79439275543E+001
-5.79642830591E+001
-5.79835283435E+001
-5.79998639821E+001
-5.79824579139E+001
-5.79800614268E+001
-5.79995474272E+001
-5.80146707243E+001
-5.80055135375E+001
-5.80193925947E+001
-5.80015773218E+001
-5.80022702144E+001
-5.79729293859E+001
-5.79614414087E+001
-5.79944666024E+001
-5.79702975598E+001
-5.79431218764E+001
-5.79374103540E+001
-5.78883764883E+001
-5.78805590054E+001
-5.79115073683E+001
-5.78847219371E+001
-5.78955327780E+001
-5.79108885584E+001
-5.79314711044E+001
-5.79436315599E+001
-5.79592556013E+001
-5.79740706514E+001
-5.80010202235E+001
-5.80044716368E+001
-5.80191373101E+001
-5.80334929220E+001
-5.80201863879E+001
-5.80170181640E+001
-5.80146452200E+001
-5.80263708604E+001
-5.80175948512E+001
-5.80142294066E+001
-5.79943206505E+001
-5.80000213755E+001
-5.80417795203E+001
-5.80264389267E+001
-5.80280850980E+001
-5.80497323824E+001
-5.80426687184E+001
-5.80218844871E+001
-5.80351760756E+001
-5.80612602182E+001
-5.80649844232E+001
-5.80386597745E+001
-5.80576996511E+001
-5.80698970516E+001
-5.80872675016E+001
-5.80566212039E+001
-5.80804451900E+001
-5.80524519937E+001
-5.80534071756E+001
-5.80392216212E+001
-5.80421419187E+001
-5.80149709367E+001
-5.80436469417E+001
-5.80282809087E+001
-5.80202242622E+001
-5.80053220504E+001
-5.80123818255E+001
-5.80326868846E+001
-5.80344803546E+001
-5.80441850643E+001
-5.80487026923E+001
-5.80391293149E+001
-5.80207236119E+001
-5.79983616498E+001
-5.80036461738E+001
-5.79937934998E+001
-5.80358804441E+001
-5.80703597533E+001
-5.80587280834E+001
-5.80186800942E+001
-5.79955146498E+001
-5.79833632606E+001
-5.79813396648E+001
-5.80347159475E+001
-5.81334891221E+001
-5.81825535048E+001
-5.82372840129E+001
-5.82572892100E+001
-5.83185170615E+001
-5.84364100557E+001
-5.85108181476E+001
-5.85862760326E+001
-5.86075782091E+001
-5.86140225134E+001
-5.86240417403E+001
-5.86786745816E+001
-5.87730646963E+001
-5.88178289029E+001
-5.88707363856E+001
-5.89256305780E+001
-5.90364903042E+001
-5.91948503849E+001
-5.91820826533E+001
-5.91925239548E+001
-5.92280071662E+001
-5.92764971666E+001
-5.93673705701E+001
-5.94256123980E+001
-5.94482612036E+001
-5.94840186513E+001
-5.97472457368E+001
-5.98183977731E+001
-5.99595169658E+001
-6.00699510175E+001
-6.01156287475E+001
-6.01492447616E+001
-6.01770571717E+001
-6.03059715335E+001
-6.04417460819E+001
-6.04750797713E+001
-6.05040634991E+001
-6.05436220725E+001
-6.05890596176E+001
-6.05816561574E+001
-6.06538143717E+001
-6.07091952398E+001
-6.07882615553E+001
-6.08447790792E+001
-6.10415143055E+001
-6.10678908141E+001
-6.10842419891E+001
-6.11114129577E+001
-6.12548651142E+001
-6.13085854611E+001
-6.13305429931E+001
-6.13889995389E+001
-6.14693545298E+001
-6.15576802905E+001
-6.15778269885E+001
-6.16321173569E+001
-6.17000721583E+001
-6.17681750940E+001
-6.17986008287E+001
-6.18509302876E+001
-6.19644997229E+001
-6.20187499882E+001
-6.20925835406E+001
-6.21340724434E+001
-6.22031109162E+001
-6.23434086779E+001
-6.24268714689E+001
-6.25167554473E+001
-6.25761244175E+001
-6.26727927054E+001
-6.26932227981E+001
-6.27495924130E+001
-6.27808347697E+001
-6.29149810939E+001
-6.29511853427E+001
-6.29448233833E+001
-6.29767636560E+001
-6.30205953767E+001
-6.30733490204E+001
-6.31453752860E+001
-6.31871629164E+001
-6.32321719640E+001
-6.33366538808E+001
-6.34129690260E+001
-6.34901121161E+001
-6.36019323942E+001
-6.36506316190E+001
-6.37205663641E+001
-6.37952397107E+001
-6.37957031521E+001
-6.38486657260E+001
-6.39635472354E+001
-6.39818746885E+001
-6.40926078763E+001
-6.41364822858E+001
-6.41987706772E+001
-6.42711983923E+001
-6.42921606540E+001
-6.44366898524E+001
-6.45222137001E+001
-6.46452975937E+001
-6.47336945508E+001
-6.48018607123E+001
-6.48515146920E+001
-6.48610987473E+001
-6.49291502290E+001
-6.50206492852E+001
-6.51028558694E+001
-6.51784211868E+001
-6.52298976929E+001
-6.52863663877E+001
-6.53388308849E+001
-6.54000388120E+001
-6.54426692594E+001
-6.55781241023E+001
-6.56032742634E+001
-6.56241882098E+001
-6.57088049747E+001
-6.57993491474E+001
-6.58547577307E+001
-6.59025180841E+001
-6.59271999535E+001
-6.60108856464E+001
-6.60223378473E+001
-6.60702924600E+001
-6.61067138937E+001
-6.61266967305E+001
-6.61652455888E+001
-6.63076771245E+001
-6.63949186482E+001
-6.64979650846E+001
-6.65138848803E+001
-6.65646599106E+001
-6.67083324269E+001
-6.67380344027E+001
-6.67564592858E+001
-6.67958805373E+001
-6.68303233779E+001
-6.68610009638E+001
-6.69102983836E+001
-6.69905972602E+001
-6.70254925010E+001
-6.71177854897E+001
-6.71492351615E+001
-6.71813693114E+001
-6.72820556141E+001
-6.73122212311E+001
-6.73411398669E+001
-6.73975604767E+001
-6.74604203180E+001
-6.75024150382E+001
-6.74694968927E+001
-6.74699135832E+001
-6.74759359876E+001
-6.74816429153E+001
-6.74870218077E+001
-6.74521154337E+001
-6.74911612584E+001
-6.74807806739E+001
-6.75031925501E+001
-6.75288532985E+001
-6.75679775781E+001
-6.75786346497E+001
-6.75404737863E+001
-6.75474513298E+001
-6.75621796905E+001
-6.75346887724E+001
-6.74824413827E+001
-6.74484848027E+001
-6.74855094965E+001
-6.75343829084E+001
-6.75658752808E+001
-6.75336642985E+001
-6.74693646744E+001
-6.74896229354E+001
-6.75661217421E+001
-6.75601614508E+001
-6.73361120160E+001
-6.72689281600E+001
-6.71850311149E+001
-6.71883993246E+001
-6.71650785513E+001
-6.72138358297E+001
-6.72955562940E+001
-6.72819398567E+001
-6.71955490907E+001
-6.72215527307E+001
-6.72174384659E+001
-6.72769040211E+001
-6.72691105279E+001
-6.73276863887E+001
-6.73539709299E+001
-6.73860352759E+001
-6.74260797893E+001
-6.74464838728E+001
-6.72780652331E+001
-6.73195554940E+001
-6.73115297882E+001
-6.74033221407E+001
-6.73752269584E+001
-6.74044082601E+001
-6.74042151500E+001
-6.74112042404E+001
-6.74087265016E+001
-6.73779542164E+001
-6.73996540328E+001
-6.74040665150E+001
-6.74090486872E+001
-6.73710037512E+001
-6.73699075735E+001
-6.73362246298E+001
-6.72518965844E+001
-6.72546278240E+001
-6.72474245074E+001
-6.73506612040E+001
-6.73364203566E+001
-6.72707430036E+001
-6.72465422598E+001
-6.72238300292E+001
-6.72371500824E+001
-6.71986532766E+001
-6.72106663753E+001
-6.72581290243E+001
-6.72577096603E+001
-6.71971614990E+001
-6.73447966186E+001
-6.74789855471E+001
-6.74586369362E+001
-6.74446745274E+001
-6.74495169208E+001
-6.74220934807E+001
-6.74729331668E+001
-6.74839743147E+001
-6.74374766214E+001
-6.73648835828E+001
-6.73363718929E+001
-6.73176200432E+001
-6.72858849485E+001
-6.73528901198E+001
-6.73219359909E+001
-6.73824578072E+001
-6.73375511756E+001
-6.72592526598E+001
-6.72767049401E+001
-6.72257456720E+001
-6.72268050272E+001
-6.71958886565E+001
-6.71352514466E+001
-6.71824545380E+001
-6.70881717147E+001
-6.70577653811E+001
-6.69809215084E+001
-6.69394328470E+001
-6.69340436575E+001
-6.69054505026E+001
-6.70151063151E+001
-6.70135003153E+001
-6.69589953506E+001
-6.69199405541E+001
-6.68969171803E+001
-6.68855863628E+001
-6.68699310221E+001
-6.68770288643E+001
-6.69071342119E+001
-6.69746292308E+001
-6.69158579631E+001
-6.69391449128E+001
-6.69675564926E+001
-6.70115711021E+001
-6.70119138688E+001
-6.70338571595E+001
-6.70256906903E+001
-6.70822517723E+001
-6.70430986803E+001
-6.70500823400E+001
-6.70714501696E+001
-6.70688387545E+001
-6.71115413942E+001
-6.71642314213E+001
-6.71311140954E+001
-6.71057032285E+001
-6.70574783477E+001
-6.70692331650E+001
-6.70862882386E+001
-6.69910928118E+001
-6.70011080485E+001
-6.70528326109E+001
-6.70554357381E+001
-6.70650227444E+001
-6.70520661502E+001
-6.70443571460E+001
-6.70346604282E+001
-6.70511778075E+001
-6.70514420481E+001
-6.70371295382E+001
-6.70217080988E+001
-6.69747986182E+001
-6.69861031068E+001
-6.70273349368E+001
-6.70240105510E+001
-6.69907482347E+001
-6.69278175633E+001
-6.69186616377E+001
-6.69019872140E+001
-6.68425492185E+001
-6.68759282827E+001
-6.68439193550E+001
-6.68895031444E+001
-6.68626500926E+001
-6.68550011173E+001
-6.68492001162E+001
-6.68339722301E+001
-6.68399783759E+001
-6.69308512907E+001
-6.69326961943E+001
-6.69702227029E+001
-6.69742431121E+001
-6.70152886817E+001
-6.70799044126E+001
-6.70289557801E+001
-6.70076184640E+001
-6.69760210398E+001
-6.69910500077E+001
-6.69946417391E+001
-6.70680595570E+001
-6.70511985574E+001
-6.70014883661E+001
-6.70063943398E+001
-6.70100488521E+001
-6.70221193976E+001
-6.70419802522E+001
-6.69336941682E+001
-6.69526624878E+001
-6.69474111975E+001
-6.68387342133E+001
-6.67860428540E+001
-6.68016512766E+001
-6.67316685656E+001
-6.67012049328E+001
-6.66814279541E+001
-6.66557376259E+001
-6.65873549076E+001
-6.64729339899E+001
-6.63937479549E+001
-6.62993632047E+001
-6.62356740660E+001
-6.62236349501E+001
-6.61650277259E+001
-6.61641019237E+001
-6.60828899421E+001
-6.59900316934E+001
-6.59427254170E+001
-6.59178456581E+001
-6.59035657167E+001
-6.58627102232E+001
-6.58437434424E+001
-6.57957067916E+001
-6.58008506312E+001
-6.57338858068E+001
-6.56897736237E+001
-6.56629079351E+001
-6.56645816476E+001
-6.56299760807E+001
-6.55856216323E+001
-6.55509618047E+001
-6.54206610565E+001
-6.53851004467E+001
-6.53433312283E+001
-6.53199990666E+001
-6.52848725995E+001
-6.52429711239E+001
-6.51911901398E+001
-6.51417039268E+001
-6.50403359594E+001
-6.50201771263E+001
-6.49578843398E+001
-6.48163231414E+001
-6.46944916104E+001
-6.47727886131E+001
-6.47942904295E+001
-6.47495206742E+001
-6.47492619408E+001
-6.46819139988E+001
-6.46377881808E+001
-6.45978125691E+001
-6.46066360499E+001
-6.45868806897E+001
-6.44985152185E+001
-6.44644834792E+001
-6.43823997186E+001
-6.43331048493E+001
-6.42896936536E+001
-6.42850466752E+001
-6.42625897520E+001
-6.42279089059E+001
-6.41780299869E+001
-6.41390070519E+001
-6.41334827053E+001
-6.41170036531E+001
-6.40516001731E+001
-6.40281644192E+001
-6.39975801904E+001
-6.39884775537E+001
-6.39936634779E+001
-6.39569255663E+001
-6.39615802017E+001
-6.38476617097E+001
-6.38259001920E+001
-6.37877091834E+001
-6.37881121604E+001
-6.37645702792E+001
-6.37210464653E+001
-6.36845945646E+001
-6.36475091220E+001
-6.35913208780E+001
-6.35302476413E+001
-6.35048098037E+001
-6.34316949707E+001
-6.33858550524E+001
-6.32742732888E+001
-6.32083145962E+001
-6.31403758760E+001
-6.31392877405E+001
-6.30957912278E+001
-6.30859623666E+001
-6.30776213211E+001
-6.30265179048E+001
-6.29927808083E+001
-6.29368655050E+001
-6.28612356533E+001
-6.27864124592E+001
-6.26791769761E+001
-6.26650831549E+001
-6.26656990576E+001
-6.26702602134E+001
-6.26221160264E+001
-6.26257675700E+001
-6.25470823368E+001
-6.25388589489E+001
-6.24985292674E+001
-6.25063790380E+001
-6.25348915578E+001
-6.25037114354E+001
-6.24383088764E+001
-6.24236805822E+001
-6.24070479472E+001
-6.23913257285E+001
-6.23883268154E+001
-6.23698717704E+001
-6.23264798423E+001
-6.23124744021E+001
-6.22863090320E+001
-6.22582119427E+001
-6.22292707376E+001
-6.22237993482E+001
-6.21757024938E+001
-6.21718476474E+001
-6.21441425249E+001
-6.20942380538E+001
-6.20180292478E+001
-6.19550489322E+001
-6.19062635410E+001
-6.19262606283E+001
-6.18740509456E+001
-6.17260675964E+001
-6.16994484762E+001
-6.16348239788E+001
-6.16052529031E+001
-6.15423189379E+001
-6.14295686288E+001
-6.13867383632E+001
-6.13582120274E+001
-6.13158454460E+001
-6.12419222208E+001
-6.12192940583E+001
-6.11517483674E+001
-6.11278834317E+001
-6.10875603586E+001
-6.10252360613E+001
-6.10183851644E+001
-6.10044065650E+001
-6.09382176176E+001
-6.09624010076E+001
-6.09151882849E+001
-6.08594334272E+001
-6.08609079930E+001
-6.08532180782E+001
-6.08457379737E+001
-6.08343360526E+001
-6.08521728601E+001
-6.08042099732E+001
-6.08318861606E+001
-6.08431091824E+001
-6.08359603046E+001
-6.08575862560E+001
-6.08636932266E+001
-6.08840190646E+001
-6.09041715755E+001
-6.09157782087E+001
-6.09263966972E+001
-6.09334996852E+001
-6.09300989526E+001
-6.09583912679E+001
-6.09726906157E+001
-6.09533198897E+001
-6.09712640651E+001
-6.09699810230E+001
-6.09742407771E+001
-6.09554089455E+001
-6.09578438377E+001
-6.09714689297E+001
-6.10073129392E+001
-6.10031976559E+001
-6.10107638991E+001
-6.10173245914E+001
-6.09912310701E+001
-6.10308759810E+001
-6.10174994984E+001
-6.10119219118E+001
-6.10140623450E+001
-6.09859734674E+001
-6.09922827558E+001
-6.10078019602E+001
-6.10457725531E+001
-6.10383242198E+001
-6.10253758564E+001
-6.10338766660E+001
-6.10092331079E+001
-6.10146301213E+001
-6.09149858350E+001
-6.08797176120E+001
-6.08813234074E+001
-6.08525991131E+001
-6.08549122946E+001
-6.08681591592E+001
-6.08815458732E+001
-6.08597882511E+001
-6.08829114135E+001
-6.09227216376E+001
-6.09590328153E+001
-6.09302341345E+001
-6.09502016232E+001
-6.09354790507E+001
-6.09877183590E+001
-6.09782597981E+001
-6.09701618485E+001
-6.10074558693E+001
-6.09999605702E+001
-6.10649361715E+001
-6.11008827411E+001
-6.10763050570E+001
-6.10712577963E+001
-6.10279404553E+001
-6.10118547995E+001
-6.09804467570E+001
-6.09728362439E+001
-6.09486639012E+001
-6.09123692726E+001
-6.09551607608E+001
-6.09730073689E+001
-6.09322876624E+001
-6.09132179893E+001
-6.08991884960E+001
-6.09204195834E+001
-6.09244947410E+001
-6.09162835713E+001
-6.09147642306E+001
-6.08837646480E+001
-6.09177227925E+001
-6.09219261007E+001
-6.09218853256E+001
-6.09154177631E+001
-6.09614407326E+001
-6.09352094956E+001
-6.08897191694E+001
-6.08669128631E+001
-6.08631544960E+001
-6.08807006565E+001
-6.08757358895E+001
-6.08896573195E+001
-6.08962751511E+001
-6.08690917622E+001
-6.09101844709E+001
-6.08871935339E+001
-6.09004342430E+001
-6.08590235949E+001
-6.08694880052E+001
-6.08355654160E+001
-6.08413554296E+001
-6.08170017905E+001
-6.08373060891E+001
-6.08160581019E+001
-6.07662267554E+001
-6.07470744222E+001
-6.07890548561E+001
-6.07803781302E+001
-6.07698029886E+001
-6.07282590939E+001
-6.06970004236E+001
-6.07182675086E+001
-6.06892781452E+001
-6.06980794695E+001
-6.07086872894E+001
-6.07454831410E+001
-6.07550200421E+001
-6.07456286469E+001
-6.07514215627E+001
-6.07293066155E+001
-6.07280658743E+001
-6.07011648122E+001
-6.07029856043E+001
-6.07394611599E+001
-6.07552783445E+001
-6.07353005782E+001
-6.07242727108E+001
-6.07414957903E+001
-6.07563614135E+001
-6.07051103817E+001
-6.07150409330E+001
-6.07034328210E+001
-6.07006811998E+001
-6.06979900230E+001
-6.07049830301E+001
-6.07096147883E+001
-6.07845793750E+001
-6.07933978139E+001
-6.08000228991E+001
-6.07857836496E+001
-6.07867554937E+001
-6.07940134724E+001
-6.07755172582E+001
-6.07805416166E+001
-6.07982082068E+001
-6.08087699420E+001
-6.08271523448E+001
-6.08062675171E+001
-6.07918033697E+001
-6.07498154395E+001
-6.07134355645E+001
-6.07256065974E+001
-6.07206185648E+001
-6.07503903020E+001
-6.07188416901E+001
-6.07230296992E+001
-6.07580204916E+001
-6.07702771393E+001
-6.07738783323E+001
-6.07388836918E+001
-6.07415332143E+001
-6.07218790313E+001
-6.06941463247E+001
-6.06546793706E+001
-6.06652026447E+001
-6.06450235604E+001
-6.06340018663E+001
-6.06229411351E+001
-6.06170969894E+001
-6.06559182128E+001
-6.06773938981E+001
-6.07047677334E+001
-6.07325207188E+001
-6.07547007892E+001
-6.07400632252E+001
-6.07262173997E+001
-6.07205952096E+001
-6.06999457099E+001
-6.07023482212E+001
-6.06775713886E+001
-6.06681543075E+001
-6.06611751347E+001
-6.06544870948E+001
-6.06821653388E+001
-6.06505446876E+001
-6.06116733518E+001
-6.05673037972E+001
-6.05594446327E+001
-6.05691692471E+001
-6.05744440991E+001
-6.05765583094E+001
-6.05565216360E+001
-6.05863400582E+001
-6.05925525929E+001
-6.06007546106E+001
-6.06232153897E+001
-6.05916881879E+001
-6.06202189240E+001
-6.06043514713E+001
-6.06257669221E+001
-6.05928486553E+001
-6.05617192523E+001
-6.05449054002E+001
-6.05709431324E+001
-6.05524719356E+001
-6.05298133013E+001
-6.04819017787E+001
-6.04933542551E+001
-6.05102706645E+001
-6.04618592744E+001
-6.04553932039E+001
-6.03904692738E+001
-6.03941487659E+001
-6.04158031482E+001
-6.03982249460E+001
-6.04422665374E+001
-6.04199507899E+001
-6.04028330205E+001
-6.03759915567E+001
-6.03699265158E+001
-6.03713524061E+001
-6.02805349145E+001
-6.02767925599E+001
-6.02790764777E+001
-6.02989516816E+001
-6.02972415726E+001
-6.02811952733E+001
-6.03058892325E+001
-6.02627839036E+001
-6.02632192905E+001
-6.02832913331E+001
-6.02671731571E+001
-6.02598758563E+001
-6.02796778159E+001
-6.02585085615E+001
-6.01947652591E+001
-6.01886217967E+001
-6.02203365478E+001
-6.02304436957E+001
-6.01994046631E+001
-6.01829809513E+001
-6.01649717847E+001
-6.01527327626E+001
-6.01642928056E+001
-6.01741107889E+001
-6.01623901810E+001
-6.01654128050E+001
-6.01378473228E+001
-6.01370042550E+001
-6.01131352769E+001
-6.01204552870E+001
-6.01343057610E+001
-6.01321186975E+001
-6.01029494339E+001
-6.01048641753E+001
-6.01138915318E+001
-6.01275626623E+001
-6.00925283586E+001
-6.00422760738E+001
-6.00208502363E+001
-6.00361623791E+001
-6.00260273434E+001
-6.00122157574E+001
-6.00385498252E+001
-6.00010092489E+001
-5.99954364886E+001
-5.99661709545E+001
-5.99764959854E+001
-5.99529474944E+001
-5.99611414158E+001
-5.99383523787E+001
-5.99604453836E+001
-5.99469562791E+001
-5.99409836431E+001
-5.98869191793E+001
-5.98781959107E+001
-5.98470783014E+001
-5.98790706054E+001
-5.98680753841E+001
-5.98436320184E+001
-5.98616601935E+001
-5.98330628655E+001
-5.98323999057E+001
-5.98528724569E+001
-5.98480212661E+001
-5.98419826116E+001
-5.98607951168E+001
-5.97809600950E+001
-5.97814049823E+001
-5.97788602559E+001
-5.98048449783E+001
-5.98115624042E+001
-5.98274487258E+001
-5.98706647586E+001
-5.98514936531E+001
-5.98531239315E+001
-5.98404014236E+001
-5.98267050754E+001
-5.98128100711E+001
-5.98292958262E+001
-5.98199986385E+001
-5.98335165948E+001
-5.98094781520E+001
-5.98254286188E+001
-5.97832608224E+001
-5.97675466479E+001
-5.97266865293E+001
-5.97104348488E+001
-5.96779449839E+001
-5.96835506313E+001
-5.97030435284E+001
-5.96743144462E+001
-5.97086235567E+001
-5.97203956676E+001
-5.97173393324E+001
-5.97118742914E+001
-5.96703243794E+001
-5.96727919958E+001
-5.96573429733E+001
-5.96295696062E+001
-5.95752865669E+001
-5.95753105055E+001
-5.95421512086E+001
-5.95445184210E+001
-5.95341545315E+001
-5.95590538709E+001
-5.95620018421E+001
-5.96000105862E+001
-5.95946847952E+001
-5.96253949533E+001
-5.96144680976E+001
-5.96965311515E+001
-5.97132739066E+001
-5.97020078278E+001
-5.97003512614E+001
-5.97057662169E+001
-5.97269038631E+001
-5.97365938016E+001
-5.97296282618E+001
-5.97424426162E+001
-5.97467394254E+001
-5.97270071292E+001
-5.97321997101E+001
-5.97152516462E+001
-5.97363865253E+001
-5.97154615110E+001
-5.97061809360E+001
-5.97335694532E+001
-5.97056395901E+001
-5.97224215705E+001
-5.97216052550E+001
-5.97371441440E+001
-5.97447246407E+001
-5.97282809719E+001
-5.97142916619E+001
-5.97121968337E+001
-5.97105367344E+001
-5.97035715931E+001
-5.97098409173E+001
-5.97019881855E+001
-5.97282858499E+001
-5.97418452738E+001
-5.97227443297E+001
-5.96947330523E+001
-5.96895878912E+001
-5.97126021419E+001
-5.97006174200E+001
-5.97088202367E+001
-5.97086393356E+001
-5.97576557464E+001
-5.97691264920E+001
-5.97807309383E+001
-5.97911698385E+001
-5.98055564487E+001
-5.97932442121E+001
-5.97760521193E+001
-5.98031726813E+001
-5.98133325144E+001
-5.97586047682E+001
-5.98016495120E+001
-5.97825846653E+001
-5.97296265552E+001
-5.97351568171E+001
-5.97554827541E+001
-5.97256328601E+001
-5.97407671954E+001
-5.97469960715E+001
-5.97289836621E+001
-5.97134331236E+001
-5.96909602051E+001
-5.97138128052E+001
-5.97163935739E+001
-5.97369694988E+001
-5.97311490133E+001
-5.97260620692E+001
-5.97276205479E+001
-5.97039260080E+001
-5.97128405725E+001
-5.97112565910E+001
-5.97161310516E+001
-5.97234214566E+001
-5.96952983434E+001
-5.96742888821E+001
-5.96562100517E+001
-5.96520840072E+001
-5.96794668073E+001
-5.96978992879E+001
-5.96898232422E+001
-5.96862625101E+001
-5.96988997026E+001
-5.97088193067E+001
-5.97355269246E+001
-5.97357770658E+001
-5.97365758232E+001
-5.97220965964E+001
-5.96980740905E+001
-5.96985278662E+001
-5.97231154636E+001
-5.96906323690E+001
-5.97373795791E+001
-5.97535582540E+001
-5.97399158755E+001
-5.97438454961E+001
-5.97228707152E+001
-5.97580027710E+001
-5.97822591146E+001
-5.97681812755E+001
-5.97896759950E+001
-5.97811122416E+001
-5.98065130144E+001
-5.98341351357E+001
-5.98395807111E+001
-5.98341455148E+001
-5.98356135714E+001
-5.98219999025E+001
-5.98504021023E+001
-5.98257989693E+001
-5.98244703652E+001
-5.98232846535E+001
-5.98526401364E+001
-5.98564367865E+001
-5.98200457343E+001
-5.97763350577E+001
-5.97734992521E+001
-5.97159835536E+001
-5.97172956882E+001
-5.96815349469E+001
-5.96684224240E+001
-5.96743873116E+001
-5.96811574963E+001
-5.97053419680E+001
-5.97659299688E+001
-5.97460819489E+001
-5.97944202008E+001
-5.97724183443E+001
-5.97618158341E+001
-5.97698438922E+001
-5.98245660227E+001
-5.98737775715E+001
-5.98906415699E+001
-5.98898821380E+001
-5.98821833814E+001
-5.98665702231E+001
-5.98248953266E+001
-5.98357344662E+001
-5.98524768231E+001
-5.98371905554E+001
-5.98497787211E+001
-5.98512826340E+001
-5.98808702934E+001
-5.99286790602E+001
-5.99146874797E+001
-5.98891156226E+001
-5.98762295948E+001
-5.98477859598E+001
-5.98584774491E+001
-5.98554069323E+001
-5.98551810768E+001
-5.98349705154E+001
-5.98595431609E+001
-5.98641348887E+001
-5.99138791232E+001
-5.98301583715E+001
-5.97981340459E+001
-5.97879218581E+001
-5.97818738820E+001
-5.97592351717E+001
-5.97668435353E+001
-5.97805038501E+001
-5.97704542998E+001
-5.97286910955E+001
-5.97261631723E+001
-5.98002586864E+001
-5.98119701509E+001
-5.98043621998E+001
-5.97676630141E+001
-5.98155018975E+001
-5.97860165208E+001
-5.97894092690E+001
-5.97831400201E+001
-5.97698878800E+001
-5.97598036177E+001
-5.97478354770E+001
-5.97404373156E+001
-5.97447401414E+001
-5.97071321373E+001
-5.97148108662E+001
-5.97669932767E+001
-5.97761344226E+001
-5.97396683957E+001
-5.98902609432E+001
-5.99418503738E+001
-5.99724671433E+001
-6.00261523751E+001
-6.00485177560E+001
-6.00693518440E+001
-6.01135680098E+001
-6.01471088833E+001
-6.02107144471E+001
-6.02141175555E+001
-6.02570211426E+001
-6.03047424686E+001
-6.03836568580E+001
-6.04567149744E+001
-6.04863021287E+001
-6.05799210590E+001
-6.06275837746E+001
-6.07088886644E+001
-6.07677362865E+001
-6.08309509904E+001
-6.08229604357E+001
-6.09627859526E+001
-6.10041487228E+001
-6.10953138319E+001
-6.10999922113E+001
-6.11460003618E+001
-6.13038960790E+001
-6.13634445490E+001
-6.14339259451E+001
-6.14900875155E+001
-6.15572104253E+001
-6.16144852656E+001
-6.16814636860E+001
-6.17112798297E+001
-6.18082761489E+001
-6.18242280760E+001
-6.18753457967E+001
-6.19208795297E+001
-6.19290975243E+001
-6.19491788404E+001
-6.19980461678E+001
-6.20269008380E+001
-6.21022484394E+001
-6.21765280485E+001
-6.22223803826E+001
-6.22632434140E+001
-6.22827344682E+001
-6.22686883170E+001
-6.22891771524E+001
-6.23978038816E+001
-6.24493073317E+001
-6.25326081892E+001
-6.25864521769E+001
-6.26957538549E+001
-6.26959273275E+001
-6.27530455639E+001
-6.28150821589E+001
-6.28952438617E+001
-6.29163104134E+001
-6.30397120803E+001
-6.30412714014E+001
-6.30557545526E+001
-6.31259973156E+001
-6.31289650500E+001
-6.32100232302E+001
-6.32630527695E+001
-6.33156596291E+001
-6.33616579383E+001
-6.33921681157E+001
-6.33963632845E+001
-6.34025798866E+001
-6.34266633907E+001
-6.35063987673E+001
-6.35037584686E+001
-6.35903278115E+001
-6.36642998632E+001
-6.36575178072E+001
-6.37057530779E+001
-6.37626078714E+001
-6.37564122233E+001
-6.38375816985E+001
-6.38421059822E+001
-6.39727335759E+001
-6.40857892254E+001
-6.41260885399E+001
-6.41764325629E+001
-6.41858751967E+001
-6.42900919676E+001
-6.43156886508E+001
-6.43771280857E+001
-6.43959237834E+001
-6.44590196591E+001
-6.45208765602E+001
-6.45586523848E+001
-6.45645176003E+001
-6.46904956411E+001
-6.47246665286E+001
-6.48169753901E+001
-6.49281489485E+001
-6.49288660235E+001
-6.49597774577E+001
-6.50129974635E+001
-6.50893062540E+001
-6.51586063319E+001
-6.52411200500E+001
-6.52791499343E+001
-6.53310115828E+001
-6.54445659695E+001
-6.54636796492E+001
-6.55194400081E+001
-6.56007847207E+001
-6.57149265089E+001
-6.57804214391E+001
-6.59297621105E+001
-6.59942226903E+001
-6.61515331054E+001
-6.61881390311E+001
-6.61799910943E+001
-6.62038878585E+001
-6.62411889643E+001
-6.63384583633E+001
-6.63181167174E+001
-6.63554767456E+001
-6.64190653814E+001
-6.64671244654E+001
-6.65321066927E+001
-6.66783840688E+001
-6.67568371575E+001
-6.68715660024E+001
-6.69364743168E+001
-6.70010050971E+001
-6.71523509666E+001
-6.71686129202E+001
-6.71201944852E+001
-6.71562921929E+001
-6.72111797113E+001
-6.72771098003E+001
-6.72827206191E+001
-6.73351148829E+001
-6.73794705876E+001
-6.74071083186E+001
-6.74635444013E+001
-6.75292229992E+001
-6.76395291419E+001
-6.77077727484E+001
-6.77196116880E+001
-6.77979490364E+001
-6.78496138253E+001
-6.78232682891E+001
-6.79232848524E+001
-6.81268312595E+001
-6.80166773642E+001
-6.79856887680E+001
-6.80215223891E+001
-6.80773324898E+001
-6.81104106935E+001
-6.81194420362E+001
-6.81268873946E+001
-6.81383202807E+001
-6.81449285878E+001
-6.81826941500E+001
-6.81615228787E+001
-6.81635926180E+001
-6.81593952859E+001
-6.81242773503E+001
-6.81537506077E+001
-6.80981064959E+001
-6.80923029082E+001
-6.80313765414E+001
-6.80227805125E+001
-6.79913824544E+001
-6.80108952192E+001
-6.78965015446E+001
-6.78960242204E+001
-6.78297069789E+001
-6.78485066384E+001
-6.78724371180E+001
-6.77510612021E+001
-6.77192889212E+001
-6.77532988264E+001
-6.77338520376E+001
-6.78733960075E+001
-6.78257806807E+001
-6.78399432476E+001
-6.78230701110E+001
-6.77977485479E+001
-6.79057775613E+001
-6.79200746818E+001
-6.80476087002E+001
-6.80513312853E+001
-6.81712705444E+001
-6.81910911200E+001
-6.82096937064E+001
-6.82000256103E+001
-6.82392723248E+001
-6.82988046239E+001
-6.83146042433E+001
-6.83464708613E+001
-6.83780250476E+001
-6.83890269893E+001
-6.83657599185E+001
-6.83582705851E+001
-6.83660218881E+001
-6.83925386154E+001
-6.83048262708E+001
-6.84006296371E+001
-6.83755672010E+001
-6.84050760572E+001
-6.83403176433E+001
-6.83592345089E+001
-6.82815043734E+001
-6.83031229884E+001
-6.83421059927E+001
-6.83285482098E+001
-6.83648843120E+001
-6.84586031656E+001
-6.84410818491E+001
-6.84141750095E+001
-6.84159862039E+001
-6.84294657276E+001
-6.84202434934E+001
-6.84085059453E+001
-6.84054828716E+001
-6.84532230567E+001
-6.85781982293E+001
-6.85605911104E+001
-6.85542362793E+001
-6.85617786195E+001
-6.85907293083E+001
-6.85931505532E+001
-6.86877141355E+001
-6.86379935759E+001
-6.86788314109E+001
-6.86289664363E+001
-6.86149452306E+001
-6.87001308601E+001
-6.87266132285E+001
-6.88512396707E+001
-6.88576238222E+001
-6.88740994403E+001
-6.88204552282E+001
-6.88451823942E+001
-6.88738479716E+001
-6.89198755529E+001
-6.89855468492E+001
-6.90185456341E+001
-6.89217540842E+001
-6.90757052692E+001
-6.90532915253E+001
-6.89415527023E+001
-6.89635881701E+001
-6.89779844160E+001
-6.89933729847E+001
-6.89731772404E+001
-6.89819888740E+001
-6.89668362676E+001
-6.90226362212E+001
-6.90078062287E+001
-6.89728029336E+001
-6.90133767451E+001
-6.90504505867E+001
-6.89822546731E+001
-6.88576510719E+001
-6.88457866894E+001
-6.87869398946E+001
-6.87746812445E+001
-6.86918818433E+001
-6.87069015637E+001
-6.87196757054E+001
-6.87053785969E+001
-6.87098305922E+001
-6.86663298084E+001
-6.87200224367E+001
-6.86692675814E+001
-6.86761634248E+001
-6.87016307584E+001
-6.86750788315E+001
-6.85524261476E+001
-6.85390460181E+001
-6.85063546686E+001
-6.84876538771E+001
-6.84870825366E+001
-6.84242652009E+001
-6.84458091090E+001
-6.85143292954E+001
-6.85945178671E+001
-6.85875407828E+001
-6.85957654267E+001
-6.86086310583E+001
-6.86261039742E+001
-6.87145393053E+001
-6.87739815599E+001
-6.88081579847E+001
-6.89125363164E+001
-6.88815744118E+001
-6.88807120464E+001
-6.89499780677E+001
-6.89785562407E+001
-6.90329972053E+001
-6.91314292630E+001
-6.90870681752E+001
-6.89540749393E+001
-6.89368792153E+001
-6.90278563696E+001
-6.89798393281E+001
-6.89074623907E+001
-6.88760060359E+001
-6.89420364046E+001
-6.89456021403E+001
-6.90085902991E+001
-6.91116552392E+001
-6.91413524148E+001
-6.91770975209E+001
-6.92016846090E+001
-6.91676032289E+001
-6.92505854712E+001
-6.92496042750E+001
-6.93409310309E+001
-6.93799848703E+001
-6.93948342923E+001
-6.94052245737E+001
-6.94688377304E+001
-6.95581329018E+001
-6.95503344572E+001
-6.95533282311E+001
-6.95710576024E+001
-6.95626871117E+001
-6.95158356587E+001
-6.95347139560E+001
-6.95769767632E+001
-6.95452265571E+001
-6.96532797364E+001
-6.95551139517E+001
-6.95872140437E+001
-6.95647131378E+001
-6.96016210103E+001
-6.95470064797E+001
-6.94866601090E+001
-6.94641507693E+001
-6.93722012234E+001
-6.94510861079E+001
-6.94629784180E+001
-6.94885421396E+001
-6.95445831205E+001
-6.95215018233E+001
-6.94876962946E+001
-6.94507127721E+001
-6.94401530291E+001
-6.94331358508E+001
-6.94140595118E+001
-6.94530745464E+001
-6.94055253823E+001
-6.94108808106E+001
-6.94100977458E+001
-6.93477115130E+001
-6.93887812778E+001
-6.93921159572E+001
-6.94534023145E+001
-6.94239913009E+001
-6.95350783211E+001
-6.95525974376E+001
-6.95471513710E+001
-6.95676615462E+001
-6.95957688475E+001
-6.95784075590E+001
-6.95429863887E+001
-6.94239320335E+001
-6.94202735333E+001
-6.95386814816E+001
-6.95379600170E+001
-6.95604999024E+001
-6.95802809728E+001
-6.95943982554E+001
-6.95831252663E+001
-6.94887922577E+001
-6.94126399793E+001
-6.94668065026E+001
-6.94673498714E+001
-6.95021095934E+001
-6.94703350488E+001
-6.94504931826E+001
-6.93715971662E+001
-6.93254138009E+001
-6.93116899006E+001
-6.92711942233E+001
-6.92425511802E+001
-6.91254649555E+001
-6.90774291376E+001
-6.89461138173E+001
-6.89047232817E+001
-6.89403095433E+001
-6.90324933181E+001
-6.90874620964E+001
-6.90356538578E+001
-6.89333035759E+001
-6.88840304001E+001
-6.88349600319E+001
-6.88330696334E+001
-6.87363686719E+001
-6.87525707350E+001
-6.87689610246E+001
-6.87494291302E+001
-6.87933776346E+001
-6.87657425706E+001
-6.87703875832E+001
-6.87608046934E+001
-6.87331435205E+001
-6.86477534923E+001
-6.86858146228E+001
-6.87396604083E+001
-6.87175406483E+001
-6.87273891327E+001
-6.87259755926E+001
-6.87116367443E+001
-6.87038306904E+001
-6.86755598202E+001
-6.86781446558E+001
-6.87443761654E+001
-6.87884865537E+001
-6.87909953870E+001
-6.88475586774E+001
-6.88472705056E+001
-6.88790770576E+001
-6.88637190512E+001
-6.88553770684E+001
-6.88639926013E+001
-6.88443411824E+001
-6.88567889250E+001
-6.88771884752E+001
-6.88832568905E+001
-6.88689613755E+001
-6.88689780922E+001
-6.88536005606E+001
-6.87871327361E+001
-6.88346134026E+001
-6.88322506424E+001
-6.87724660235E+001
-6.88168300434E+001
-6.87846434674E+001
-6.88259339105E+001
-6.88153774678E+001
-6.87610008799E+001
-6.87065795043E+001
-6.86596094374E+001
-6.84973909342E+001
-6.84621205821E+001
-6.84579585818E+001
-6.84070976971E+001
-6.83725730185E+001
-6.83365051607E+001
-6.83305189459E+001
-6.83470657727E+001
-6.83056843665E+001
-6.83730906172E+001
-6.83902298918E+001
-6.84104079424E+001
-6.84671927665E+001
-6.85081595330E+001
-6.84577776301E+001
-6.84760036275E+001
-6.84960075775E+001
-6.83750547081E+001
-6.83449102617E+001
-6.83170921932E+001
-6.82802182055E+001
-6.83288207602E+001
-6.82563919579E+001
-6.84546748178E+001
-6.83623678984E+001
-6.83078693026E+001
-6.83296238651E+001
-6.83072525929E+001
-6.82938673381E+001
-6.82504165303E+001
-6.83175431637E+001
-6.83459472569E+001
-6.83901030587E+001
-6.83694329877E+001
-6.85441972452E+001
-6.85147189400E+001
-6.84862545129E+001
-6.84914241010E+001
-6.84038756483E+001
-6.83840147344E+001
-6.83892564606E+001
-6.84031983191E+001
-6.83956571194E+001
-6.84991778663E+001
-6.84901030242E+001
-6.85208426411E+001
-6.84596061518E+001
-6.84319599033E+001
-6.83553834429E+001
-6.83032672219E+001
-6.82900177279E+001
-6.83866885112E+001
-6.83394788113E+001
-6.83316479549E+001
-6.83356963087E+001
-6.83133037638E+001
-6.83438818172E+001
-6.82743576782E+001
-6.82890323957E+001
-6.82733908588E+001
-6.82662200326E+001
-6.82633208409E+001
-6.82820812014E+001
-6.82803112175E+001
-6.82403919441E+001
-6.82523585426E+001
-6.82496302739E+001
-6.82229811764E+001
-6.82413726661E+001
-6.82153751294E+001
-6.81783588371E+001
-6.82740836303E+001
-6.82909793729E+001
-6.82673599325E+001
-6.82791547049E+001
-6.82372044853E+001
-6.82317405795E+001
-6.83413108594E+001
-6.84372930890E+001
-6.85062274565E+001
-6.85224758126E+001
-6.85429312803E+001
-6.85486955140E+001
-6.84877346741E+001
-6.84831271784E+001
-6.84474480077E+001
-6.84798150941E+001
-6.84836161456E+001
-6.85310481532E+001
-6.85755584604E+001
-6.85726895882E+001
-6.86228157699E+001
-6.86499486470E+001
-6.87389681275E+001
-6.87817346692E+001
-6.88204157375E+001
-6.89217639564E+001
-6.89038139247E+001
-6.88230657928E+001
-6.88324255232E+001
-6.88093989488E+001
-6.88658423482E+001
-6.88654553516E+001
-6.89167110520E+001
-6.89407671603E+001
-6.89306135402E+001
-6.89449916237E+001
-6.89577718372E+001
-6.89695934910E+001
-6.89245766953E+001
-6.89481697156E+001
-6.89744311844E+001
-6.89706600443E+001
-6.89740080939E+001
-6.89722727162E+001
-6.89352642406E+001
-6.88641236427E+001
-6.88962429691E+001
-6.88783924799E+001
-6.89317584911E+001
-6.89295212397E+001
-6.89567622739E+001
-6.90102198834E+001
-6.90178627627E+001
-6.89652492184E+001
-6.88855285287E+001
-6.89158972122E+001
-6.88680934502E+001
-6.88451835694E+001
-6.88223094820E+001
-6.88040814662E+001
-6.88431269262E+001
-6.88289026644E+001
-6.88654471817E+001
-6.89642004568E+001
-6.89391380417E+001
-6.89879517604E+001
-6.89399484107E+001
-6.88925055322E+001
-6.89254979095E+001
-6.89878147967E+001
-6.89263594884E+001
-6.89410786562E+001
-6.89290444122E+001
-6.89452422603E+001
-6.89875282526E+001
-6.89447019810E+001
-6.89533494086E+001
-6.88625838566E+001
-6.89260892677E+001
-6.89496582527E+001
-6.89858891985E+001
-6.90963332295E+001
-6.91382364132E+001
-6.91836643365E+001
-6.92163568188E+001
-6.92416552978E+001
-6.92191153108E+001
-6.92582050471E+001
-6.92790372015E+001
-6.92334927039E+001
-6.91450312841E+001
-6.91633403219E+001
-6.91045177830E+001
-6.91832526560E+001
-6.91818912811E+001
-6.91794249372E+001
-6.90926524569E+001
-6.91291247828E+001
-6.91103231797E+001
-6.91418530872E+001
-6.91396282864E+001
-6.90710801006E+001
-6.90722198624E+001
-6.89128619878E+001
-6.90016633499E+001
-6.90309163149E+001
-6.90790470058E+001
-6.91173011275E+001
-6.90643805171E+001
-6.90390114324E+001
-6.90177839154E+001
-6.90410716671E+001
-6.90031898330E+001
-6.90933014027E+001
-6.89498464283E+001
-6.89615530874E+001
-6.90192594927E+001
-6.90420072294E+001
-6.90441213134E+001
-6.90343974617E+001
-6.90468931366E+001
-6.90215540431E+001
-6.90225476955E+001
-6.90004819430E+001
-6.90735371305E+001
-6.90210907592E+001
-6.90317856877E+001
-6.90249022619E+001
-6.89984717265E+001
-6.89795165424E+001
-6.89628427429E+001
-6.89080975305E+001
-6.89972616998E+001
-6.90306602618E+001
-6.90084177495E+001
-6.89968217205E+001
-6.90187914424E+001
-6.90464060891E+001
-6.91017985755E+001
-6.91139930054E+001
-6.90704282204E+001
-6.90784704888E+001
-6.90598101698E+001
-6.89867768719E+001
-6.90836496662E+001
-6.90959517114E+001
-6.90234424146E+001
-6.90275065707E+001
-6.90505555871E+001
-6.90407606897E+001
-6.89863779273E+001
-6.89916586930E+001
-6.90241927121E+001
-6.90629589706E+001
-6.90226967771E+001
-6.90342439848E+001
-6.90790762984E+001
-6.89612974038E+001
-6.89142061508E+001
-6.88982245191E+001
-6.88549008883E+001
-6.88344471591E+001
-6.88745805119E+001
-6.89237529853E+001
-6.89674609367E+001
-6.90121539872E+001
-6.89435061000E+001
-6.89238577786E+001
-6.89426666825E+001
-6.88986030261E+001
-6.89459148970E+001
-6.88854913008E+001
-6.88664152787E+001
-6.88439853574E+001
-6.88619225712E+001
-6.88452633706E+001
-6.87875265336E+001
-6.88431340892E+001
-6.88527079748E+001
-6.87843436199E+001
-6.87901380024E+001
-6.87047573443E+001
-6.87214803727E+001
-6.86862308407E+001
-6.86833149076E+001
-6.86893013787E+001
-6.86922728074E+001
-6.86563643749E+001
-6.86268832961E+001
-6.86794150381E+001
-6.87407814210E+001
-6.87327889842E+001
-6.87303482598E+001
-6.87585937226E+001
-6.87856431292E+001
-6.88183572393E+001
-6.88215336920E+001
-6.88019559434E+001
-6.88557778514E+001
-6.88256922923E+001
-6.88969109112E+001
-6.88939339682E+001
-6.88757219880E+001
-6.88735153741E+001
-6.88494876864E+001
-6.89510343297E+001
-6.89540844063E+001
-6.90095486676E+001
-6.90471581327E+001
-6.90574146569E+001
-6.90443459811E+001
-6.90496550801E+001
-6.90151542900E+001
-6.90230369076E+001
-6.89343154965E+001
-6.89700247138E+001
-6.89655281068E+001
-6.90439610514E+001
-6.91063034504E+001
-6.91091237778E+001
-6.91146310021E+001
-6.91453471615E+001
-6.90774687623E+001
-6.91713910658E+001
-6.91507546367E+001
-6.91212393373E+001
-6.91253936041E+001
-6.90935053664E+001
-6.91022549836E+001
-6.91055415832E+001
-6.90799445334E+001
-6.90599551173E+001
-6.89319803485E+001
-6.88919288117E+001
-6.88491529635E+001
-6.88173979547E+001
-6.88395555344E+001
-6.88167830889E+001
-6.87498372246E+001
-6.87629601112E+001
-6.88314848406E+001
-6.88627637775E+001
-6.89079442251E+001
-6.89379029766E+001
-6.88999889631E+001
-6.89468325409E+001
-6.89327308411E+001
-6.89898833189E+001
-6.90228783011E+001
-6.90428488318E+001
-6.89771802848E+001
-6.90434090395E+001
-6.90514023213E+001
-6.90399984771E+001
-6.91509107409E+001
-6.90897668349E+001
-6.90679128986E+001
-6.89729929157E+001
-6.89061345856E+001
-6.89794999665E+001
-6.89759266656E+001
-6.89581480520E+001
-6.89051962243E+001
-6.89185311195E+001
-6.88570826471E+001
-6.89750175555E+001
-6.90221837454E+001
-6.89583460584E+001
-6.89109268668E+001
-6.89007254513E+001
-6.88941079076E+001
-6.89770263750E+001
-6.89679060957E+001
-6.89981846357E+001
-6.89583798370E+001
-6.88500947603E+001
-6.90711365049E+001
-6.91226283790E+001
-6.92105230146E+001
-6.91671034377E+001
-6.92408901184E+001
-6.92911608348E+001
-6.92667440509E+001
-6.92055939830E+001
-6.92122530074E+001
-6.92641014514E+001
-6.92605062199E+001
-6.92416914791E+001
-6.92938859556E+001
-6.92273333127E+001
-6.92635834288E+001
-6.92968873863E+001
-6.92456186943E+001
-6.92211393495E+001
-6.92004591372E+001
-6.91581618968E+001
-6.91829850874E+001
-6.91944924312E+001
-6.91748055822E+001
-6.92019912682E+001
-6.92093608694E+001
-6.93426700511E+001
-6.93114100405E+001
-6.92597611373E+001
-6.93100071194E+001
-6.93702059093E+001
-6.94426018963E+001
-6.94037525717E+001
-6.94069736598E+001
-6.93982131705E+001
-6.94060914105E+001
-6.94345754653E+001
-6.94478516719E+001
-6.93987013049E+001
-6.93294471177E+001
-6.92679308416E+001
-6.92030925150E+001
-6.92388830235E+001
-6.93003176368E+001
-6.92908834961E+001
-6.93006826926E+001
-6.92372409421E+001
-6.93245654222E+001
-6.94471902680E+001
-6.93844432368E+001
-6.93209813830E+001
-6.93344403137E+001
-6.93492916697E+001
-6.93248385357E+001
-6.93132707592E+001
-6.92869315152E+001
-6.93304299283E+001
-6.93708796831E+001
-6.93768450489E+001
-6.93923191483E+001
-6.94223519972E+001
-6.94137942889E+001
-6.94037919649E+001
-6.93936563099E+001
-6.94297386281E+001
-6.94278662515E+001
-6.93466796426E+001
-6.93420602017E+001
-6.94204695816E+001
-6.94392182416E+001
-6.94913683608E+001
-6.95240673070E+001
-6.95259330272E+001
-6.95325631719E+001
-6.94452547587E+001
-6.94389661492E+001
-6.93984969986E+001
-6.93996423252E+001
-6.93754072574E+001
-6.93634021542E+001
-6.93878980194E+001
-6.92972366591E+001
-6.92458885427E+001
-6.92346753195E+001
-6.92465739645E+001
-6.92206081958E+001
-6.92664286746E+001
-6.92519463524E+001
-6.92448155808E+001
-6.92089496584E+001
-6.92008096872E+001
-6.92230579647E+001
-6.91374893286E+001
-6.91090909686E+001
-6.91264515424E+001
-6.91279647844E+001
-6.90997664431E+001
-6.91021454860E+001
-6.91505670967E+001
-6.90575035986E+001
-6.90480202704E+001
-6.90584516971E+001
-6.90612241683E+001
-6.90950282900E+001
-6.91390724487E+001
-6.90619771578E+001
-6.91056328731E+001
-6.91362802787E+001
-6.91888113034E+001
-6.91569333489E+001
-6.91642915465E+001
-6.91395217031E+001
-6.90830038547E+001
-6.90248488528E+001
-6.89967335518E+001
-6.90164324474E+001
-6.90330927458E+001
-6.90025476562E+001
-6.89081270963E+001
-6.89200806568E+001
-6.88883661639E+001
-6.88796158100E+001
-6.88234390630E+001
-6.87949807304E+001
-6.87177296063E+001
-6.87905740227E+001
-6.88383912684E+001
-6.87895607311E+001
-6.88215333289E+001
-6.88303775742E+001
-6.86891804083E+001
-6.86562430945E+001
-6.86586261725E+001
-6.87187314352E+001
-6.88085594409E+001
-6.87912041882E+001
-6.87689926993E+001
-6.87877120160E+001
-6.87915597772E+001
-6.87710450775E+001
-6.87438342331E+001
-6.86482867226E+001
-6.86341282703E+001
-6.86936830068E+001
-6.87109390549E+001
-6.87227736556E+001
-6.87250053054E+001
-6.85801342036E+001
-6.85755039106E+001
-6.85053101081E+001
-6.84894517496E+001
-6.85248079228E+001
-6.83050818511E+001
-6.83776660882E+001
-6.82624917915E+001
-6.84275231383E+001
-6.83515285298E+001
-6.83082490444E+001
-6.82923395686E+001
-6.83644780484E+001
-6.83846825869E+001
-6.83788569540E+001
-6.84025520962E+001
-6.83766407690E+001
-6.83837764146E+001
-6.84170125076E+001
-6.83983104672E+001
-6.83697422836E+001
-6.84485818708E+001
-6.84703944754E+001
-6.84943630720E+001
-6.84518944083E+001
-6.84548975372E+001
-6.84858312961E+001
-6.84868714060E+001
-6.84373595149E+001
-6.84214462164E+001
-6.83410398328E+001
-6.83033414934E+001
-6.83477944942E+001
-6.82611800066E+001
-6.82312171168E+001
-6.81149837110E+001
-6.81217689586E+001
-6.81217326998E+001
-6.80798901876E+001
-6.80443674805E+001
-6.80513525635E+001
-6.80765943645E+001
-6.80527619692E+001
-6.81490711813E+001
-6.81344883826E+001
-6.82127206649E+001
-6.82354557026E+001
-6.82633802178E+001
-6.83067868372E+001
-6.83132677858E+001
-6.83810629837E+001
-6.83099632547E+001
-6.81846427671E+001
-6.82196473973E+001
-6.82419575407E+001
-6.83075878288E+001
-6.82211582063E+001
-6.82023520930E+001
-6.82498019221E+001
-6.83145209264E+001
-6.83049396040E+001
-6.82926555469E+001
-6.82771887177E+001
-6.82553236817E+001
-6.82749896486E+001
-6.82451652332E+001
-6.82367845505E+001
-6.82254672366E+001
-6.81816371279E+001
-6.81380553911E+001
-6.82438970347E+001
-6.82109240872E+001
-6.82160543580E+001
-6.81935179147E+001
-6.81290392871E+001
-6.80766489780E+001
-6.81015458667E+001
-6.81241338067E+001
-6.81230776345E+001
-6.81275112807E+001
-6.81683262549E+001
-6.82337485359E+001
-6.82957433428E+001
-6.83195061185E+001
-6.82895447545E+001
-6.83008072486E+001
-6.83722397835E+001
-6.84308888365E+001
-6.83966364748E+001
-6.83798752056E+001
-6.83667524183E+001
-6.83179022741E+001
-6.83754581428E+001
-6.83610939081E+001
-6.83692207513E+001
-6.83411891236E+001
-6.83852161033E+001
-6.83506481291E+001
-6.83041947939E+001
-6.82883539937E+001
-6.83399757622E+001
-6.82963926217E+001
-6.82609248753E+001
-6.82586767990E+001
-6.82982796740E+001
-6.83280959541E+001
-6.83587271222E+001
-6.83375015108E+001
-6.83455899407E+001
-6.83578621876E+001
-6.83268017367E+001
-6.83159099431E+001
-6.83017202065E+001
-6.83361567022E+001
-6.83544583496E+001
-6.83922488720E+001
-6.83828487006E+001
-6.84598789721E+001
-6.85280006405E+001
-6.85200140985E+001
-6.83899710487E+001
-6.83790075486E+001
-6.84566670018E+001
-6.84057730922E+001
-6.84277092233E+001
-6.83751586663E+001
-6.83889429738E+001
-6.84018182325E+001
-6.84219546311E+001
-6.83525169335E+001
-6.83654838420E+001
-6.83985949124E+001
-6.83908041475E+001
-6.84300721439E+001
-6.84342211198E+001
-6.84423390708E+001
-6.84254934936E+001
-6.84186289154E+001
-6.83218483171E+001
-6.83670511759E+001
-6.84229081665E+001
-6.84272811191E+001
-6.83973168682E+001
-6.84373812270E+001
-6.84647300983E+001
-6.85071596760E+001
-6.85377249242E+001
-6.84508791467E+001
-6.84629749434E+001
-6.85012549867E+001
-6.85005001108E+001
-6.85760874890E+001
-6.85495787897E+001
-6.86274870852E+001
-6.86156439131E+001
-6.85683142257E+001
-6.85683804354E+001
-6.85189345008E+001
-6.85673181813E+001
-6.84315962649E+001
-6.84488641265E+001
-6.84904762676E+001
-6.85428851257E+001
-6.84718941812E+001
-6.83909809936E+001
-6.84047504189E+001
-6.84337198239E+001
-6.84475818117E+001
-6.84190461558E+001
-6.84016821004E+001
-6.83813458787E+001
-6.83861621380E+001
-6.83587626114E+001
-6.83344553553E+001
-6.84567974743E+001
-6.84356915851E+001
-6.83732011862E+001
-6.83407553247E+001
-6.83465321892E+001
-6.83746687086E+001
-6.84330457631E+001
-6.84065311464E+001
-6.84147585514E+001
-6.84550813873E+001
-6.85554650802E+001
-6.85956365239E+001
-6.85547035470E+001
-6.87349080432E+001
-6.86904259934E+001
-6.88236805018E+001
-6.87968843622E+001
-6.88037848578E+001
-6.88185048071E+001
-6.88544454678E+001
-6.87771409510E+001
-6.87751190713E+001
-6.87514537051E+001
-6.87679314449E+001
-6.86654187425E+001
-6.86310894312E+001
-6.86833414831E+001
-6.86189062453E+001
-6.86261796390E+001
-6.86432104173E+001
-6.87038814247E+001
-6.88155068193E+001
-6.87454429918E+001
-6.88366737368E+001
-6.87857370467E+001
-6.87853971003E+001
-6.87428244042E+001
-6.87067227173E+001
-6.87530694563E+001
-6.87693617146E+001
-6.87633895422E+001
-6.87451947247E+001
-6.88070944704E+001
-6.88163578703E+001
-6.88311584963E+001
-6.88889350642E+001
-6.89445816224E+001
-6.88098004026E+001
-6.88518903318E+001
-6.87677923772E+001
-6.88262500938E+001
-6.88376063163E+001
-6.88402909940E+001
-6.88401466059E+001
-6.87893905075E+001
-6.88330590489E+001
-6.88863513354E+001
-6.88745881288E+001
-6.88378912285E+001
-6.87999180672E+001
-6.87934378404E+001
-6.87936084392E+001
-6.87580119218E+001
-6.88430640897E+001
-6.88166296769E+001
-6.88665927634E+001
-6.89114921973E+001
-6.89256904977E+001
-6.90681167677E+001
-6.90302170262E+001
-6.90365994054E+001
-6.90521435841E+001
-6.91017243705E+001
-6.91481739090E+001
-6.92825051949E+001
-6.92960854549E+001
-6.93685778726E+001
-6.92951030054E+001
-6.93838382155E+001
-6.94030108398E+001
-6.94364539121E+001
-6.93886876001E+001
-6.93265970469E+001
-6.92637048621E+001
-6.93520076257E+001
-6.93290279206E+001
-6.93056221885E+001
-6.92869648046E+001
-6.93198002635E+001
-6.93696227383E+001
-6.93371543660E+001
-6.93277339422E+001
-6.92757410666E+001
-6.92894005665E+001
-6.92776589488E+001
-6.92759734156E+001
-6.93018818773E+001
-6.93508274170E+001
-6.93589076293E+001
-6.93333734761E+001
-6.93420368377E+001
-6.93554195444E+001
-6.93726584236E+001
-6.94358575618E+001
-6.94807935822E+001
-6.94681765868E+001
-6.94588573509E+001
-6.94347701008E+001
-6.94135786740E+001
-6.93877131802E+001
-6.93655148726E+001
-6.93723173007E+001
-6.93547160461E+001
-6.94064395960E+001
-6.94069739137E+001
-6.94440263993E+001
-6.94070906106E+001
-6.93326411569E+001
-6.92780418383E+001
-6.93944596729E+001
-6.93883943934E+001
-6.94472746240E+001
-6.94276933041E+001
-6.93415942895E+001
-6.93299120913E+001
-6.92755738053E+001
-6.92456843425E+001
-6.92211069433E+001
-6.92048355405E+001
-6.92378132948E+001
-6.92690259464E+001
-6.93027419722E+001
-6.93475550498E+001
-6.93857497543E+001
-6.93317881282E+001
-6.92957619507E+001
-6.92770962007E+001
-6.92740456961E+001
-6.92170140214E+001
-6.91761601979E+001
-6.92506972753E+001
-6.92266923410E+001
-6.92604233782E+001
-6.92750815536E+001
-6.92578485907E+001
-6.92777638160E+001
-6.92290424828E+001
-6.92224613197E+001
-6.92319126566E+001
-6.92598504876E+001
-6.93172722995E+001
-6.92019268445E+001
-6.91948241877E+001
-6.92180228486E+001
-6.92572776479E+001
-6.92968095325E+001
-6.92524150984E+001
-6.92123885285E+001
-6.92481371149E+001
-6.92028540289E+001
-6.91177533013E+001
-6.90615359887E+001
-6.90650379040E+001
-6.91457720140E+001
-6.89610276714E+001
-6.89965239201E+001
-6.88805201896E+001
-6.88902440323E+001
-6.89100555764E+001
-6.88999210875E+001
-6.89105554527E+001
-6.89914336666E+001
-6.89892725846E+001
-6.89509683188E+001
-6.89096563725E+001
-6.90113954120E+001
-6.89903744486E+001
-6.91149202911E+001
-6.91058171084E+001
-6.91134322588E+001
-6.91058237243E+001
-6.90077375984E+001
-6.88713798364E+001
-6.88893935522E+001
-6.88136757006E+001
-6.88600850563E+001
-6.88485253554E+001
-6.89298248513E+001
-6.90126979858E+001
-6.89537281582E+001
-6.89510881522E+001
-6.89963757143E+001
-6.89809661250E+001
-6.89954322715E+001
-6.89998981504E+001
-6.90106606824E+001
-6.89343700703E+001
-6.88395224101E+001
-6.88892292299E+001
-6.88628764124E+001
-6.88352813523E+001
-6.87485874680E+001
-6.87586479093E+001
-6.87673715397E+001
-6.87160281575E+001
-6.87394367371E+001
-6.87403187783E+001
-6.86814789794E+001
-6.86547100170E+001
-6.86322835232E+001
-6.85785521145E+001
-6.86882222489E+001
-6.86484829752E+001
-6.86731684778E+001
-6.85578806244E+001
-6.85181339618E+001
-6.85270122150E+001
-6.85020409043E+001
-6.84871636447E+001
-6.84477320479E+001
-6.84617715886E+001
-6.84895062449E+001
-6.84267500353E+001
-6.83324042726E+001
-6.82219511680E+001
-6.80729449354E+001
-6.80355737345E+001
-6.79215980124E+001
-6.78848120649E+001
-6.77738040695E+001
-6.77341613243E+001
-6.76312146822E+001
-6.75675924132E+001
-6.75674515656E+001
-6.75432916876E+001
-6.74580949975E+001
-6.74096569476E+001
-6.74383934802E+001
-6.73994008183E+001
-6.72943680960E+001
-6.72209360871E+001
-6.71985685374E+001
-6.71384502871E+001
-6.71516181487E+001
-6.70893034919E+001
-6.70368532509E+001
-6.69845438165E+001
-6.69161363246E+001
-6.68345009357E+001
-6.67767408619E+001
-6.67198751416E+001
-6.66978905104E+001
-6.65922308649E+001
-6.65416721029E+001
-6.64309968641E+001
-6.63106488498E+001
-6.62795785375E+001
-6.62555574243E+001
-6.61816089474E+001
-6.61447715903E+001
-6.61258135176E+001
-6.60781939206E+001
-6.60020375557E+001
-6.59894975142E+001
-6.59112063183E+001
-6.58373034766E+001
-6.58100396720E+001
-6.57477105539E+001
-6.57552282153E+001
-6.57645073301E+001
-6.56198543612E+001
-6.55530523639E+001
-6.54626106568E+001
-6.53602868144E+001
-6.54065746678E+001
-6.54091174096E+001
-6.54803329755E+001
-6.54201901129E+001
-6.53916842287E+001
-6.53163124623E+001
-6.53062561156E+001
-6.51776679625E+001
-6.50968976175E+001
-6.50230967814E+001
-6.49498164445E+001
-6.49288285987E+001
-6.48976461323E+001
-6.48669366165E+001
-6.48559996517E+001
-6.48297140901E+001
-6.48117022891E+001
-6.46935894859E+001
-6.46862014199E+001
-6.45705962590E+001
-6.44667792526E+001
-6.44770597200E+001
-6.43996710927E+001
-6.43968575402E+001
-6.43700689233E+001
-6.43285242330E+001
-6.42465475516E+001
-6.41547741557E+001
-6.41302528078E+001
-6.41696642869E+001
-6.41432040851E+001
-6.40650761366E+001
-6.39828218006E+001
-6.39677239466E+001
-6.39260459712E+001
-6.39163229536E+001
-6.39359909484E+001
-6.39849293895E+001
-6.39101881092E+001
-6.38084350110E+001
-6.36910828776E+001
-6.36861697565E+001
-6.36242337434E+001
-6.36492604558E+001
-6.36627110363E+001
-6.35906356401E+001
-6.35067270950E+001
-6.34317063879E+001
-6.32565766329E+001
-6.32414258042E+001
-6.32384152448E+001
-6.32476799693E+001
-6.31441986154E+001
-6.30967238309E+001
-6.28890915264E+001
-6.28639864246E+001
-6.27882805544E+001
-6.27212659228E+001
-6.26867978662E+001
-6.26739817159E+001
-6.26452186943E+001
-6.25983422728E+001
-6.25502307508E+001
-6.25392808638E+001
-6.24059011779E+001
-6.22810204617E+001
-6.22361660970E+001
-6.21843885750E+001
-6.21646834405E+001
-6.20917536578E+001
-6.19671041578E+001
-6.18885843718E+001
-6.18550660118E+001
-6.18194340958E+001
-6.17974908877E+001
-6.17408444017E+001
-6.16829157280E+001
-6.16787243462E+001
-6.16765953737E+001
-6.16176179573E+001
-6.15836625344E+001
-6.15526137653E+001
-6.15143948636E+001
-6.14663080814E+001
-6.14460288065E+001
-6.13886749890E+001
-6.13473503544E+001
-6.13326606190E+001
-6.12103660868E+001
-6.12124594231E+001
-6.11561889481E+001
-6.10925118867E+001
-6.10285004674E+001
-6.09629285695E+001
-6.09032135425E+001
-6.09051560068E+001
-6.08476436205E+001
-6.07935661404E+001
-6.07609698864E+001
-6.07539954424E+001
-6.07550547541E+001
-6.07538829788E+001
-6.07461707993E+001
-6.07205179159E+001
-6.07113765251E+001
-6.07526573225E+001
-6.07548852140E+001
-6.07296304334E+001
-6.07205517891E+001
-6.07352711916E+001
-6.07378053962E+001
-6.07530938039E+001
-6.07732546830E+001
-6.07876638480E+001
-6.07614768397E+001
-6.07563374366E+001
-6.07953252550E+001
-6.07826027273E+001
-6.07794674157E+001
-6.08288665723E+001
-6.07834287153E+001
-6.08146751797E+001
-6.08448472864E+001
-6.08076427736E+001
-6.08064884572E+001
-6.08134539117E+001
-6.08318754012E+001
-6.08016862028E+001
-6.07989203945E+001
-6.08225186831E+001
-6.08417923312E+001
-6.08635395606E+001
-6.08763995377E+001
-6.08669789535E+001
-6.08447013519E+001
-6.08511827144E+001
-6.08073714501E+001
-6.08289482582E+001
-6.08016055548E+001
-6.07692886194E+001
-6.07779636293E+001
-6.07883540529E+001
-6.07721982064E+001
-6.07491482230E+001
-6.07184109466E+001
-6.07115812571E+001
-6.06623043780E+001
-6.06903779565E+001
-6.06997604168E+001
-6.06802122287E+001
-6.06758644741E+001
-6.06077521013E+001
-6.05919449812E+001
-6.05062555109E+001
-6.04899381792E+001
-6.05141263721E+001
-6.05261155873E+001
-6.05375076735E+001
-6.05419606840E+001
-6.05766601566E+001
-6.05881035992E+001
-6.06105460821E+001
-6.06043939644E+001
-6.05930520757E+001
-6.06182362327E+001
-6.05773622317E+001
-6.05516394421E+001
-6.05216778059E+001
-6.05405545159E+001
-6.05432399062E+001
-6.05543171901E+001
-6.05684384148E+001
-6.05243912946E+001
-6.05395782711E+001
-6.05143121942E+001
-6.04856745029E+001
-6.04609147965E+001
-6.04685316874E+001
-6.04779198828E+001
-6.04761121715E+001
-6.04147471242E+001
-6.04066356181E+001
-6.03724367817E+001
-6.03720887426E+001
-6.03739551159E+001
-6.03790396499E+001
-6.03274920402E+001
-6.03468026246E+001
-6.02745608264E+001
-6.03350808603E+001
-6.03288090852E+001
-6.03254391975E+001
-6.02927570696E+001
-6.02784233713E+001
-6.02307047696E+001
-6.01664648760E+001
-6.01702009730E+001
-6.01767656096E+001
-6.01955783855E+001
-6.02425213794E+001
-6.02226016492E+001
-6.02041387897E+001
-6.01592332577E+001
-6.01303395641E+001
-6.01321021011E+001
-6.01303445936E+001
-6.01507435260E+001
-6.01956362536E+001
-6.02119514154E+001
-6.02422075543E+001
-6.02464620221E+001
-6.02265742813E+001
-6.02381243655E+001
-6.02302557562E+001
-6.02149857558E+001
-6.02243039644E+001
-6.02178818565E+001
-6.02544977116E+001
-6.02532820159E+001
-6.02064548948E+001
-6.02239747349E+001
-6.02232581409E+001
-6.02667720569E+001
-6.02617250677E+001
-6.02715183939E+001
-6.02902367768E+001
-6.02620823023E+001
-6.02568148623E+001
-6.02563211022E+001
-6.02350998282E+001
-6.02631470849E+001
-6.02209378582E+001
-6.02389207042E+001
-6.02432171419E+001
-6.01809542867E+001
-6.02047704435E+001
-6.01824998246E+001
-6.01687088305E+001
-6.01435593914E+001
-6.01220396238E+001
-6.00918571772E+001
-6.01105236238E+001
-6.01326833811E+001
-6.01575883647E+001
-6.01384609754E+001
-6.01753043603E+001
-6.01331374754E+001
-6.00886707157E+001
-6.00858180064E+001
-6.00685867594E+001
-6.00780113668E+001
-6.00606266473E+001
-6.00787515644E+001
-6.00516209841E+001
-6.00684211528E+001
-6.01017626979E+001
-6.00805334021E+001
-6.00985218355E+001
-6.00938460682E+001
-6.01173510985E+001
-6.01153916726E+001
-6.01060231091E+001
-6.00639949755E+001
-6.00086310933E+001
-5.99828668162E+001
-5.99815006663E+001
-6.00280571593E+001
-6.00487650745E+001
-6.00289472580E+001
-6.00127215265E+001
-5.99821809473E+001
-5.99798167951E+001
-5.99434970733E+001
-5.98944483473E+001
-5.99251701471E+001
-5.98925680713E+001
-5.99209199167E+001
-5.99193433977E+001
-5.99536458910E+001
-5.99649187363E+001
-5.99564712494E+001
-5.99327152511E+001
-5.99552162594E+001
-5.99625026791E+001
-5.99875463207E+001
-6.00234212913E+001
-6.02164837941E+001
-6.03319136242E+001
-6.03499284985E+001
-6.04348136197E+001
-6.05285894670E+001
-6.05701530092E+001
-6.06306599122E+001
-6.06331749525E+001
-6.06432542449E+001
-6.06674663562E+001
-6.06753063231E+001
-6.07384349037E+001
-6.07768713535E+001
-6.07872671653E+001
-6.09169758210E+001
-6.10035074512E+001
-6.10610969569E+001
-6.11091311080E+001
-6.11324883756E+001
-6.11718436297E+001
-6.11854415609E+001
-6.11864143840E+001
-6.11582445544E+001
-6.12768591737E+001
-6.12904561993E+001
-6.12930171452E+001
-6.13258980551E+001
-6.15070264893E+001
-6.15454048617E+001
-6.15739647443E+001
-6.15769408051E+001
-6.15760281655E+001
-6.16060960736E+001
-6.16201377528E+001
-6.16376162761E+001
-6.16365465762E+001
-6.16948032522E+001
-6.17615043967E+001
-6.17438425526E+001
-6.17885268469E+001
-6.18417490798E+001
-6.18992262425E+001
-6.19712102244E+001
-6.19943141603E+001
-6.20629709277E+001
-6.20993441132E+001
-6.20964840158E+001
-6.21387011948E+001
-6.21722242190E+001
-6.21785870149E+001
-6.21747747270E+001
-6.21840288859E+001
-6.21851115643E+001
-6.22125967228E+001
-6.22201711965E+001
-6.22663361209E+001
-6.23312426603E+001
-6.23990233488E+001
-6.24445953007E+001
-6.24683263926E+001
-6.24948693151E+001
-6.25368031283E+001
-6.26079718917E+001
-6.26931432672E+001
-6.27150526797E+001
-6.28123379175E+001
-6.28420621594E+001
-6.28730671725E+001
-6.28951324328E+001
-6.28965684460E+001
-6.29256078706E+001
-6.29185008931E+001
-6.29511621277E+001
-6.30207630354E+001
-6.30560342903E+001
-6.31027033736E+001
-6.31520590701E+001
-6.32041322431E+001
-6.32475823096E+001
-6.32526291418E+001
-6.32934434276E+001
-6.33738547313E+001
-6.33830339388E+001
-6.33953799526E+001
-6.34318521861E+001
-6.34911111800E+001
-6.35653502323E+001
-6.36711603041E+001
-6.37179816471E+001
-6.37434039942E+001
-6.37643380480E+001
-6.37938009319E+001
-6.38093408759E+001
-6.38881348269E+001
-6.38975450517E+001
-6.38886588227E+001
-6.39570917026E+001
-6.39422788942E+001
-6.39513892287E+001
-6.40220514299E+001
-6.40751546660E+001
-6.41880866884E+001
-6.42556652110E+001
-6.42767302660E+001
-6.42686847404E+001
-6.42999597139E+001
-6.43362808927E+001
-6.43300023911E+001
-6.43405438756E+001
-6.43708195547E+001
-6.43655367411E+001
-6.43787791535E+001
-6.44020254946E+001
-6.44292441886E+001
-6.44262338863E+001
-6.44609402885E+001
-6.44805694702E+001
-6.45082470315E+001
-6.45453709133E+001
-6.45827147620E+001
-6.45649652401E+001
-6.45933182641E+001
-6.46282739209E+001
-6.46997403269E+001
-6.47119531260E+001
-6.47303341318E+001
-6.47699804298E+001
-6.48218037330E+001
-6.48619051599E+001
-6.49095669261E+001
-6.49307973512E+001
-6.49538676068E+001
-6.49624188262E+001
-6.50026740506E+001
-6.50269028531E+001
-6.50253194002E+001
-6.50830890162E+001
-6.51298626895E+001
-6.51608233572E+001
-6.51745654789E+001
-6.52274191054E+001
-6.52405252979E+001
-6.52822773624E+001
-6.52789892616E+001
-6.52993265018E+001
-6.53688386767E+001
-6.54308118231E+001
-6.54375969985E+001
-6.54225168501E+001
-6.54038309022E+001
-6.54295022757E+001
-6.53057964783E+001
-6.52306505737E+001
-6.52081967929E+001
-6.51612117656E+001
-6.51176220635E+001
-6.51667866183E+001
-6.51283973478E+001
-6.51674950674E+001
-6.51744857300E+001
-6.51997906327E+001
-6.52097953379E+001
-6.52093801696E+001
-6.51969310101E+001
-6.53046267947E+001
-6.51841246491E+001
-6.51567126926E+001
-6.51455592758E+001
-6.52601741295E+001
-6.52558596045E+001
-6.52596575200E+001
-6.52608815249E+001
-6.52925454319E+001
-6.53443211365E+001
-6.53345137366E+001
-6.53358072279E+001
-6.53838533094E+001
-6.53791381162E+001
-6.52199288028E+001
-6.52702893168E+001
-6.52333572052E+001
-6.53121746916E+001
-6.53785573441E+001
-6.53997877945E+001
-6.53741453552E+001
-6.53919043795E+001
-6.54074103990E+001
-6.53892584823E+001
-6.53800626531E+001
-6.54515582978E+001
-6.54457420037E+001
-6.54392621609E+001
-6.54132300135E+001
-6.53450596582E+001
-6.54453581705E+001
-6.54413800021E+001
-6.54513971624E+001
-6.54627637805E+001
-6.54525877849E+001
-6.55074938233E+001
-6.55360965876E+001
-6.55693077186E+001
-6.56547210082E+001
-6.56143384614E+001
-6.56344955739E+001
-6.56440938430E+001
-6.56618876352E+001
-6.56555348553E+001
-6.56168401725E+001
-6.56503052599E+001
-6.56281290339E+001
-6.56552069169E+001
-6.56607438607E+001
-6.56468734268E+001
-6.55875553101E+001
-6.55727557144E+001
-6.55430415737E+001
-6.55311267311E+001
-6.55182264075E+001
-6.55371456180E+001
-6.56307644201E+001
-6.56280124444E+001
-6.56647316998E+001
-6.56405872427E+001
-6.55907098538E+001
-6.55585863498E+001
-6.55428677815E+001
-6.55229473648E+001
-6.55382191509E+001
-6.55217249942E+001
-6.55144113805E+001
-6.55330593275E+001
-6.54785305738E+001
-6.55457440420E+001
-6.55955044202E+001
-6.55788975602E+001
-6.55393965172E+001
-6.55128213167E+001
-6.54075072104E+001
-6.53997959973E+001
-6.54136889463E+001
-6.54528551002E+001
-6.54683023948E+001
-6.55259701640E+001
-6.54746682493E+001
-6.55329558273E+001
-6.56235364122E+001
-6.55898556908E+001
-6.56614468238E+001
-6.57229243636E+001
-6.57647256586E+001
-6.58349069734E+001
-6.57984892759E+001
-6.57267593211E+001
-6.57363935366E+001
-6.57631823633E+001
-6.58511258759E+001
-6.58496079009E+001
-6.58466156316E+001
-6.58732382852E+001
-6.58721299431E+001
-6.58953133356E+001
-6.59843501203E+001
-6.59891280771E+001
-6.60037260640E+001
-6.60054120807E+001
-6.59919498754E+001
-6.60122277606E+001
-6.60550218484E+001
-6.60982016049E+001
-6.61102470716E+001
-6.61493105679E+001
-6.61643083271E+001
-6.63400289198E+001
-6.63500372759E+001
-6.63726859091E+001
-6.63968709082E+001
-6.64074326855E+001
-6.64423216521E+001
-6.64278271769E+001
-6.64521688995E+001
-6.64628324412E+001
-6.64766528230E+001
-6.64520467839E+001
-6.64271384180E+001
-6.64236346998E+001
-6.64719879604E+001
-6.64707533469E+001
-6.64932398567E+001
-6.64860260111E+001
-6.65636101584E+001
-6.65569767380E+001
-6.65521687519E+001
-6.65244723900E+001
-6.65322083104E+001
-6.65163467974E+001
-6.64774961254E+001
-6.64459178635E+001
-6.64309719779E+001
-6.64568662196E+001
-6.65062567137E+001
-6.64545121751E+001
-6.64813482273E+001
-6.64683665228E+001
-6.65472203344E+001
-6.65510519286E+001
-6.65796526190E+001
-6.65166957040E+001
-6.66202235685E+001
-6.66136148538E+001
-6.66035288126E+001
-6.65963310843E+001
-6.66514975254E+001
-6.66302662488E+001
-6.66502093273E+001
-6.65825417911E+001
-6.66164753030E+001
-6.66483088126E+001
-6.66584279860E+001
-6.65254997305E+001
-6.65825179425E+001
-6.65605262884E+001
-6.66208527239E+001
-6.66546322956E+001
-6.66061532672E+001
-6.65834641357E+001
-6.65923887519E+001
-6.65742803008E+001
-6.65499670557E+001
-6.65517962803E+001
-6.64879333009E+001
-6.65381160779E+001
-6.64924054385E+001
-6.64448594873E+001
-6.64853855917E+001
-6.65265969556E+001
-6.65193175261E+001
-6.65334570732E+001
-6.65712151663E+001
-6.65211279714E+001
-6.64729386740E+001
-6.65209496972E+001
-6.64816567802E+001
-6.64264154459E+001
-6.64663827489E+001
-6.64329953066E+001
-6.64643205445E+001
-6.64720490973E+001
-6.64753215719E+001
-6.64907306204E+001
-6.65158325355E+001
-6.65895656531E+001
-6.65445488005E+001
-6.65764476345E+001
-6.66192684283E+001
-6.66834203483E+001
-6.66916173670E+001
-6.67412073083E+001
-6.67908838787E+001
-6.66843706514E+001
-6.67467283456E+001
-6.67817680382E+001
-6.68446227694E+001
-6.68145575377E+001
-6.68046537420E+001
-6.66815065332E+001
-6.66850372415E+001
-6.65374042371E+001
-6.63157191888E+001
-6.64549544994E+001
-6.63602553510E+001
-6.64182111033E+001
-6.64193237060E+001
-6.62877759758E+001
-6.63349283641E+001
-6.64305427021E+001
-6.63880555855E+001
-6.63230399662E+001
-6.63116119737E+001
-6.58108774209E+001
-6.57895906773E+001
-6.56807422658E+001
-6.56936713434E+001
-6.56140886788E+001
-6.57634830656E+001
-6.58427298458E+001
-6.58107761473E+001
-6.56373769832E+001
-6.57667306275E+001
-6.59097855271E+001
-6.60157298779E+001
-6.61914411945E+001
-6.61659339266E+001
-6.61839803501E+001
-6.60939549913E+001
-6.61890778689E+001
-6.57483928229E+001
-6.60928936756E+001
-6.59276610030E+001
-6.59905108835E+001
-6.57974089225E+001
-6.53818875878E+001
-6.51571005963E+001
-6.47029845200E+001
-6.44928089087E+001
-6.36210607623E+001
-6.39713025328E+001
-6.47126406658E+001
-6.18913280625E+001
-6.10037643756E+001
-6.20759212917E+001
-6.62965118951E+001
-6.61453957875E+001
-6.70477789163E+001
-6.69612087183E+001
-6.71982804783E+001
-6.72256951933E+001
-6.70378177357E+001
-6.70542622785E+001
-6.68523130809E+001
-6.72934914624E+001
-6.72573417046E+001
-6.72187317292E+001
-6.71774177534E+001
-6.73535902435E+001
-6.74390895589E+001
-6.72602482214E+001
-6.71619790171E+001
-6.75149983697E+001
-6.75584099666E+001
-6.75016858814E+001
-6.74246676785E+001
-6.73078966542E+001
-6.73329175540E+001
-6.74429349265E+001
-6.72999335541E+001
-6.71399183963E+001
-6.72608266012E+001
-6.73759490080E+001
-6.72911908784E+001
-6.71399390697E+001
-6.74119729341E+001
-6.73481129971E+001
-6.72600816885E+001
-6.73669084221E+001
-6.77427236053E+001
-6.77581580768E+001
-6.77575529890E+001
-6.76557201132E+001
-6.75244792861E+001
-6.75218545134E+001
-6.74609161112E+001
-6.76013809285E+001
-6.76855327832E+001
-6.76254525272E+001
-6.75905437201E+001
-6.76299228510E+001
-6.75969499019E+001
-6.75777331110E+001
-6.75818173840E+001
-6.76466119999E+001
-6.75558109326E+001
-6.76305976555E+001
-6.76329596896E+001
-6.76383602435E+001
-6.76393917262E+001
-6.76289782172E+001
-6.76070685914E+001
-6.76615530192E+001
-6.77370532681E+001
-6.77164964741E+001
-6.76608552344E+001
-6.75682153328E+001
-6.76418647155E+001
-6.78142384564E+001
-6.78412483635E+001
-6.78111794532E+001
-6.78237336404E+001
-6.77608517601E+001
-6.77741387886E+001
-6.77275199175E+001
-6.77445679342E+001
-6.77196855822E+001
-6.76735277404E+001
-6.76709107721E+001
-6.76881769872E+001
-6.77325922441E+001
-6.77638191517E+001
-6.78633691302E+001
-6.78088454990E+001
-6.78705766816E+001
-6.78547285494E+001
-6.78576708464E+001
-6.78304679180E+001
-6.78557514932E+001
-6.78737243239E+001
-6.79030237497E+001
-6.78027993797E+001
-6.78220781623E+001
-6.78103300637E+001
-6.77688556862E+001
-6.78064790512E+001
-6.78100786519E+001
-6.77524715380E+001
-6.77165677598E+001
-6.77146619167E+001
-6.76784386817E+001
-6.76217561524E+001
-6.76622486464E+001
-6.76858277817E+001
-6.76846429880E+001
-6.77665158822E+001
-6.77789395979E+001
-6.78267590453E+001
-6.78152937693E+001
-6.77796556004E+001
-6.77625821581E+001
-6.76926153679E+001
-6.76771692048E+001
-6.76947288587E+001
-6.77172359265E+001
-6.76923280916E+001
-6.75589893491E+001
-6.75295175769E+001
-6.74878004624E+001
-6.75241698061E+001
-6.74947599876E+001
-6.74770424496E+001
-6.74686181382E+001
-6.74559305581E+001
-6.74644008555E+001
-6.74366844272E+001
-6.74064865764E+001
-6.74763674322E+001
-6.74410735930E+001
-6.74717903930E+001
-6.74568647610E+001
-6.74693458888E+001
-6.74732482473E+001
-6.74907352691E+001
-6.74195170378E+001
-6.74228163627E+001
-6.73770961147E+001
-6.73168284763E+001
-6.73125002527E+001
-6.72799382394E+001
-6.72966113845E+001
-6.72815250492E+001
-6.71868381537E+001
-6.71262246539E+001
-6.71386435412E+001
-6.70995543364E+001
-6.71356394185E+001
-6.71471975211E+001
-6.71685168642E+001
-6.71275486158E+001
-6.70314055100E+001
-6.69366964970E+001
-6.69307871026E+001
-6.69296331529E+001
-6.68954572009E+001
-6.68807546776E+001
-6.68569395744E+001
-6.68978481691E+001
-6.69010297673E+001
-6.70290324914E+001
-6.70317083782E+001
-6.70789065435E+001
-6.71298341773E+001
-6.71339742516E+001
-6.71454122267E+001
-6.70153701028E+001
-6.69215410675E+001
-6.69643095190E+001
-6.69971235210E+001
-6.70119171062E+001
-6.70326429605E+001
-6.69707740907E+001
-6.69718899661E+001
-6.69595850112E+001
-6.69596432308E+001
-6.69226676870E+001
-6.69365875275E+001
-6.68924798860E+001
-6.68049651055E+001
-6.68241486607E+001
-6.67597113146E+001
-6.67237697730E+001
-6.67486436534E+001
-6.67787417497E+001
-6.67303123514E+001
-6.66969967795E+001
-6.67156491650E+001
-6.66979059819E+001
-6.67039377522E+001
-6.66816375633E+001
-6.67266299603E+001
-6.67111943682E+001
-6.67397200759E+001
-6.67955666207E+001
-6.68412968745E+001
-6.67896624007E+001
-6.67341682586E+001
-6.67792310299E+001
-6.66719793968E+001
-6.67313086293E+001
-6.67777766580E+001
-6.67494349364E+001
-6.67681375098E+001
-6.68202100881E+001
-6.68323411067E+001
-6.69123284610E+001
-6.68237083648E+001
-6.67751572741E+001
-6.68001459422E+001
-6.65990588323E+001
-6.66100926843E+001
-6.65923513454E+001
-6.65811064885E+001
-6.65437559963E+001
-6.65161579728E+001
-6.65182092041E+001
-6.64781860167E+001
-6.65080053957E+001
-6.64756697173E+001
-6.64803040537E+001
-6.64599315785E+001
-6.64633474318E+001
-6.63793331480E+001
-6.63608155232E+001
-6.63315644205E+001
-6.63234747119E+001
-6.62888079483E+001
-6.63074264375E+001
-6.62978125456E+001
-6.62639400903E+001
-6.63052711772E+001
-6.62662052747E+001
-6.62772206632E+001
-6.63140634993E+001
-6.62939828906E+001
-6.62122424501E+001
-6.62012512066E+001
-6.61795526467E+001
-6.61818403437E+001
-6.61315131427E+001
-6.61427268389E+001
-6.61788412438E+001
-6.62600548266E+001
-6.62553838648E+001
-6.62419040656E+001
-6.63160244100E+001
-6.63010637663E+001
-6.62969904429E+001
-6.62944119687E+001
-6.63215396451E+001
-6.63824524698E+001
-6.63783169015E+001
-6.63559948447E+001
-6.63786099788E+001
-6.63054059262E+001
-6.62701897552E+001
-6.61841546806E+001
-6.61726395901E+001
-6.61577724594E+001
-6.61347849587E+001
-6.61640364194E+001
-6.61630405376E+001
-6.62240242498E+001
-6.62408238966E+001
-6.61959077286E+001
-6.62082961370E+001
-6.62126091814E+001
-6.63627842785E+001
-6.64079239349E+001
-6.64631661027E+001
-6.63784183195E+001
-6.65854229764E+001
-6.65612068820E+001
-6.65729360728E+001
-6.66309860180E+001
-6.65896966661E+001
-6.66286916904E+001
-6.66692074787E+001
-6.65543711044E+001
-6.65087651556E+001
-6.65242871820E+001
-6.65149591316E+001
-6.64948188176E+001
-6.64791711374E+001
-6.64803429551E+001
-6.64809180885E+001
-6.65216194286E+001
-6.65533591734E+001
-6.65322968378E+001
-6.65416385275E+001
-6.65539740629E+001
-6.65595045653E+001
-6.65762199222E+001
-6.65700190529E+001
-6.65996340840E+001
-6.66080329988E+001
-6.66903307740E+001
-6.66545452406E+001
-6.66440922278E+001
-6.66145442727E+001
-6.66259110119E+001
-6.65693663994E+001
-6.65904803876E+001
-6.66382046087E+001
-6.65669362403E+001
-6.65486033306E+001
-6.65466688721E+001
-6.65763365815E+001
-6.65730182863E+001
-6.65946796260E+001
-6.64774898278E+001
-6.64261865937E+001
-6.64102757577E+001
-6.63786628588E+001
-6.63314799015E+001
-6.63149971415E+001
-6.63336083506E+001
-6.63210244057E+001
-6.63405529889E+001
-6.62793869890E+001
-6.63096331844E+001
-6.63785309948E+001
-6.63822775413E+001
-6.63133651773E+001
-6.63450251425E+001
-6.63286139411E+001
-6.63313437405E+001
-6.63042869866E+001
-6.63063261334E+001
-6.63605163838E+001
-6.64017568728E+001
-6.64363499003E+001
-6.64383343858E+001
-6.64707972707E+001
-6.64472854999E+001
-6.64426878339E+001
-6.64875402789E+001
-6.64638116379E+001
-6.64422138675E+001
-6.64341146319E+001
-6.64045129784E+001
-6.63350876158E+001
-6.64022796540E+001
-6.63716782496E+001
-6.63351515312E+001
-6.63200657592E+001
-6.63003953875E+001
-6.62523300258E+001
-6.62135105348E+001
-6.62559724848E+001
-6.61533897054E+001
-6.61260717280E+001
-6.60937890337E+001
-6.60526286538E+001
-6.60381085415E+001
-6.60713570635E+001
-6.60740161649E+001
-6.60761104687E+001
-6.61718514598E+001
-6.61545343920E+001
-6.61112271734E+001
-6.60993451317E+001
-6.60891426109E+001
-6.61269507598E+001
-6.61394959814E+001
-6.61628856359E+001
-6.61393685096E+001
-6.61603078680E+001
-6.62001245773E+001
-6.62398254373E+001
-6.63106514479E+001
-6.63629432370E+001
-6.63773106990E+001
-6.63793203384E+001
-6.66736101739E+001
-6.66859565586E+001
-6.66875967220E+001
-6.67560528336E+001
-6.67757525656E+001
-6.67793080827E+001
-6.68705873668E+001
-6.68325716664E+001
-6.68285685727E+001
-6.67961292092E+001
-6.67451938361E+001
-6.66517873136E+001
-6.66945873036E+001
-6.66850869356E+001
-6.66455261441E+001
-6.66285842272E+001
-6.66530645138E+001
-6.66169272439E+001
-6.66974390174E+001
-6.66155271738E+001
-6.66017657582E+001
-6.66312962399E+001
-6.65768614766E+001
-6.65676785799E+001
-6.65799955526E+001
-6.66530884341E+001
-6.66165921367E+001
-6.65580553176E+001
-6.65869218857E+001
-6.65976177527E+001
-6.65867420822E+001
-6.66743061827E+001
-6.66831858121E+001
-6.67301233732E+001
-6.66939711155E+001
-6.67299659040E+001
-6.67358400609E+001
-6.66741971065E+001
-6.67745399737E+001
-6.67271633451E+001
-6.67506325399E+001
-6.69190557627E+001
-6.68952085047E+001
-6.69611353594E+001
-6.68626532660E+001
-6.68180276911E+001
-6.67925581043E+001
-6.68138109336E+001
-6.66654540622E+001
-6.67682053033E+001
-6.67401856386E+001
-6.66880225695E+001
-6.67157048784E+001
-6.67726151910E+001
-6.68118670915E+001
-6.68170169425E+001
-6.69132448773E+001
-6.68591876349E+001
-6.69184449736E+001
-6.69363443061E+001
-6.69704546944E+001
-6.69761668750E+001
-6.69435227230E+001
-6.69196749136E+001
-6.68839437666E+001
-6.68964452869E+001
-6.69389537612E+001
-6.70282935837E+001
-6.70335223961E+001
-6.71419604654E+001
-6.72203500559E+001
-6.72416268684E+001
-6.72403867490E+001
-6.72337613623E+001
-6.72747581878E+001
-6.73441595430E+001
-6.73418812358E+001
-6.72724085612E+001
-6.73536539345E+001
-6.73603817569E+001
-6.73398413854E+001
-6.73519725629E+001
-6.73846186012E+001
-6.73457755056E+001
-6.73689358651E+001
-6.73716700154E+001
-6.73819039061E+001
-6.73998953439E+001
-6.75731946762E+001
-6.75966251254E+001
-6.75967447520E+001
-6.76317400164E+001
-6.76692229448E+001
-6.76917980723E+001
-6.77457495211E+001
-6.77586711918E+001
-6.78163079923E+001
-6.78109094450E+001
-6.77628390695E+001
-6.77694514953E+001
-6.78124206950E+001
-6.78353587666E+001
-6.78961220168E+001
-6.79061535843E+001
-6.79408573760E+001
-6.80337019174E+001
-6.79785414953E+001
-6.79670312930E+001
-6.79522880648E+001
-6.79779350119E+001
-6.82205390395E+001
-6.82982368191E+001
-6.83871897516E+001
-6.84430327795E+001
-6.84532656776E+001
-6.84431156644E+001
-6.84667943066E+001
-6.85267620886E+001
-6.85220744863E+001
-6.84406515305E+001
-6.84201018089E+001
-6.84485309431E+001
-6.84881736408E+001
-6.85309380405E+001
-6.85925433295E+001
-6.86531363638E+001
-6.86649117423E+001
-6.86927931810E+001
-6.86920265438E+001
-6.87386695606E+001
-6.87640990237E+001
-6.87626243773E+001
-6.87803078002E+001
-6.87734661727E+001
-6.87848060453E+001
-6.87138484397E+001
-6.87575395304E+001
-6.88409295581E+001
-6.88095908249E+001
-6.88323040991E+001
-6.88411847449E+001
-6.89576430234E+001
-6.89783974585E+001
-6.89801052993E+001
-6.89952293738E+001
-6.89690162818E+001
-6.90003601502E+001
-6.89653557312E+001
-6.89861794348E+001
-6.89918022152E+001
-6.90082029056E+001
-6.87505981442E+001
-6.87845064004E+001
-6.88739007937E+001
-6.88857709435E+001
-6.89580503001E+001
-6.89114394198E+001
-6.88550644138E+001
-6.88849662773E+001
-6.88921479904E+001
-6.88767048252E+001
-6.88419142814E+001
-6.89071848659E+001
-6.89158718914E+001
-6.89837278349E+001
-6.90421921562E+001
-6.91398242497E+001
-6.92297403202E+001
-6.91895699385E+001
-6.91043338368E+001
-6.91270092439E+001
-6.91653492634E+001
-6.91146084204E+001
-6.91074281979E+001
-6.91188157505E+001
-6.92505976021E+001
-6.92076516615E+001
-6.92047396122E+001
-6.93342606711E+001
-6.93280665587E+001
-6.93654563939E+001
-6.92777145439E+001
-6.92920137853E+001
-6.92818252928E+001
-6.93097153186E+001
-6.94133591019E+001
-6.93514160042E+001
-6.93116297497E+001
-6.93320503558E+001
-6.93167201552E+001
-6.93436797137E+001
-6.93234876712E+001
-6.91706381729E+001
-6.91545382839E+001
-6.90857042246E+001
-6.90424288756E+001
-6.90012115209E+001
-6.89791779093E+001
-6.90669984055E+001
-6.89870360640E+001
-6.89155340278E+001
-6.89638554042E+001
-6.90520047420E+001
-6.90737836700E+001
-6.90258685689E+001
-6.91008135234E+001
-6.91162281936E+001
-6.90551729668E+001
-6.90714511690E+001
-6.90653164118E+001
-6.90616403069E+001
-6.90635924823E+001
-6.90541304920E+001
-6.91224112810E+001
-6.91320814305E+001
-6.91858247144E+001
-6.92206730910E+001
-6.91904929796E+001
-6.91024160620E+001
-6.90805608087E+001
-6.89270912769E+001
-6.88774526784E+001
-6.89086647042E+001
-6.88837604887E+001
-6.88581165920E+001
-6.87869527055E+001
-6.88021144910E+001
-6.88038481986E+001
-6.88199071264E+001
-6.87482277883E+001
-6.87710427804E+001
-6.87167939706E+001
-6.87744452713E+001
-6.87454354773E+001
-6.87748306942E+001
-6.87384574273E+001
-6.87089782380E+001
-6.86725488862E+001
-6.86564373913E+001
-6.84579279574E+001
-6.84265427657E+001
-6.83891915808E+001
-6.84068477645E+001
-6.83736452769E+001
-6.83719591978E+001
-6.83419544400E+001
-6.82803255858E+001
-6.82548518994E+001
-6.82491551340E+001
-6.82425953465E+001
-6.82424815356E+001
-6.82938459124E+001
-6.82644869691E+001
-6.81905035743E+001
-6.82173833868E+001
-6.83394706505E+001
-6.82663513373E+001
-6.83047223382E+001
-6.83180667009E+001
-6.83939056774E+001
-6.83475506016E+001
-6.80870203201E+001
-6.80004079085E+001
-6.79465359163E+001
-6.78846488161E+001
-6.78829316893E+001
-6.78807306790E+001
-6.78814080456E+001
-6.78683402054E+001
-6.78694092447E+001
-6.79268139215E+001
-6.79559022370E+001
-6.79625647305E+001
-6.79267552198E+001
-6.80475416386E+001
-6.80781615031E+001
-6.80423755892E+001
-6.80576827384E+001
-6.80565542522E+001
-6.80712610954E+001
-6.81039820121E+001
-6.81504865903E+001
-6.81799271639E+001
-6.81639814411E+001
-6.80834546557E+001
-6.80754923642E+001
-6.81060517508E+001
-6.81051247408E+001
-6.80647812722E+001
-6.80637591957E+001
-6.80465536672E+001
-6.79771294658E+001
-6.78636403541E+001
-6.78615003369E+001
-6.78470808322E+001
-6.78106857198E+001
-6.78286143754E+001
-6.77451458908E+001
-6.77208272525E+001
-6.76799984036E+001
-6.77785460341E+001
-6.78154115372E+001
-6.78130622281E+001
-6.78302393105E+001
-6.77941200652E+001
-6.77774457098E+001
-6.76953978981E+001
-6.78309236522E+001
-6.78013150563E+001
-6.78232612028E+001
-6.78650593350E+001
-6.79378547032E+001
-6.78971299393E+001
-6.79239258532E+001
-6.78713917286E+001
-6.77778198666E+001
-6.79296450984E+001
-6.78176694302E+001
-6.77504772490E+001
-6.78382383553E+001
-6.78045439652E+001
-6.78868494256E+001
-6.78914581576E+001
-6.79022314516E+001
-6.78669231490E+001
-6.78778305603E+001
-6.77673257725E+001
-6.77863642400E+001
-6.78085976630E+001
-6.77204684773E+001
-6.77115678443E+001
-6.77256058035E+001
-6.77839798049E+001
-6.77186783300E+001
-6.77235472139E+001
-6.76920616288E+001
-6.75932511023E+001
-6.76389881252E+001
-6.76229961288E+001
-6.76111639529E+001
-6.74988438868E+001
-6.75160994459E+001
-6.75306086677E+001
-6.75491284916E+001
-6.76240829224E+001
-6.76467155015E+001
-6.76718726428E+001
-6.77167751543E+001
-6.77358920468E+001
-6.76383157850E+001
-6.77407657500E+001
-6.77428250966E+001
-6.77081794490E+001
-6.77329963327E+001
-6.77980248872E+001
-6.77560732301E+001
-6.76251483539E+001
-6.76635544982E+001
-6.76766050544E+001
-6.76824263537E+001
-6.76596168520E+001
-6.76611575445E+001
-6.77377428506E+001
-6.77740925898E+001
-6.77701933725E+001
-6.77481885133E+001
-6.77534185766E+001
-6.77107152143E+001
-6.76679305876E+001
-6.76746446626E+001
-6.77111822283E+001
-6.78006759093E+001
-6.78912881191E+001
-6.78159887065E+001
-6.77889978870E+001
-6.77647027866E+001
-6.78463396939E+001
-6.78170583527E+001
-6.78742559104E+001
-6.78783955334E+001
-6.79208721003E+001
-6.78858283451E+001
-6.79555162175E+001
-6.79547537883E+001
-6.80335934737E+001
-6.80615283779E+001
-6.80653964214E+001
-6.80722812925E+001
-6.82099593823E+001
-6.82155196838E+001
-6.82510123946E+001
-6.82814952000E+001
-6.82940457444E+001
-6.83271002173E+001
-6.83465273596E+001
-6.83203751894E+001
-6.82832842038E+001
-6.82625413272E+001
-6.82630099706E+001
-6.82161901668E+001
-6.81893739920E+001
-6.81946866209E+001
-6.81206600322E+001
-6.80651135786E+001
-6.81016701601E+001
-6.81537398992E+001
-6.80811022511E+001
-6.81985584821E+001
-6.81832526510E+001
-6.82020702941E+001
-6.82349375012E+001
-6.82806945040E+001
-6.83568740295E+001
-6.83583982666E+001
-6.83805551427E+001
-6.83506133352E+001
-6.83567739463E+001
-6.83933137533E+001
-6.83754807536E+001
-6.83483729662E+001
-6.83362832377E+001
-6.82684112633E+001
-6.82793169854E+001
-6.82000864428E+001
-6.82544300520E+001
-6.81184589565E+001
-6.80497030549E+001
-6.80241503914E+001
-6.80006521104E+001
-6.80203760285E+001
-6.80203532240E+001
-6.79490442664E+001
-6.79181475326E+001
-6.78512770204E+001
-6.78530300885E+001
-6.79077150380E+001
-6.80627041226E+001
-6.80386314061E+001
-6.80436106713E+001
-6.80611672171E+001
-6.80292910312E+001
-6.80540874455E+001
-6.80877049017E+001
-6.80867205047E+001
-6.80042637017E+001
-6.80868164139E+001
-6.80907837655E+001
-6.81005137333E+001
-6.81142666143E+001
-6.81288479820E+001
-6.81383345206E+001
-6.80925766078E+001
-6.80570929840E+001
-6.80886950088E+001
-6.80164976551E+001
-6.80154047896E+001
-6.80197446456E+001
-6.80105920443E+001
-6.79203242782E+001
-6.79423643972E+001
-6.80123029787E+001
-6.79697171658E+001
-6.79427692161E+001
-6.79690569736E+001
-6.79188903868E+001
-6.79419255642E+001
-6.79539627194E+001
-6.78129839104E+001
-6.78653761410E+001
-6.78253831194E+001
-6.77819893311E+001
-6.77721443591E+001
-6.77004684677E+001
-6.76744761907E+001
-6.77362977122E+001
-6.77667101048E+001
-6.77632840426E+001
-6.77971229206E+001
-6.78220562059E+001
-6.78706079919E+001
-6.78601864530E+001
-6.78448840585E+001
-6.78497379137E+001
-6.78262948872E+001
-6.78130413825E+001
-6.78127550054E+001
-6.79400861395E+001
-6.79184280012E+001
-6.78723364493E+001
-6.79113069259E+001
-6.79135297356E+001
-6.79298878541E+001
-6.78891330511E+001
-6.79179090029E+001
-6.79220229317E+001
-6.78908133032E+001
-6.78522786057E+001
-6.78579911646E+001
-6.78622350598E+001
-6.78362468445E+001
-6.79222530610E+001
-6.78639144156E+001
-6.78970171216E+001
-6.78976784944E+001
-6.77960674679E+001
-6.77098771016E+001
-6.77711740751E+001
-6.78414882864E+001
-6.77836653843E+001
-6.77773074816E+001
-6.78817758968E+001
-6.78728772195E+001
-6.79131966229E+001
-6.78648144150E+001
-6.78179962593E+001
-6.78171593750E+001
-6.77858619889E+001
-6.77734702042E+001
-6.77784221545E+001
-6.78173948963E+001
-6.78985176418E+001
-6.78861353415E+001
-6.78498053434E+001
-6.77342725292E+001
-6.77492121834E+001
-6.78165347690E+001
-6.77802648787E+001
-6.77711389500E+001
-6.78133581258E+001
-6.77859720810E+001
-6.77726524609E+001
-6.77389169514E+001
-6.77732971472E+001
-6.77833333300E+001
-6.77256481564E+001
-6.77316163010E+001
-6.76992728885E+001
-6.77408989609E+001
-6.78070017564E+001
-6.76765212251E+001
-6.77569923828E+001
-6.77872537558E+001
-6.77785368414E+001
-6.78284970593E+001
-6.77919406426E+001
-6.77671718159E+001
-6.78388285048E+001
-6.78898802606E+001
-6.79278862615E+001
-6.79672958898E+001
-6.79828922673E+001
-6.80217072026E+001
-6.80197412669E+001
-6.80110411268E+001
-6.80333711998E+001
-6.79967185195E+001
-6.79467261939E+001
-6.78652262709E+001
-6.77378958334E+001
-6.77814893063E+001
-6.77630202279E+001
-6.76746173203E+001
-6.76710700736E+001
-6.76400818147E+001
-6.76558053009E+001
-6.76224178399E+001
-6.76428071230E+001
-6.76220815679E+001
-6.76054512721E+001
-6.76658787973E+001
-6.76621409898E+001
-6.77401800184E+001
-6.77671236043E+001
-6.77643654254E+001
-6.77542047506E+001
-6.76839109147E+001
-6.77170026512E+001
-6.77355852679E+001
-6.77289176096E+001
-6.78964285070E+001
-6.79570320513E+001
-6.79648043297E+001
-6.79887833867E+001
-6.80763121850E+001
-6.80834067716E+001
-6.81321291552E+001
-6.81585602802E+001
-6.80406980208E+001
-6.80751876868E+001
-6.81243591194E+001
-6.81344811222E+001
-6.81591851390E+001
-6.81162144094E+001
-6.81188600824E+001
-6.82213330082E+001
-6.83334453632E+001
-6.82890857897E+001
-6.83413490771E+001
-6.83053334171E+001
-6.83059144479E+001
-6.82617832908E+001
-6.82338519312E+001
-6.81902962335E+001
-6.82289133494E+001
-6.82412263707E+001
-6.82807279560E+001
-6.82601310607E+001
-6.82227279841E+001
-6.82214603839E+001
-6.82096390998E+001
-6.82926568987E+001
-6.81312258733E+001
-6.81543417743E+001
-6.81304438540E+001
-6.81538554295E+001
-6.81493180899E+001
-6.82412651035E+001
-6.83547252572E+001
-6.83198524071E+001
-6.84330689870E+001
-6.84484088068E+001
-6.84989628904E+001
-6.85842243169E+001
-6.86393843597E+001
-6.87859292083E+001
-6.87165606390E+001
-6.86961553872E+001
-6.87726765514E+001
-6.87375814382E+001
-6.87951275547E+001
-6.87805448760E+001
-6.88390203403E+001
-6.89117650032E+001
-6.89142384146E+001
-6.88878330965E+001
-6.89210315962E+001
-6.89748507168E+001
-6.88312972220E+001
-6.88655017908E+001
-6.88894623530E+001
-6.89311514499E+001
-6.89716435539E+001
-6.90584055398E+001
-6.90842680828E+001
-6.90289242074E+001
-6.89949301340E+001
-6.89291407836E+001
-6.89321338214E+001
-6.88765371081E+001
-6.88413483529E+001
-6.88681827189E+001
-6.88028968758E+001
-6.87695837184E+001
-6.87003002996E+001
-6.86489254172E+001
-6.86196635225E+001
-6.85700512217E+001
-6.85148599817E+001
-6.84421803224E+001
-6.84456769268E+001
-6.83810633742E+001
-6.82049421678E+001
-6.81585236483E+001
-6.80765319331E+001
-6.80007055861E+001
-6.79856833263E+001
-6.79070768080E+001
-6.78675767038E+001
-6.78148465029E+001
-6.78018002875E+001
-6.77506305028E+001
-6.76325381075E+001
-6.76009812727E+001
-6.75608372175E+001
-6.75265518334E+001
-6.74483850654E+001
-6.73954970390E+001
-6.74193603267E+001
-6.73438139407E+001
-6.72065937736E+001
-6.71768734709E+001
-6.71122856305E+001
-6.70916937622E+001
-6.70169464729E+001
-6.69500605381E+001
-6.69242422082E+001
-6.68354100854E+001
-6.68053951880E+001
-6.67771364540E+001
-6.66942802094E+001
-6.66647625347E+001
-6.65493028132E+001
-6.64872869479E+001
-6.64059293717E+001
-6.63277368936E+001
-6.62929082685E+001
-6.62787158038E+001
-6.62016632074E+001
-6.61319294449E+001
-6.61027637347E+001
-6.60285437767E+001
-6.59958004905E+001
-6.59566312907E+001
-6.59633210365E+001
-6.59447623786E+001
-6.59325203438E+001
-6.59162003651E+001
-6.58925650231E+001
-6.58815203583E+001
-6.58390136612E+001
-6.57681128374E+001
-6.57090481088E+001
-6.56704915979E+001
-6.55965771173E+001
-6.55029194871E+001
-6.54583204260E+001
-6.54321081913E+001
-6.53808105635E+001
-6.53610995949E+001
-6.53058788697E+001
-6.52106966996E+001
-6.51684224859E+001
-6.51028925978E+001
-6.50764966126E+001
-6.50076441053E+001
-6.49994232349E+001
-6.49962665617E+001
-6.49134790522E+001
-6.48831220670E+001
-6.48427525361E+001
-6.46403036220E+001
-6.45375655908E+001
-6.44769718335E+001
-6.44422226454E+001
-6.43371426292E+001
-6.42894998985E+001
-6.41894227524E+001
-6.41258085280E+001
-6.40600998239E+001
-6.40421188380E+001
-6.40093748273E+001
-6.39309260673E+001
-6.38898306603E+001
-6.38583619537E+001
-6.38049264042E+001
-6.36707435914E+001
-6.35695673845E+001
-6.35607875719E+001
-6.34887562737E+001
-6.34654792273E+001
-6.34247459554E+001
-6.34024626274E+001
-6.33654033517E+001
-6.33076680671E+001
-6.32356889207E+001
-6.31498695088E+001
-6.31001828364E+001
-6.30358621209E+001
-6.29995672117E+001
-6.29529720755E+001
-6.28947314485E+001
-6.27734007074E+001
-6.27661570620E+001
-6.27321566310E+001
-6.27108415363E+001
-6.26608067795E+001
-6.26426250186E+001
-6.25287055916E+001
-6.24292326683E+001
-6.23688754303E+001
-6.21970017337E+001
-6.21601515531E+001
-6.21317471338E+001
-6.20055567596E+001
-6.19179490789E+001
-6.17303325943E+001
-6.16849429967E+001
-6.16468803069E+001
-6.15503268910E+001
-6.14857742081E+001
-6.13173794058E+001
-6.12570641937E+001
-6.11660966059E+001
-6.10709178131E+001
-6.09934490480E+001
-6.09585362058E+001
-6.09265690481E+001
-6.08383529169E+001
-6.08119446477E+001
-6.07500093527E+001
-6.07069561651E+001
-6.06705956915E+001
-6.06040848608E+001
-6.04868271591E+001
-6.04364729942E+001
-6.04056639408E+001
-6.03761042213E+001
-6.03812053518E+001
-6.03559302874E+001
-6.03758165279E+001
-6.03650225305E+001
-6.03329485749E+001
-6.03073831482E+001
-6.02911849813E+001
-6.03357164071E+001
-6.03274093777E+001
-6.03302324975E+001
-6.03400098178E+001
-6.03436133158E+001
-6.03135554088E+001
-6.03158137707E+001
-6.03609768707E+001
-6.03653656492E+001
-6.03902741030E+001
-6.04214316928E+001
-6.04098237850E+001
-6.04580034509E+001
-6.04988983799E+001
-6.05226824265E+001
-6.05149544187E+001
-6.05523635144E+001
-6.05586657798E+001
-6.05560470610E+001
-6.05708655636E+001
-6.05844440438E+001
-6.05720677668E+001
-6.05859451596E+001
-6.05859582897E+001
-6.05824811033E+001
-6.05813177690E+001
-6.05804521979E+001
-6.05583162175E+001
-6.05975606678E+001
-6.05832320571E+001
-6.05850898494E+001
-6.05712284722E+001
-6.05502901554E+001
-6.05970139203E+001
-6.06019665769E+001
-6.05314067143E+001
-6.05032311066E+001
-6.04856009635E+001
-6.04819178298E+001
-6.04883937923E+001
-6.05166581280E+001
-6.05457242401E+001
-6.05387760911E+001
-6.05183393907E+001
-6.05022679312E+001
-6.04748797352E+001
-6.04785398758E+001
-6.04562534052E+001
-6.04534551616E+001
-6.04245191581E+001
-6.04697256208E+001
-6.04610170508E+001
-6.04498438514E+001
-6.04753441158E+001
-6.04579449145E+001
-6.04906385594E+001
-6.04866677527E+001
-6.04877578638E+001
-6.04915378608E+001
-6.05002216953E+001
-6.05071740238E+001
-6.05036055244E+001
-6.04688483093E+001
-6.04157623392E+001
-6.04275826959E+001
-6.04297900986E+001
-6.04366055178E+001
-6.04265712821E+001
-6.04540920316E+001
-6.04418636322E+001
-6.04204236206E+001
-6.04273076358E+001
-6.04221736945E+001
-6.03786535633E+001
-6.03830226184E+001
-6.03675240284E+001
-6.04149263378E+001
-6.04339218350E+001
-6.04194785468E+001
-6.04210186755E+001
-6.04061336850E+001
-6.03739818588E+001
-6.03749740475E+001
-6.03719485848E+001
-6.03357483794E+001
-6.03937872025E+001
-6.03350071106E+001
-6.02377633759E+001
-6.02939408308E+001
-6.03278948483E+001
-6.03328486714E+001
-6.03529849921E+001
-6.03884891259E+001
-6.03587981147E+001
-6.03024415098E+001
-6.03003226342E+001
-6.02910849846E+001
-6.02642462508E+001
-6.03142189522E+001
-6.03353123925E+001
-6.03361715869E+001
-6.03328287012E+001
-6.03006683278E+001
-6.02915639870E+001
-6.03155389533E+001
-6.03372889466E+001
-6.03574122838E+001
-6.03607064024E+001
-6.03741226506E+001
-6.03924255255E+001
-6.03972393004E+001
-6.03768226860E+001
-6.04134146037E+001
-6.03842159437E+001
-6.03880741820E+001
-6.03856722666E+001
-6.03838361340E+001
-6.03861711369E+001
-6.03791041299E+001
-6.03055946265E+001
-6.03092996254E+001
-6.02844150636E+001
-6.03143930918E+001
-6.02951593211E+001
-6.03214406836E+001
-6.02767121322E+001
-6.02959144460E+001
-6.03415198604E+001
-6.03320640152E+001
-6.03022220715E+001
-6.02973994046E+001
-6.03303728414E+001
-6.03314053797E+001
-6.03174413697E+001
-6.03167428698E+001
-6.03032536869E+001
-6.03039858890E+001
-6.03174063069E+001
-6.02779506924E+001
-6.02786321302E+001
-6.02655705553E+001
-6.02683390931E+001
-6.03003763513E+001
-6.03181940311E+001
-6.03426243444E+001
-6.04006068922E+001
-6.04151163641E+001
-6.04064049358E+001
-6.04112886526E+001
-6.04157080272E+001
-6.04605607728E+001
-6.04442447648E+001
-6.04858244791E+001
-6.05099090230E+001
-6.05130276307E+001
-6.05008906277E+001
-6.04967183554E+001
-6.05703526070E+001
-6.05792065644E+001
-6.05680338945E+001
-6.06069603356E+001
-6.05865794808E+001
-6.05939904194E+001
-6.05550104960E+001
-6.05825026649E+001
-6.05735943167E+001
-6.05919719910E+001
-6.05830920936E+001
-6.05726876794E+001
-6.05688809928E+001
-6.05654024174E+001
-6.05488489162E+001
-6.05552502932E+001
-6.05622243028E+001
-6.05553358108E+001
-6.05609745536E+001
-6.06022349551E+001
-6.06539490610E+001
-6.06986874969E+001
-6.07807406945E+001
-6.08235271207E+001
-6.08647555471E+001
-6.09406492049E+001
-6.09839711370E+001
-6.09726700104E+001
-6.10072702809E+001
-6.10257237440E+001
-6.11048238863E+001
-6.11092378682E+001
-6.11582502786E+001
-6.11899006970E+001
-6.12095151505E+001
-6.11991574532E+001
-6.12318023019E+001
-6.12907752221E+001
-6.13485068062E+001
-6.14699390041E+001
-6.14683774957E+001
-6.15823659993E+001
-6.16054856127E+001
-6.16157340610E+001
-6.16133647237E+001
-6.16454225622E+001
-6.17108372262E+001
-6.17062664419E+001
-6.17962579435E+001
-6.17953364270E+001
-6.18425813296E+001
-6.19373535069E+001
-6.19777606219E+001
-6.19853630962E+001
-6.20455764473E+001
-6.20833361469E+001
-6.21466165805E+001
-6.22459439170E+001
-6.22731912812E+001
-6.23287908592E+001
-6.24077092010E+001
-6.25246891162E+001
-6.24898344271E+001
-6.24755367795E+001
-6.25259366675E+001
-6.26971157793E+001
-6.27296329904E+001
-6.28522915502E+001
-6.29505905825E+001
-6.30408782378E+001
-6.30181733476E+001
-6.30683997110E+001
-6.30876304716E+001
-6.30987227555E+001
-6.31235614623E+001
-6.31532005448E+001
-6.32014093203E+001
-6.32314603680E+001
-6.32498018764E+001
-6.33149672556E+001
-6.33592578526E+001
-6.33875067033E+001
-6.33991409180E+001
-6.33942539738E+001
-6.34536901800E+001
-6.35388238253E+001
-6.35278728466E+001
-6.35929726050E+001
-6.36476552183E+001
-6.36794358634E+001
-6.37820283722E+001
-6.38189315854E+001
-6.38027985862E+001
-6.37935730089E+001
-6.39163335721E+001
-6.39661861623E+001
-6.40355059343E+001
-6.40420163811E+001
-6.40785672485E+001
-6.41485995853E+001
-6.41777261227E+001
-6.42016265222E+001
-6.41974379616E+001
-6.42657675535E+001
-6.42818942278E+001
-6.43467889822E+001
-6.43521000588E+001
-6.43942844763E+001
-6.44018909326E+001
-6.44141026495E+001
-6.44605066367E+001
-6.45128929006E+001
-6.45706751949E+001
-6.46105996963E+001
-6.46819677065E+001
-6.47046135302E+001
-6.47431608132E+001
-6.47904573500E+001
-6.49451295919E+001
-6.49979687922E+001
-6.50235077732E+001
-6.50253677038E+001
-6.50608096022E+001
-6.50915879126E+001
-6.51460534145E+001
-6.51544608159E+001
-6.52344666601E+001
-6.52653082139E+001
-6.53351358805E+001
-6.53449019794E+001
-6.54222829727E+001
-6.55042001741E+001
-6.56034421344E+001
-6.57661655032E+001
-6.58103717979E+001
-6.58545918890E+001
-6.58659034794E+001
-6.58894659485E+001
-6.59503443261E+001
-6.59552403172E+001
-6.59456505104E+001
-6.60150580613E+001
-6.60707953421E+001
-6.61714260876E+001
-6.62267477286E+001
-6.62357985630E+001
-6.63174255906E+001
-6.64168455009E+001
-6.64741543827E+001
-6.66038155240E+001
-6.66444340451E+001
-6.65499107765E+001
-6.65396991362E+001
-6.66069630795E+001
-6.66176455765E+001
-6.66604863127E+001
-6.66990725219E+001
-6.67046072175E+001
-6.66535154101E+001
-6.67450361709E+001
-6.67319577489E+001
-6.67372253013E+001
-6.67745458123E+001
-6.69100341695E+001
-6.68915334937E+001
-6.69149092629E+001
-6.70104754437E+001
-6.70488284248E+001
-6.71374727022E+001
-6.71318352034E+001
-6.71080379113E+001
-6.71191328511E+001
-6.70966226688E+001
-6.70165416137E+001
-6.70107105883E+001
-6.70387514005E+001
-6.69809169875E+001
-6.71655006102E+001
-6.72050782262E+001
-6.72186341184E+001
-6.72712062404E+001
-6.72620901148E+001
-6.73025920099E+001
-6.72958568379E+001
-6.73373228379E+001
-6.72976824542E+001
-6.73126518072E+001
-6.73196497599E+001
-6.73674147581E+001
-6.73212621977E+001
-6.72492878329E+001
-6.72612447934E+001
-6.72782808273E+001
-6.72727993786E+001
-6.72981487889E+001
-6.72499959275E+001
-6.72660345936E+001
-6.72393850262E+001
-6.73290534677E+001
-6.72811936956E+001
-6.72623298084E+001
-6.72615181171E+001
-6.72523863704E+001
-6.72785710092E+001
-6.73086036662E+001
-6.73049071158E+001
-6.72868072999E+001
-6.72698103028E+001
-6.72181248339E+001
-6.71846621552E+001
-6.71890499444E+001
-6.71084563147E+001
-6.70344539384E+001
-6.70998912931E+001
-6.71106197166E+001
-6.70947941186E+001
-6.69563144999E+001
-6.69317162855E+001
-6.68746596003E+001
-6.68633984266E+001
-6.67864193056E+001
-6.67973786897E+001
-6.67494917365E+001
-6.67484853587E+001
-6.67820412360E+001
-6.68657995525E+001
-6.68385499759E+001
-6.68520083957E+001
-6.68777425708E+001
-6.69608779010E+001
-6.68634087137E+001
-6.68366178376E+001
-6.68420697337E+001
-6.68139920535E+001
-6.68305577138E+001
-6.68116501789E+001
-6.67409798411E+001
-6.67741513091E+001
-6.69028553213E+001
-6.68786933786E+001
-6.68782994128E+001
-6.67728171852E+001
-6.67675925139E+001
-6.67648477992E+001
-6.67661462930E+001
-6.66828880391E+001
-6.67023897701E+001
-6.66790890805E+001
-6.66866373030E+001
-6.66602407628E+001
-6.65705262831E+001
-6.65979010478E+001
-6.65872372478E+001
-6.65838114640E+001
-6.65499200172E+001
-6.65426910255E+001
-6.65162253262E+001
-6.65207105363E+001
-6.65320658904E+001
-6.65959481124E+001
-6.65658249533E+001
-6.65748585445E+001
-6.65254165121E+001
-6.65830359742E+001
-6.65987755817E+001
-6.65477825975E+001
-6.66223096193E+001
-6.66221605859E+001
-6.66073946879E+001
-6.65110196185E+001
-6.65025239018E+001
-6.65144958818E+001
-6.65054230739E+001
-6.64965243850E+001
-6.65566811657E+001
-6.65529835045E+001
-6.65181327531E+001
-6.64712140125E+001
-6.64332018620E+001
-6.63879723723E+001
-6.64138911383E+001
-6.63777785076E+001
-6.62994269998E+001
-6.62443481051E+001
-6.61084093268E+001
-6.61089534096E+001
-6.61185953788E+001
-6.61681614952E+001
-6.61682136013E+001
-6.61073339840E+001
-6.60652457730E+001
-6.61520583460E+001
-6.61501272132E+001
-6.60994186226E+001
-6.60140598691E+001
-6.59486784940E+001
-6.59650751917E+001
-6.58681919683E+001
-6.57736874075E+001
-6.57325012728E+001
-6.56192725806E+001
-6.56229542749E+001
-6.56642032255E+001
-6.56520255753E+001
-6.56289904634E+001
-6.55631946518E+001
-6.55260329558E+001
-6.55314112955E+001
-6.55405068700E+001
-6.55679581198E+001
-6.56385666483E+001
-6.56378652118E+001
-6.55995888471E+001
-6.55945200452E+001
-6.55113250820E+001
-6.55528590900E+001
-6.55394881838E+001
-6.54560113933E+001
-6.54757846652E+001
-6.54285399019E+001
-6.54442715994E+001
-6.54158386821E+001
-6.54159727525E+001
-6.54386759475E+001
-6.54346653806E+001
-6.54162410064E+001
-6.53826001054E+001
-6.54008701577E+001
-6.52419211039E+001
-6.52022309689E+001
-6.51529608742E+001
-6.51380153427E+001
-6.51240010836E+001
-6.51569764341E+001
-6.52025109986E+001
-6.51947325271E+001
-6.52255956394E+001
-6.54095095511E+001
-6.53802112403E+001
-6.53297426226E+001
-6.53307789040E+001
-6.53325356834E+001
-6.53121231028E+001
-6.51896909728E+001
-6.52732152293E+001
-6.52694350638E+001
-6.52361605776E+001
-6.52201101953E+001
-6.52002716001E+001
-6.51331818388E+001
-6.51377684063E+001
-6.51524532709E+001
-6.51111164461E+001
-6.50231633900E+001
-6.49666949879E+001
-6.49590653737E+001
-6.49488979065E+001
-6.49520418850E+001
-6.49609515948E+001
-6.49503299801E+001
-6.49468052488E+001
-6.49445133984E+001
-6.49302970870E+001
-6.49651439769E+001
-6.49936589428E+001
-6.50258300023E+001
-6.49975016031E+001
-6.50193832274E+001
-6.50709727523E+001
-6.50392123487E+001
-6.49614426583E+001
-6.49908552140E+001
-6.50025713750E+001
-6.50005434498E+001
-6.49803205196E+001
-6.50025970416E+001
-6.49545971748E+001
-6.49716486889E+001
-6.49804019646E+001
-6.49205904118E+001
-6.48330919744E+001
-6.48213496450E+001
-6.48614662676E+001
-6.49113236844E+001
-6.49408459847E+001
-6.49206358461E+001
-6.49494101420E+001
-6.49569710968E+001
-6.49513188819E+001
-6.48012190261E+001
-6.48693501699E+001
-6.48587023344E+001
-6.49072164792E+001
-6.49273203454E+001
-6.49271198463E+001
-6.49406643366E+001
-6.49306816741E+001
-6.48785519242E+001
-6.48872296450E+001
-6.49079730647E+001
-6.48958473814E+001
-6.49148549086E+001
-6.48861648574E+001
-6.49112135602E+001
-6.49509856898E+001
-6.49708406139E+001
-6.50032333855E+001
-6.49941899585E+001
-6.49882137809E+001
-6.49452810516E+001
-6.48894821841E+001
-6.49250840514E+001
-6.49303553791E+001
-6.49725395901E+001
-6.48863501962E+001
-6.49130829673E+001
-6.49306979565E+001
-6.48610600381E+001
-6.48459557363E+001
-6.48629575197E+001
-6.48451712416E+001
-6.48779107442E+001
-6.48568926512E+001
-6.48647668179E+001
-6.49105423033E+001
-6.48387875735E+001
-6.48419404311E+001
-6.48417972373E+001
-6.48600625648E+001
-6.49302001611E+001
-6.49216479811E+001
-6.49118021915E+001
-6.48903708975E+001
-6.49157615396E+001
-6.48753015687E+001
-6.49190363730E+001
-6.49032079864E+001
-6.48538302434E+001
-6.48182847250E+001
-6.47912485408E+001
-6.48756488823E+001
-6.49111046835E+001
-6.49606059076E+001
-6.49568535536E+001
-6.49458451458E+001
-6.49451790484E+001
-6.49895406316E+001
-6.49568905221E+001
-6.49650330369E+001
-6.49962735468E+001
-6.51326974518E+001
-6.52075665120E+001
-6.52026472444E+001
-6.52893410543E+001
-6.53548002312E+001
-6.53977634836E+001
-6.54618162818E+001
-6.54893978152E+001
-6.55040522367E+001
-6.54925936760E+001
-6.55249297949E+001
-6.53924528435E+001
-6.54121553764E+001
-6.54188570749E+001
-6.54441402699E+001
-6.53993664926E+001
-6.53875887611E+001
-6.53883002877E+001
-6.54429228377E+001
-6.54361862306E+001
-6.54895897436E+001
-6.55243597993E+001
-6.56194753106E+001
-6.56960254334E+001
-6.56721731231E+001
-6.57295603701E+001
-6.57484429198E+001
-6.57166779147E+001
-6.56965054647E+001
-6.56415997551E+001
-6.56529297802E+001
-6.56731496566E+001
-6.56679289751E+001
-6.56506886612E+001
-6.55931322279E+001
-6.55094276512E+001
-6.55096731372E+001
-6.54741834000E+001
-6.53626158302E+001
-6.53876077456E+001
-6.53630031497E+001
-6.53445818478E+001
-6.53593617967E+001
-6.54285940851E+001
-6.54925715300E+001
-6.54075840620E+001
-6.54875102273E+001
-6.55871988338E+001
-6.55690812302E+001
-6.55649649809E+001
-6.56045893468E+001
-6.55554342812E+001
-6.55568392882E+001
-6.55652552983E+001
-6.56010647462E+001
-6.57974647113E+001
-6.58925452801E+001
-6.58897098028E+001
-6.58859067184E+001
-6.59373999591E+001
-6.59573316358E+001
-6.59612354950E+001
-6.60060222408E+001
-6.60343851885E+001
-6.60267395523E+001
-6.59500896477E+001
-6.59325438971E+001
-6.60010484879E+001
-6.59675208760E+001
-6.59502202530E+001
-6.59390823446E+001
-6.59894885854E+001
-6.59338014142E+001
-6.59449194280E+001
-6.59797311797E+001
-6.59758329178E+001
-6.59613088693E+001
-6.59601811764E+001
-6.59853991685E+001
-6.59778003289E+001
-6.59990645742E+001
-6.60119270184E+001
-6.60140433452E+001
-6.59808150088E+001
-6.59182414185E+001
-6.58580890923E+001
-6.58682865694E+001
-6.58625123925E+001
-6.58842420692E+001
-6.58472755695E+001
-6.58617026182E+001
-6.57965812353E+001
-6.58235011443E+001
-6.57808234810E+001
-6.57938765684E+001
-6.58064552593E+001
-6.57821776088E+001
-6.58190339363E+001
-6.58228863033E+001
-6.58317195023E+001
-6.58620933388E+001
-6.59143830783E+001
-6.58776366928E+001
-6.58719104365E+001
-6.58675098376E+001
-6.58521333013E+001
-6.58152844710E+001
-6.57872858059E+001
-6.58243872020E+001
-6.57931381949E+001
-6.58272889799E+001
-6.58255207625E+001
-6.58147149281E+001
-6.57638609375E+001
-6.57504066313E+001
-6.57700092165E+001
-6.57050127585E+001
-6.56970355292E+001
-6.57653430262E+001
-6.57396423533E+001
-6.57852219457E+001
-6.58044025261E+001
-6.57658978447E+001
-6.57601962489E+001
-6.57504027817E+001
-6.57982585373E+001
-6.58656377940E+001
-6.58225393854E+001
-6.58404846243E+001
-6.58452049762E+001
-6.58050497054E+001
-6.57918141090E+001
-6.57741923000E+001
-6.57883030579E+001
-6.57594489293E+001
-6.58418841322E+001
-6.57841257068E+001
-6.57945504374E+001
-6.58483014747E+001
-6.58660895901E+001
-6.59105157997E+001
-6.59440350990E+001
-6.59031224294E+001
-6.57565893225E+001
-6.57044991393E+001
-6.57540413620E+001
-6.57221109381E+001
-6.57067125901E+001
-6.57278316283E+001
-6.57531973112E+001
-6.56940744317E+001
-6.55715898225E+001
-6.56077813428E+001
-6.56441236499E+001
-6.55391482954E+001
-6.54993988784E+001
-6.54748913942E+001
-6.54544796083E+001
-6.54535505333E+001
-6.54099472784E+001
-6.54017004797E+001
-6.53911861127E+001
-6.53703040666E+001
-6.53887340171E+001
-6.54167045891E+001
-6.54712042000E+001
-6.55128458127E+001
-6.55639364431E+001
-6.55855318030E+001
-6.56328645423E+001
-6.56072853580E+001
-6.56168902152E+001
-6.55673190313E+001
-6.54952690620E+001
-6.54054414358E+001
-6.53917559322E+001
-6.53693955404E+001
-6.53728046501E+001
-6.54040726354E+001
-6.54334969188E+001
-6.54896655166E+001
-6.54607889740E+001
-6.54453424555E+001
-6.54270283985E+001
-6.55203109941E+001
-6.56650761041E+001
-6.56998433821E+001
-6.56957386519E+001
-6.57144706890E+001
-6.56264723079E+001
-6.56186152295E+001
-6.56147141430E+001
-6.56183868002E+001
-6.56202365631E+001
-6.55455020933E+001
-6.55202965502E+001
-6.55837673901E+001
-6.54820556209E+001
-6.53979010282E+001
-6.54853221373E+001
-6.55637877996E+001
-6.55201629287E+001
-6.55376993489E+001
-6.55204971995E+001
-6.55578312290E+001
-6.55064290596E+001
-6.53371080963E+001
-6.52022055599E+001
-6.51800524847E+001
-6.53058061056E+001
-6.52694792980E+001
-6.52298964891E+001
-6.52841267065E+001
-6.52503761527E+001
-6.52568115481E+001
-6.52433957177E+001
-6.52883351001E+001
-6.52873938696E+001
-6.52464181718E+001
-6.52455204112E+001
-6.52165093869E+001
-6.52082978177E+001
-6.51886512199E+001
-6.52142725735E+001
-6.52204716351E+001
-6.51751132251E+001
-6.51734780744E+001
-6.51499570307E+001
-6.51494725929E+001
-6.51383206202E+001
-6.51257561665E+001
-6.51515530403E+001
-6.51429689777E+001
-6.51458569648E+001
-6.51903409761E+001
-6.52125693067E+001
-6.52191599834E+001
-6.52132717298E+001
-6.51666678300E+001
-6.51702183131E+001
-6.52020466631E+001
-6.52080859416E+001
-6.52281502647E+001
-6.52133921319E+001
-6.52490728781E+001
-6.52517397203E+001
-6.52378009453E+001
-6.52567661386E+001
-6.52167873544E+001
-6.52682206573E+001
-6.52476423405E+001
-6.51865242744E+001
-6.51253968113E+001
-6.51500620229E+001
-6.51859537274E+001
-6.51929697189E+001
-6.52325923526E+001
-6.52297512494E+001
-6.52246683856E+001
-6.51832820559E+001
-6.52261195916E+001
-6.52314229373E+001
-6.52313030282E+001
-6.52091619754E+001
-6.52123838501E+001
-6.52025052262E+001
-6.51818401559E+001
-6.52079410469E+001
-6.52389563734E+001
-6.51806344877E+001
-6.51950250996E+001
-6.51787482093E+001
-6.51553605383E+001
-6.51468200023E+001
-6.51457924401E+001
-6.52136591617E+001
-6.51407998854E+001
-6.50994511884E+001
-6.51544350014E+001
-6.51184976672E+001
-6.51395791476E+001
-6.51175205730E+001
-6.51473690874E+001
-6.51584545744E+001
-6.51100877698E+001
-6.51208569375E+001
-6.50698450047E+001
-6.51070442188E+001
-6.51003707555E+001
-6.50613416063E+001
-6.50712594534E+001
-6.50344634814E+001
-6.49357955515E+001
-6.49420567097E+001
-6.49549979444E+001
-6.49687831227E+001
-6.49266620985E+001
-6.49543978286E+001
-6.49470781815E+001
-6.49070234133E+001
-6.49041008406E+001
-6.49213031229E+001
-6.48787117398E+001
-6.48216264245E+001
-6.47679333241E+001
-6.47750221898E+001
-6.47304553544E+001
-6.46994769053E+001
-6.47122698225E+001
-6.47157971212E+001
-6.47081183099E+001
-6.47222935051E+001
-6.46724528549E+001
-6.46957859923E+001
-6.46863638787E+001
-6.46596363965E+001
-6.45881037055E+001
-6.45788894009E+001
-6.45102939622E+001
-6.44995004468E+001
-6.44468679340E+001
-6.44582638674E+001
-6.43721020863E+001
-6.44065603675E+001
-6.44054042492E+001
-6.44392279036E+001
-6.44517770633E+001
-6.44175486661E+001
-6.43997480725E+001
-6.43972610109E+001
-6.43819244241E+001
-6.43456738142E+001
-6.43458365817E+001
-6.43893336397E+001
-6.43832925159E+001
-6.42920459802E+001
-6.41594442680E+001
-6.41728415591E+001
-6.41251838946E+001
-6.41221888017E+001
-6.41148238694E+001
-6.40828994451E+001
-6.40671236143E+001
-6.40597278439E+001
-6.40368684639E+001
-6.40175302682E+001
-6.40681820858E+001
-6.40263908541E+001
-6.40192994193E+001
-6.40399288229E+001
-6.39818433193E+001
-6.38680961932E+001
-6.38432226123E+001
-6.38137529466E+001
-6.38223452626E+001
-6.37767360151E+001
-6.37767751528E+001
-6.37211032466E+001
-6.37058614073E+001
-6.37117861982E+001
-6.35935639123E+001
-6.35969996893E+001
-6.35990447966E+001
-6.35442504996E+001
-6.35251436374E+001
-6.35676588729E+001
-6.35405800272E+001
-6.34952061648E+001
-6.34895337359E+001
-6.34549201573E+001
-6.34419418234E+001
-6.34274285555E+001
-6.34480642829E+001
-6.34541454071E+001
-6.34338406807E+001
-6.34168359312E+001
-6.34490426949E+001
-6.34301247503E+001
-6.34069753781E+001
-6.33552521946E+001
-6.33409153974E+001
-6.33028885456E+001
-6.32674657872E+001
-6.32828904263E+001
-6.32835423289E+001
-6.32552456488E+001
-6.32224417670E+001
-6.32530798645E+001
-6.32495967901E+001
-6.32598011985E+001
-6.32330047612E+001
-6.32235423010E+001
-6.31864311270E+001
-6.31701282290E+001
-6.31547317688E+001
-6.31346485487E+001
-6.30819168802E+001
-6.30960196948E+001
-6.30829383548E+001
-6.31627583050E+001
-6.31391661285E+001
-6.31365204927E+001
-6.31589007572E+001
-6.31632405237E+001
-6.31386394877E+001
-6.31006653328E+001
-6.30626930165E+001
-6.30358111990E+001
-6.30362889739E+001
-6.31090484947E+001
-6.31006747956E+001
-6.30553925763E+001
-6.30216998980E+001
-6.30309608611E+001
-6.31215836826E+001
-6.31840530670E+001
-6.31402860523E+001
-6.31069985202E+001
-6.31079187766E+001
-6.31182691417E+001
-6.31115368270E+001
-6.31120370419E+001
-6.30650642247E+001
-6.30480934367E+001
-6.30563563468E+001
-6.30415289192E+001
-6.29769823728E+001
-6.29486647376E+001
-6.29567409840E+001
-6.29116365476E+001
-6.29167858211E+001
-6.28678155765E+001
-6.28458369115E+001
-6.28100702093E+001
-6.28113678238E+001
-6.28513097083E+001
-6.28341076838E+001
-6.28163979493E+001
-6.28081296453E+001
-6.28269126541E+001
-6.28397238123E+001
-6.27707818091E+001
-6.27770800132E+001
-6.27732179744E+001
-6.27607623812E+001
-6.27718921149E+001
-6.28175569827E+001
-6.28099203976E+001
-6.27858104047E+001
-6.27740425921E+001
-6.28177224529E+001
-6.28279558507E+001
-6.28011936334E+001
-6.28264267482E+001
-6.27825786816E+001
-6.27990558516E+001
-6.27624839170E+001
-6.27552657147E+001
-6.27953365894E+001
-6.27637639499E+001
-6.27270592494E+001
-6.27620435574E+001
-6.27567518529E+001
-6.27701646011E+001
-6.27721840633E+001
-6.27744939359E+001
-6.27467514476E+001
-6.27128166222E+001
-6.26947671747E+001
-6.26997959384E+001
-6.27175465659E+001
-6.26651050553E+001
-6.26962149179E+001
-6.27198347387E+001
-6.26700771761E+001
-6.26647192012E+001
-6.26263695020E+001
-6.26833312554E+001
-6.26928183528E+001
-6.27116789525E+001
-6.27062637060E+001
-6.26823368889E+001
-6.27173038045E+001
-6.27101175601E+001
-6.26936210172E+001
-6.26764744021E+001
-6.26733060768E+001
-6.27464976058E+001
-6.27334413028E+001
-6.27072959502E+001
-6.26919598811E+001
-6.26972886736E+001
-6.27195348698E+001
-6.27484211854E+001
-6.27463281487E+001
-6.27400956830E+001
-6.27765666432E+001
-6.27014897638E+001
-6.26708442286E+001
-6.26767525954E+001
-6.26706509128E+001
-6.26381055224E+001
-6.26817559438E+001
-6.27143580602E+001
-6.27500775673E+001
-6.27602448949E+001
-6.27538926400E+001
-6.27700935328E+001
-6.27802588372E+001
-6.28537833877E+001
-6.28465750610E+001
-6.28654142577E+001
-6.28334883759E+001
-6.28288367501E+001
-6.28180791913E+001
-6.28403140943E+001
-6.27934186346E+001
-6.27610251913E+001
-6.27629064945E+001
-6.28357004222E+001
-6.28714933325E+001
-6.29018961707E+001
-6.28914568962E+001
-6.28870448092E+001
-6.28677717112E+001
-6.28615005648E+001
-6.28529385158E+001
-6.28351622525E+001
-6.28645371572E+001
-6.28890724990E+001
-6.28826753655E+001
-6.28541742924E+001
-6.28615714147E+001
-6.28584984070E+001
-6.28381088213E+001
-6.28329099999E+001
-6.27978095798E+001
-6.28112255809E+001
-6.27729911386E+001
-6.28050789559E+001
-6.28220730870E+001
-6.28099223015E+001
-6.28031467204E+001
-6.27772647518E+001
-6.27769495650E+001
-6.28014533896E+001
-6.27980905825E+001
-6.27954543695E+001
-6.27948299346E+001
-6.27987933473E+001
-6.27124620944E+001
-6.27021485885E+001
-6.27195354115E+001
-6.27014976666E+001
-6.27208404074E+001
-6.27793174539E+001
-6.27691863969E+001
-6.27912586075E+001
-6.27625461956E+001
-6.27580804163E+001
-6.26968120362E+001
-6.26876211439E+001
-6.26794096838E+001
-6.26653745559E+001
-6.26403880587E+001
-6.25956185218E+001
-6.25505011092E+001
-6.26280866768E+001
-6.26752343963E+001
-6.26996871867E+001
-6.26591519993E+001
-6.27155347917E+001
-6.27031501595E+001
-6.27379278600E+001
-6.27911421660E+001
-6.28505654837E+001
-6.29045729940E+001
-6.29005087703E+001
-6.29466480279E+001
-6.29804816260E+001
-6.30308264056E+001
-6.30364676947E+001
-6.30764471080E+001
-6.31368653854E+001
-6.31748767116E+001
-6.31910263871E+001
-6.32139885544E+001
-6.32759161383E+001
-6.33381148149E+001
-6.33431751568E+001
-6.33263547309E+001
-6.33396825310E+001
-6.33433827407E+001
-6.33524992154E+001
-6.33608141401E+001
-6.33814213621E+001
-6.33663314782E+001
-6.33520816487E+001
-6.33579591767E+001
-6.33957307284E+001
-6.33603848469E+001
-6.33781174243E+001
-6.33498843104E+001
-6.33767025942E+001
-6.33628720582E+001
-6.34037055024E+001
-6.33801038279E+001
-6.34157274511E+001
-6.34780503311E+001
-6.35202586737E+001
-6.35414651505E+001
-6.35768212684E+001
-6.35448596023E+001
-6.35647711170E+001
-6.35412230489E+001
-6.35254802879E+001
-6.35409272402E+001
-6.35821955478E+001
-6.36065133891E+001
-6.36084575050E+001
-6.36252445589E+001
-6.36374150305E+001
-6.36833334589E+001
-6.36938477253E+001
-6.36763915305E+001
-6.37375540515E+001
-6.37402186857E+001
-6.37454864710E+001
-6.37063829799E+001
-6.37258268004E+001
-6.37366685856E+001
-6.37345085884E+001
-6.37401858954E+001
-6.36982556181E+001
-6.37378684159E+001
-6.37167646235E+001
-6.37490739842E+001
-6.37466218405E+001
-6.36560661038E+001
-6.37272553347E+001
-6.37936635171E+001
-6.38014812804E+001
-6.38471306496E+001
-6.38518706866E+001
-6.38613165347E+001
-6.38547933155E+001
-6.38399482573E+001
-6.38651933652E+001
-6.39005863940E+001
-6.39667326610E+001
-6.40025871906E+001
-6.40183157648E+001
-6.42520303686E+001
-6.42545258706E+001
-6.42526899747E+001
-6.42270546798E+001
-6.42083272408E+001
-6.42671478369E+001
-6.42548587759E+001
-6.43163108352E+001
-6.42609388306E+001
-6.42867345928E+001
-6.42822575488E+001
-6.43113611382E+001
-6.43742603060E+001
-6.44096171301E+001
-6.44652800071E+001
-6.45047719046E+001
-6.45308276143E+001
-6.45798386795E+001
-6.44948632974E+001
-6.44815068644E+001
-6.44726299349E+001
-6.44960972122E+001
-6.45184968941E+001
-6.45373646668E+001
-6.45257692021E+001
-6.45514808285E+001
-6.45966501646E+001
-6.46040763976E+001
-6.45998255682E+001
-6.46541322111E+001
-6.46654579669E+001
-6.46915482575E+001
-6.46991933102E+001
-6.46808064060E+001
-6.46695570090E+001
-6.46976698092E+001
-6.47542147389E+001
-6.48278026743E+001
-6.47919027517E+001
-6.48251349990E+001
-6.48518103684E+001
-6.48736224583E+001
-6.49708832214E+001
-6.49799634007E+001
-6.49618703039E+001
-6.49470238904E+001
-6.49955746014E+001
-6.50030761471E+001
-6.50188717713E+001
-6.50097860130E+001
-6.50445369303E+001
-6.50296174254E+001
-6.50785174046E+001
-6.50772141665E+001
-6.50340389731E+001
-6.50914795281E+001
-6.51014192718E+001
-6.51283482813E+001
-6.51495883480E+001
-6.51395513366E+001
-6.51665094362E+001
-6.52184139223E+001
-6.52487629414E+001
-6.53490573983E+001
-6.53420527091E+001
-6.53757278282E+001
-6.53617512196E+001
-6.53390206199E+001
-6.53143081292E+001
-6.52877908648E+001
-6.52612932108E+001
-6.52452637072E+001
-6.51960395086E+001
-6.52049710898E+001
-6.51256074297E+001
-6.50825309996E+001
-6.50986310363E+001
-6.50249599524E+001
-6.49947202000E+001
-6.49642811936E+001
-6.50991331114E+001
-6.51092972734E+001
-6.51162041568E+001
-6.50906886568E+001
-6.50681064038E+001
-6.50685760040E+001
-6.50257672094E+001
-6.50031568807E+001
-6.49702309046E+001
-6.50814155374E+001
-6.51029364805E+001
-6.52706944575E+001
-6.52971476365E+001
-6.53600070474E+001
-6.53666530827E+001
-6.53633345897E+001
-6.53719554053E+001
-6.54103130255E+001
-6.53648174776E+001
-6.54230865276E+001
-6.54205526771E+001
-6.54559034776E+001
-6.55031432837E+001
-6.55077394064E+001
-6.55394998648E+001
-6.55737760277E+001
-6.55313967905E+001
-6.55029372721E+001
-6.54530889383E+001
-6.55096634655E+001
-6.55171083954E+001
-6.55610071271E+001
-6.55324766868E+001
-6.56014283476E+001
-6.56343673556E+001
-6.56416469137E+001
-6.56677289657E+001
-6.56815256228E+001
-6.56851762448E+001
-6.57387238308E+001
-6.57072511494E+001
-6.56926643671E+001
-6.56390587120E+001
-6.56913640415E+001
-6.56502909691E+001
-6.57104782993E+001
-6.56933325200E+001
-6.56913349947E+001
-6.56549867615E+001
-6.56288819299E+001
-6.57793042714E+001
-6.58033466652E+001
-6.58263967510E+001
-6.57997066359E+001
-6.58054340676E+001
-6.58191474832E+001
-6.58844962731E+001
-6.59118896012E+001
-6.58132480874E+001
-6.58086926880E+001
-6.58563526319E+001
-6.58556416129E+001
-6.59490232555E+001
-6.59121570814E+001
-6.59498703799E+001
-6.59822320482E+001
-6.60263908086E+001
-6.60130930692E+001
-6.61457078945E+001
-6.61978576096E+001
-6.61903686364E+001
-6.59909336214E+001
-6.59969621754E+001
-6.60706002514E+001
-6.60704098328E+001
-6.60868860360E+001
-6.60774495214E+001
-6.61496450386E+001
-6.61563955723E+001
-6.61492706699E+001
-6.61347023672E+001
-6.61273140858E+001
-6.61033745956E+001
-6.60771326057E+001
-6.61288635053E+001
-6.61679532716E+001
-6.61240896026E+001
-6.61891831155E+001
-6.61439148860E+001
-6.61514113666E+001
-6.62217411451E+001
-6.62414545741E+001
-6.62464921418E+001
-6.62152903825E+001
-6.62614810104E+001
-6.63142022875E+001
-6.63059013852E+001
-6.62565762655E+001
-6.62722302606E+001
-6.63588203953E+001
-6.63608177261E+001
-6.64062315479E+001
-6.63676667976E+001
-6.63516436043E+001
-6.64407122331E+001
-6.64647357572E+001
-6.64570374067E+001
-6.64503234217E+001
-6.63985152632E+001
-6.64350993163E+001
-6.64139410678E+001
-6.64100882081E+001
-6.63875616384E+001
-6.63875795296E+001
-6.63575539640E+001
-6.63953015726E+001
-6.64007620602E+001
-6.64010875679E+001
-6.64285824737E+001
-6.64392107205E+001
-6.64905121175E+001
-6.65106530539E+001
-6.66024257180E+001
-6.65570766483E+001
-6.65319515654E+001
-6.65616322789E+001
-6.65484634206E+001
-6.65348013906E+001
-6.65809808248E+001
-6.65811875052E+001
-6.65875576664E+001
-6.65742575627E+001
-6.65369795105E+001
-6.65729929331E+001
-6.65143354132E+001
-6.64693112331E+001
-6.64394315491E+001
-6.64215860557E+001
-6.64716379417E+001
-6.64656575706E+001
-6.65018841318E+001
-6.65158531981E+001
-6.65556126894E+001
-6.67819131349E+001
-6.67207923120E+001
-6.67942114150E+001
-6.68097061151E+001
-6.68480755596E+001
-6.68999996235E+001
-6.69259104292E+001
-6.69847846444E+001
-6.68934589282E+001
-6.68988828061E+001
-6.68806114436E+001
-6.68968875412E+001
-6.69018799911E+001
-6.69277760546E+001
-6.69233734702E+001
-6.68943738575E+001
-6.69207507105E+001
-6.68320986666E+001
-6.68567518149E+001
-6.67095891631E+001
-6.66785775109E+001
-6.66119441159E+001
-6.66216177051E+001
-6.66370049144E+001
-6.66249411828E+001
-6.65691792085E+001
-6.66043657600E+001
-6.65821680295E+001
-6.65968867403E+001
-6.65608441943E+001
-6.64992367645E+001
-6.65148938510E+001
-6.64197619375E+001
-6.63772377935E+001
-6.64153907932E+001
-6.63759559705E+001
-6.63365898458E+001
-6.62446858947E+001
-6.62234847809E+001
-6.62404112494E+001
-6.62435860087E+001
-6.61780975374E+001
-6.61718030326E+001
-6.61780884723E+001
-6.61403917402E+001
-6.61612591855E+001
-6.62070630325E+001
-6.61191061818E+001
-6.61090645103E+001
-6.61153483819E+001
-6.61187082770E+001
-6.60537498878E+001
-6.60395383610E+001
-6.59534409997E+001
-6.59751430601E+001
-6.59769248954E+001
-6.60243102181E+001
-6.59869842160E+001
-6.57870798782E+001
-6.57705574572E+001
-6.57708767849E+001
-6.57674114044E+001
-6.57932588089E+001
-6.57576346907E+001
-6.57120188517E+001
-6.56954054388E+001
-6.57083653421E+001
-6.56948939819E+001
-6.56656872680E+001
-6.56226992022E+001
-6.55005106359E+001
-6.55498533959E+001
-6.55047698849E+001
-6.54998837803E+001
-6.54649522259E+001
-6.55197782271E+001
-6.53461963858E+001
-6.52787010669E+001
-6.52746068024E+001
-6.52593552523E+001
-6.52355526509E+001
-6.51579496829E+001
-6.52055771148E+001
-6.52414066155E+001
-6.52136215403E+001
-6.51402676424E+001
-6.50703897063E+001
-6.50861512039E+001
-6.50946594353E+001
-6.51205257826E+001
-6.51379012261E+001
-6.51269150244E+001
-6.50636397190E+001
-6.49236940891E+001
-6.49097950855E+001
-6.48430736951E+001
-6.48865907901E+001
-6.49075290116E+001
-6.48681075202E+001
-6.48283472350E+001
-6.47977405805E+001
-6.48419710599E+001
-6.48038689665E+001
-6.47723169929E+001
-6.47667921575E+001
-6.47742630449E+001
-6.47550457820E+001
-6.46607659783E+001
-6.46200538834E+001
-6.46371797330E+001
-6.46616295250E+001
-6.46750044295E+001
-6.46375466076E+001
-6.46645034272E+001
-6.46893187449E+001
-6.46937556060E+001
-6.46862791553E+001
-6.46472146939E+001
-6.46267778493E+001
-6.45823236131E+001
-6.45741978631E+001
-6.46180979157E+001
-6.46312925554E+001
-6.45775488616E+001
-6.45968232093E+001
-6.45700342580E+001
-6.45027851293E+001
-6.44606111431E+001
-6.44064790705E+001
-6.43779036801E+001
-6.43130828480E+001
-6.42939423079E+001
-6.43544151363E+001
-6.43191676214E+001
-6.42677432269E+001
-6.43028951490E+001
-6.42884848092E+001
-6.42794114260E+001
-6.42831783189E+001
-6.42997829313E+001
-6.43232663012E+001
-6.43171478426E+001
-6.43063632995E+001
-6.43390149052E+001
-6.43589572853E+001
-6.43623573428E+001
-6.42973654054E+001
-6.42762549754E+001
-6.43027167178E+001
-6.43013913974E+001
-6.42613405209E+001
-6.40835759673E+001
-6.40898390219E+001
-6.40301849941E+001
-6.40030183347E+001
-6.39323554668E+001
-6.39190116463E+001
-6.38427724722E+001
-6.37539562408E+001
-6.37362516644E+001
-6.36739909899E+001
-6.36685483870E+001
-6.36283072469E+001
-6.36356801602E+001
-6.35665063582E+001
-6.35619304394E+001
-6.35825681034E+001
-6.35527958055E+001
-6.35342322316E+001
-6.34563483264E+001
-6.34581817625E+001
-6.34376861534E+001
-6.33822038170E+001
-6.33919026841E+001
-6.33703161423E+001
-6.33681826625E+001
-6.33960583781E+001
-6.33683735882E+001
-6.33513100453E+001
-6.33053030408E+001
-6.33389735926E+001
-6.33254022668E+001
-6.33127081775E+001
-6.33228143746E+001
-6.33634297427E+001
-6.33280441667E+001
-6.33323769529E+001
-6.33074817088E+001
-6.33074602372E+001
-6.33364135952E+001
-6.32887192608E+001
-6.32723426423E+001
-6.32868823280E+001
-6.32857945398E+001
-6.32522476396E+001
-6.32213709966E+001
-6.31850742003E+001
-6.31264386085E+001
-6.31464115156E+001
-6.31405959415E+001
-6.31060893182E+001
-6.31311968700E+001
-6.31302404545E+001
-6.31230529556E+001
-6.31413187696E+001
-6.31262044031E+001
-6.31319283168E+001
-6.31236247099E+001
-6.31463155111E+001
-6.31796040068E+001
-6.31934124905E+001
-6.31665591274E+001
-6.31936788288E+001
-6.31605986756E+001
-6.31990266185E+001
-6.31537562084E+001
-6.31720246360E+001
-6.31737734583E+001
-6.31535149265E+001
-6.31201373471E+001
-6.31671473182E+001
-6.31795763952E+001
-6.31311940741E+001
-6.31447642498E+001
-6.31350675703E+001
-6.30558185860E+001
-6.30124311640E+001
-6.29790778889E+001
-6.30116100326E+001
-6.29812872518E+001
-6.29759068013E+001
-6.29869802906E+001
-6.29523130874E+001
-6.29043412546E+001
-6.28725568285E+001
-6.28871479161E+001
-6.28823663070E+001
-6.29039121386E+001
-6.28921313988E+001
-6.29167548716E+001
-6.28768606882E+001
-6.28737707231E+001
-6.28426286673E+001
-6.28360602040E+001
-6.28594372147E+001
-6.29113989850E+001
-6.29039681368E+001
-6.28616862398E+001
-6.28504084692E+001
-6.27955606986E+001
-6.28197425780E+001
-6.28361014848E+001
-6.28232981348E+001
-6.28113423346E+001
-6.28678456283E+001
-6.28574469757E+001
-6.28332797390E+001
-6.28180543015E+001
-6.27991663443E+001
-6.28237149922E+001
-6.27619778931E+001
-6.27669315426E+001
-6.27645482050E+001
-6.27231885562E+001
-6.27401531349E+001
-6.27687879358E+001
-6.27598488174E+001
-6.27664858122E+001
-6.27780083145E+001
-6.27805463239E+001
-6.28465003250E+001
-6.28320717190E+001
-6.27389480632E+001
-6.27349599884E+001
-6.28285213135E+001
-6.28322298163E+001
-6.28112299130E+001
-6.27991147091E+001
-6.28607222504E+001
-6.28671998740E+001
-6.28238752444E+001
-6.27792186700E+001
-6.28194167140E+001
-6.27797899627E+001
-6.27855302438E+001
-6.28057283918E+001
-6.27346938375E+001
-6.26796426214E+001
-6.26818741087E+001
-6.26615280789E+001
-6.26663352342E+001
-6.26205443941E+001
-6.26112618464E+001
-6.26416247991E+001
-6.26044039895E+001
-6.25663525975E+001
-6.25449638026E+001
-6.25353032623E+001
-6.25528208474E+001
-6.25044143967E+001
-6.24699732121E+001
-6.24678638928E+001
-6.24578932559E+001
-6.24495328652E+001
-6.24837592395E+001
-6.25083692586E+001
-6.24980073524E+001
-6.24873027614E+001
-6.25021969935E+001
-6.25698413206E+001
-6.25225541457E+001
-6.25383679297E+001
-6.26686052009E+001
-6.26636693758E+001
-6.26616754917E+001
-6.26746569488E+001
-6.26693248982E+001
-6.26725377126E+001
-6.26994510800E+001
-6.27306985891E+001
-6.27302315966E+001
-6.27356741967E+001
-6.27326765043E+001
-6.27677318077E+001
-6.27224519161E+001
-6.27642374728E+001
-6.27646690603E+001
-6.27526583225E+001
-6.27472241916E+001
-6.27376748713E+001
-6.27479483494E+001
-6.26996284538E+001
-6.27458353575E+001
-6.27571815804E+001
-6.27615441305E+001
-6.27546239090E+001
-6.27471453542E+001
-6.27569737691E+001
-6.27982140403E+001
-6.28173191668E+001
-6.27731121492E+001
-6.28596570298E+001
-6.28911866821E+001
-6.29848405586E+001
-6.29444056683E+001
-6.29283743996E+001
-6.29685750753E+001
-6.29529254900E+001
-6.29573451754E+001
-6.29676311435E+001
-6.30295639847E+001
-6.30545482087E+001
-6.30415223870E+001
-6.31186179018E+001
-6.31313618902E+001
-6.31398058073E+001
-6.31254223591E+001
-6.31109006890E+001
-6.31103437676E+001
-6.31394624783E+001
-6.31353322815E+001
-6.31218874959E+001
-6.31037598398E+001
-6.30871711137E+001
-6.30618411520E+001
-6.30323866375E+001
-6.30877506529E+001
-6.30583308838E+001
-6.30560358067E+001
-6.30720129966E+001
-6.30878323197E+001
-6.30221729550E+001
-6.30202664631E+001
-6.30216572274E+001
-6.30693438854E+001
-6.30708142485E+001
-6.31278133361E+001
-6.31228901323E+001
-6.31544671383E+001
-6.31353280663E+001
-6.31419937203E+001
-6.31340446974E+001
-6.31198486486E+001
-6.31132787192E+001
-6.31247625179E+001
-6.31167055106E+001
-6.31301580745E+001
-6.31584083745E+001
-6.31303891672E+001
-6.31238476834E+001
-6.30434402436E+001
-6.30454543678E+001
-6.30799396419E+001
-6.30798304925E+001
-6.30725011808E+001
-6.30197866363E+001
-6.29695224790E+001
-6.29969401511E+001
-6.29708989224E+001
-6.29529011243E+001
-6.29919173928E+001
-6.29840811734E+001
-6.29664942062E+001
-6.29877177722E+001
-6.29342326162E+001
-6.28654545580E+001
-6.28584267639E+001
-6.28983670491E+001
-6.29135427701E+001
-6.29246350007E+001
-6.28934874618E+001
-6.29078501005E+001
-6.28809365236E+001
-6.28839661765E+001
-6.28779070808E+001
-6.28291356670E+001
-6.27791852954E+001
-6.27201247359E+001
-6.26924583356E+001
-6.26735345123E+001
-6.26670806830E+001
-6.26386772007E+001
-6.26244832336E+001
-6.26091853643E+001
-6.26373020047E+001
-6.25795880903E+001
-6.25276931551E+001
-6.25624735561E+001
-6.25563097003E+001
-6.25110308142E+001
-6.25386217946E+001
-6.25818649606E+001
-6.25778066169E+001
-6.25973934607E+001
-6.25967325060E+001
-6.25974408558E+001
-6.26120402706E+001
-6.26240913637E+001
-6.26325190419E+001
-6.26585533917E+001
-6.26439196530E+001
-6.26006597757E+001
-6.26187048545E+001
-6.25755057104E+001
-6.25187332662E+001
-6.25568778355E+001
-6.25789519006E+001
-6.25785870684E+001
-6.26296605702E+001
-6.26235597453E+001
-6.26958702976E+001
-6.26877640526E+001
-6.27243742417E+001
-6.26912790447E+001
-6.26898351821E+001
-6.26447085010E+001
-6.26228750878E+001
-6.26311134299E+001
-6.25927699320E+001
-6.26015821331E+001
-6.25332857335E+001
-6.25765327762E+001
-6.25700659419E+001
-6.24428139789E+001
-6.24483019531E+001
-6.24205685328E+001
-6.24260916435E+001
-6.24051502802E+001
-6.23831534661E+001
-6.23727979425E+001
-6.23345549969E+001
-6.23199289543E+001
-6.23314080199E+001
-6.23514438218E+001
-6.23735433196E+001
-6.23883849296E+001
-6.23723854702E+001
-6.23358518883E+001
-6.23558754050E+001
-6.23640714843E+001
-6.23931860125E+001
-6.23539060080E+001
-6.23549142813E+001
-6.23557119166E+001
-6.23316771595E+001
-6.23016771822E+001
-6.22709213041E+001
-6.22791266311E+001
-6.22793444831E+001
-6.22367958015E+001
-6.22258979281E+001
-6.22263277975E+001
-6.21170368030E+001
-6.20883920521E+001
-6.20118722408E+001
-6.20336749872E+001
-6.20339945508E+001
-6.20057440527E+001
-6.20445363518E+001
-6.20359441000E+001
-6.20547708507E+001
-6.19942732218E+001
-6.19525112945E+001
-6.19670831235E+001
-6.19094506418E+001
-6.18837632233E+001
-6.18693947389E+001
-6.18725102681E+001
-6.18782122957E+001
-6.18553573997E+001
-6.18343556308E+001
-6.18327919122E+001
-6.18356592132E+001
-6.18479886081E+001
-6.18339783716E+001
-6.19000386771E+001
-6.18983084501E+001
-6.18704722930E+001
-6.18481140643E+001
-6.18269961007E+001
-6.18162095978E+001
-6.18118910213E+001
-6.18293532083E+001
-6.18175197382E+001
-6.18024847517E+001
-6.17693643500E+001
-6.17554531335E+001
-6.17458993678E+001
-6.17038039416E+001
-6.16801964736E+001
-6.16537142893E+001
-6.16629263780E+001
-6.16462102760E+001
-6.16401604470E+001
-6.16396583227E+001
-6.16617411924E+001
-6.16394371919E+001
-6.15920745517E+001
-6.15528306861E+001
-6.16009294261E+001
-6.16166369400E+001
-6.16439402305E+001
-6.16506402276E+001
-6.15874149794E+001
-6.15946610578E+001
-6.15923427044E+001
-6.16349344655E+001
-6.16786634708E+001
-6.16460285089E+001
-6.16977323464E+001
-6.17600180067E+001
-6.17468907002E+001
-6.17335254321E+001
-6.17508983584E+001
-6.17147071295E+001
-6.17945853719E+001
-6.17932726357E+001
-6.17707298334E+001
-6.17523012824E+001
-6.17572420505E+001
-6.17593740522E+001
-6.17799679846E+001
-6.17744680232E+001
-6.17620091281E+001
-6.17575589760E+001
-6.17564284696E+001
-6.17420681007E+001
-6.17503415848E+001
-6.17540116866E+001
-6.17679128367E+001
-6.17663895008E+001
-6.17578296213E+001
-6.17432735401E+001
-6.18063827907E+001
-6.18132213322E+001
-6.17782664796E+001
-6.17928450790E+001
-6.18327205212E+001
-6.18064378344E+001
-6.18358212155E+001
-6.18028894715E+001
-6.18134596192E+001
-6.17785168915E+001
-6.18166417566E+001
-6.17942341887E+001
-6.18050200050E+001
-6.17974439034E+001
-6.17939655637E+001
-6.18073755351E+001
-6.18093427914E+001
-6.17892554556E+001
-6.17853489880E+001
-6.18002728836E+001
-6.18200374134E+001
-6.18607598533E+001
-6.19019700167E+001
-6.19087952822E+001
-6.19347068593E+001
-6.19474611884E+001
-6.19054755469E+001
-6.18960415355E+001
-6.18487707847E+001
-6.18799324643E+001
-6.18560059343E+001
-6.18657984662E+001
-6.18546683894E+001
-6.18747246757E+001
-6.18462043144E+001
-6.18569773269E+001
-6.19181986100E+001
-6.19089908247E+001
-6.19042605758E+001
-6.18590291969E+001
-6.18550292003E+001
-6.18091660161E+001
-6.18645671693E+001
-6.18858171541E+001
-6.18801267100E+001
-6.18881732882E+001
-6.18749104887E+001
-6.20064374786E+001
-6.20909277680E+001
-6.20881039854E+001
-6.21112212851E+001
-6.21142654018E+001
-6.20674801228E+001
-6.20566281366E+001
-6.20418450400E+001
-6.20925916156E+001
-6.20640906509E+001
-6.20819768010E+001
-6.20314908895E+001
-6.20271327962E+001
-6.20378235532E+001
-6.19972348383E+001
-6.20205692403E+001
-6.20666573068E+001
-6.20595437845E+001
-6.20595579264E+001
-6.20717360226E+001
-6.21236091748E+001
-6.21072962139E+001
-6.21252867381E+001
-6.21621604696E+001
-6.21662584855E+001
-6.21164541808E+001
-6.20852316869E+001
-6.21317632335E+001
-6.21555321759E+001
-6.21447194270E+001
-6.21594302677E+001
-6.21289256854E+001
-6.21465379847E+001
-6.21687023969E+001
-6.21440228546E+001
-6.21367140159E+001
-6.21456141991E+001
-6.21598967298E+001
-6.21717607073E+001
-6.21245203567E+001
-6.21215496829E+001
-6.21586390852E+001
-6.21656189260E+001
-6.21788483028E+001
-6.21847558900E+001
-6.21706461659E+001
-6.21158950022E+001
-6.21106443808E+001
-6.21157837790E+001
-6.21443524524E+001
-6.21424623086E+001
-6.21424233247E+001
-6.21477849974E+001
-6.21564964805E+001
-6.21494951778E+001
-6.22921524603E+001
-6.22670346345E+001
-6.22759856031E+001
-6.22635363471E+001
-6.22510075514E+001
-6.22691666510E+001
-6.22489091887E+001
-6.22326092648E+001
-6.22418574737E+001
-6.22603308627E+001
-6.22690838770E+001
-6.22699153096E+001
-6.22657210942E+001
-6.22535343681E+001
-6.22857065499E+001
-6.22459499518E+001
-6.22369430776E+001
-6.23270837698E+001
-6.23712834107E+001
-6.24056979792E+001
-6.25047526506E+001
-6.25372943268E+001
-6.25952606945E+001
-6.25652431966E+001
-6.26231358156E+001
-6.26902758724E+001
-6.26316560092E+001
-6.26847675899E+001
-6.27776253178E+001
-6.28241291525E+001
-6.28430640247E+001
-6.28345050864E+001
-6.28566761923E+001
-6.29545290413E+001
-6.30403565991E+001
-6.30298555327E+001
-6.30470955552E+001
-6.30703995337E+001
-6.30746230016E+001
-6.30968167332E+001
-6.31273489720E+001
-6.32777612132E+001
-6.33098465647E+001
-6.34204948811E+001
-6.34887651286E+001
-6.35506688240E+001
-6.35451011287E+001
-6.35585416711E+001
-6.35760274924E+001
-6.35374483505E+001
-6.35696770401E+001
-6.36066047130E+001
-6.36650308157E+001
-6.36457261142E+001
-6.36849960224E+001
-6.36931842564E+001
-6.37662282902E+001
-6.37680975881E+001
-6.38554263918E+001
-6.38527754263E+001
-6.38908523290E+001
-6.38662515317E+001
-6.39050811662E+001
-6.39552478172E+001
-6.39967707453E+001
-6.40663538379E+001
-6.41510010551E+001
-6.42491047631E+001
-6.42861400615E+001
-6.43289606109E+001
-6.43460307947E+001
-6.43347349940E+001
-6.43770591137E+001
-6.43389647748E+001
-6.44079192842E+001
-6.44231882202E+001
-6.44476049832E+001
-6.45474451111E+001
-6.45744818884E+001
-6.46276898820E+001
-6.46481639983E+001
-6.46907328485E+001
-6.46645824141E+001
-6.47060685603E+001
-6.47970500852E+001
-6.48058672015E+001
-6.48489636809E+001
-6.48761800289E+001
-6.49083521921E+001
-6.49172229600E+001
-6.49901433769E+001
-6.49410145322E+001
-6.49921410132E+001
-6.49998034082E+001
-6.50365006792E+001
-6.50774165257E+001
-6.49972832217E+001
-6.49668977367E+001
-6.49861152707E+001
-6.49509820949E+001
-6.50511795711E+001
-6.51074995658E+001
-6.51306010848E+001
-6.51137918297E+001
-6.50950014482E+001
-6.51727779360E+001
-6.52054606275E+001
-6.52859840193E+001
-6.53051962308E+001
-6.53261655775E+001
-6.53452088940E+001
-6.53994757972E+001
-6.54189589854E+001
-6.54545275822E+001
-6.54547648424E+001
-6.54812295768E+001
-6.55207666961E+001
-6.57008390042E+001
-6.57002569555E+001
-6.57471466813E+001
-6.58023449169E+001
-6.58745626389E+001
-6.59731348612E+001
-6.59725989540E+001
-6.59948307969E+001
-6.59734137208E+001
-6.59899891627E+001
-6.60072735013E+001
-6.60318939586E+001
-6.60713330716E+001
-6.60643090839E+001
-6.61214466441E+001
-6.61441828464E+001
-6.62220888861E+001
-6.62688619083E+001
-6.63783645982E+001
-6.64031085944E+001
-6.63986874187E+001
-6.64158817338E+001
-6.64067440745E+001
-6.64162292093E+001
-6.64441393141E+001
-6.64636053960E+001
-6.64634746616E+001
-6.64987953737E+001
-6.65420508979E+001
-6.65984140146E+001
-6.66672837013E+001
-6.67604460574E+001
-6.68008536451E+001
-6.68891940798E+001
-6.67769802877E+001
-6.68665481305E+001
-6.69455206809E+001
-6.69926229519E+001
-6.70175945879E+001
-6.70448403214E+001
-6.70930233251E+001
-6.71487322427E+001
-6.72970798435E+001
-6.73039654786E+001
-6.73319005317E+001
-6.73390369573E+001
-6.73986522206E+001
-6.74673228618E+001
-6.74996760618E+001
-6.75332194981E+001
-6.75581148829E+001
-6.74723081651E+001
-6.75092417650E+001
-6.74923560571E+001
-6.74367817852E+001
-6.74349690241E+001
-6.73744959438E+001
-6.74116412575E+001
-6.73604043968E+001
-6.72476735605E+001
-6.73234496901E+001
-6.73649207276E+001
-6.72968703174E+001
-6.72736512688E+001
-6.72702373840E+001
-6.72861919832E+001
-6.74721409981E+001
-6.74046921435E+001
-6.73516063867E+001
-6.74258668774E+001
-6.74199769579E+001
-6.74397088029E+001
-6.74478351176E+001
-6.75255557817E+001
-6.75032187837E+001
-6.74446739463E+001
-6.74513939967E+001
-6.73419591431E+001
-6.73850307155E+001
-6.73509989275E+001
-6.73876090033E+001
-6.73987607960E+001
-6.74200156054E+001
-6.74227041473E+001
-6.74090662536E+001
-6.74219226373E+001
-6.73541957537E+001
-6.73848870638E+001
-6.73699610632E+001
-6.73853816927E+001
-6.73851665238E+001
-6.73666371972E+001
-6.72514912261E+001
-6.72434499623E+001
-6.71932638126E+001
-6.72325686326E+001
-6.73239074814E+001
-6.73354263590E+001
-6.72974379387E+001
-6.72632975563E+001
-6.71659743310E+001
-6.71269953310E+001
-6.70817625975E+001
-6.70647847983E+001
-6.70447560950E+001
-6.70261664413E+001
-6.69597771000E+001
-6.69709230966E+001
-6.69036785340E+001
-6.68801799834E+001
-6.68771657573E+001
-6.67683363857E+001
-6.67264885407E+001
-6.66955038279E+001
-6.66690964214E+001
-6.66385549938E+001
-6.67327266735E+001
-6.67688188761E+001
-6.67755073379E+001
-6.67635667661E+001
-6.67723364822E+001
-6.68122522773E+001
-6.68434723644E+001
-6.68779430144E+001
-6.68575334755E+001
-6.68739776582E+001
-6.68460527686E+001
-6.69570975425E+001
-6.69268392197E+001
-6.69510569920E+001
-6.68921439156E+001
-6.68650205481E+001
-6.68892747162E+001
-6.69155360101E+001
-6.68848621989E+001
-6.68850596196E+001
-6.69845099912E+001
-6.70225580952E+001
-6.69934925050E+001
-6.71183231443E+001
-6.70897012965E+001
-6.70599222636E+001
-6.71360490828E+001
-6.71524799025E+001
-6.71369364631E+001
-6.71059476784E+001
-6.70942332504E+001
-6.71126506036E+001
-6.71507908654E+001
-6.71486764551E+001
-6.71650893961E+001
-6.70667074295E+001
-6.70899833020E+001
-6.70117039236E+001
-6.69829604096E+001
-6.70119788708E+001
-6.69550201506E+001
-6.69541659508E+001
-6.69859380431E+001
-6.70013069611E+001
-6.70871880463E+001
-6.70811868033E+001
-6.71032582683E+001
-6.70755979384E+001
-6.71385278494E+001
-6.70736681295E+001
-6.70774741428E+001
-6.70112327498E+001
-6.69568812058E+001
-6.68927820048E+001
-6.69150020719E+001
-6.68860350603E+001
-6.69154499000E+001
-6.69951967610E+001
-6.70454732112E+001
-6.70473330469E+001
-6.70604189768E+001
-6.71363602281E+001
-6.71080264012E+001
-6.71432938370E+001
-6.71752130788E+001
-6.71466341727E+001
-6.71093596226E+001
-6.71409585832E+001
-6.70995593455E+001
-6.71341465688E+001
-6.70956226202E+001
-6.70107919157E+001
-6.70623991977E+001
-6.71108059717E+001
-6.70694150466E+001
-6.70523642650E+001
-6.71318986990E+001
-6.70541337839E+001
-6.70448528188E+001
-6.70601620432E+001
-6.70580182282E+001
-6.70416121200E+001
-6.69923489426E+001
-6.69673736492E+001
-6.69635679131E+001
-6.69699215197E+001
-6.69760848319E+001
-6.69148927301E+001
-6.70545404816E+001
-6.70753325553E+001
-6.71412861463E+001
-6.71650934649E+001
-6.71186072496E+001
-6.71605131793E+001
-6.72133014266E+001
-6.72104251569E+001
-6.71126764944E+001
-6.71264538371E+001
-6.71151481354E+001
-6.70992673569E+001
-6.70872647825E+001
-6.69300534570E+001
-6.69185060324E+001
-6.69265116477E+001
-6.68746720482E+001
-6.68678514027E+001
-6.68884635028E+001
-6.69477769940E+001
-6.68696096146E+001
-6.68603000153E+001
-6.67950413960E+001
-6.67852355445E+001
-6.68185216193E+001
-6.67226673215E+001
-6.67181008687E+001
-6.67245060586E+001
-6.67387211318E+001
-6.67354767042E+001
-6.67403386020E+001
-6.68088136644E+001
-6.69709056084E+001
-6.70525782148E+001
-6.70352353415E+001
-6.70153133162E+001
-6.70249290351E+001
-6.70507676535E+001
-6.70302849019E+001
-6.70769401952E+001
-6.70910356165E+001
-6.72897166160E+001
-6.72975247359E+001
-6.72098390578E+001
-6.72416336953E+001
-6.72797030836E+001
-6.72452970000E+001
-6.72975979150E+001
-6.72747664427E+001
-6.73193736669E+001
-6.72606629633E+001
-6.72650349579E+001
-6.72735893206E+001
-6.73139486003E+001
-6.73553331161E+001
-6.73922850775E+001
-6.74574681576E+001
-6.75149594154E+001
-6.75571598174E+001
-6.75625974087E+001
-6.77361814203E+001
-6.77502380764E+001
-6.77800873932E+001
-6.78138502050E+001
-6.77452846681E+001
-6.76956622300E+001
-6.77277381357E+001
-6.77106238025E+001
-6.77061205372E+001
-6.76598064207E+001
-6.76488705743E+001
-6.76587341680E+001
-6.77015677856E+001
-6.76734045934E+001
-6.76627712462E+001
-6.76880766591E+001
-6.76635891339E+001
-6.76960408643E+001
-6.76822319322E+001
-6.76563166134E+001
-6.76369044874E+001
-6.75717544484E+001
-6.75464851181E+001
-6.74630273469E+001
-6.75162570660E+001
-6.75534874098E+001
-6.75370584282E+001
-6.75308193210E+001
-6.74891384381E+001
-6.74971281465E+001
-6.74822785682E+001
-6.75289852201E+001
-6.75239950380E+001
-6.75163776153E+001
-6.75324785091E+001
-6.76194630713E+001
-6.76094617309E+001
-6.75373252836E+001
-6.75148527827E+001
-6.75632082338E+001
-6.75870321781E+001
-6.75924764440E+001
-6.75670921184E+001
-6.76059001246E+001
-6.76680796282E+001
-6.76373882624E+001
-6.76957686738E+001
-6.75897932328E+001
-6.76452595527E+001
-6.76206292986E+001
-6.76290937768E+001
-6.77214154381E+001
-6.77448372009E+001
-6.77937026196E+001
-6.79072621335E+001
-6.79251968016E+001
-6.79870079782E+001
-6.79675849272E+001
-6.79692734052E+001
-6.79713227138E+001
-6.78809971532E+001
-6.78752555561E+001
-6.78881284015E+001
-6.79146744412E+001
-6.78831927625E+001
-6.78903605162E+001
-6.78568174570E+001
-6.78145705995E+001
-6.78021720773E+001
-6.77536788359E+001
-6.77001958252E+001
-6.76618369478E+001
-6.76329721259E+001
-6.76203866802E+001
-6.76866532199E+001
-6.76117518549E+001
-6.75951276232E+001
-6.75966940856E+001
-6.76052222137E+001
-6.74755949289E+001
-6.75089438979E+001
-6.75584756999E+001
-6.75564716231E+001
-6.75357803059E+001
-6.75041233444E+001
-6.75254147342E+001
-6.75408582888E+001
-6.75524083207E+001
-6.75762135780E+001
-6.76110942574E+001
-6.76237536952E+001
-6.74935658412E+001
-6.74638985426E+001
-6.73982004252E+001
-6.73835051128E+001
-6.75000933169E+001
-6.75253425556E+001
-6.75242729530E+001
-6.75020253604E+001
-6.75718216806E+001
-6.76142141591E+001
-6.76447391417E+001
-6.76833337253E+001
-6.76926007326E+001
-6.77407026115E+001
-6.78180669468E+001
-6.77970280288E+001
-6.78413994016E+001
-6.78640625255E+001
-6.77922998743E+001
-6.77243518085E+001
-6.77992469638E+001
-6.78155701350E+001
-6.77962522240E+001
-6.77818555433E+001
-6.77395512121E+001
-6.77597582025E+001
-6.77825700081E+001
-6.77812693342E+001
-6.77581285342E+001
-6.77293446110E+001
-6.77768019231E+001
-6.77069130945E+001
-6.75567608368E+001
-6.74450804386E+001
-6.75261816906E+001
-6.75807482546E+001
-6.76222432478E+001
-6.76054928859E+001
-6.77312231356E+001
-6.77762875906E+001
-6.77575265194E+001
-6.75595096384E+001
-6.75318424064E+001
-6.75178525140E+001
-6.74364285258E+001
-6.74094420208E+001
-6.74462313774E+001
-6.74274906347E+001
-6.74401019182E+001
-6.74925539741E+001
-6.75648396581E+001
-6.75578332171E+001
-6.75829417937E+001
-6.76154380301E+001
-6.76956751434E+001
-6.77536421296E+001
-6.77261106409E+001
-6.77296489293E+001
-6.77170674554E+001
-6.77725156051E+001
-6.75587945177E+001
-6.76533100270E+001
-6.76898072242E+001
-6.76079744092E+001
-6.76869055893E+001
-6.76421505018E+001
-6.76197191689E+001
-6.76383946324E+001
-6.75677411104E+001
-6.76204116416E+001
-6.76630485194E+001
-6.76185162141E+001
-6.75599435534E+001
-6.75581878693E+001
-6.75427050466E+001
-6.75994337151E+001
-6.75958980989E+001
-6.76278563555E+001
-6.77285140784E+001
-6.78103011133E+001
-6.78157822217E+001
-6.78335124742E+001
-6.78868439335E+001
-6.78607351220E+001
-6.77745721883E+001
-6.77702635174E+001
-6.76036030696E+001
-6.75906559160E+001
-6.77012311728E+001
-6.76701565522E+001
-6.76406657197E+001
-6.76136741223E+001
-6.76086290480E+001
-6.75894099367E+001
-6.75638573474E+001
-6.75620723657E+001
-6.75865319147E+001
-6.75809185919E+001
-6.77060436666E+001
-6.76401500186E+001
-6.76849451702E+001
-6.76706715988E+001
-6.76664182310E+001
-6.76387481222E+001
-6.75669111916E+001
-6.75897265073E+001
-6.75439210292E+001
-6.75619755579E+001
-6.75316210112E+001
-6.75337130118E+001
-6.75452394411E+001
-6.73979011698E+001
-6.74012113553E+001
-6.73362715342E+001
-6.72504985609E+001
-6.72524684196E+001
-6.73538874575E+001
-6.73585796509E+001
-6.73841892981E+001
-6.73845122390E+001
-6.74219902122E+001
-6.73904106695E+001
-6.75011998638E+001
-6.75000196632E+001
-6.75062560463E+001
-6.74842584867E+001
-6.74303705937E+001
-6.74515507490E+001
-6.74559513575E+001
-6.75288806409E+001
-6.75360414156E+001
-6.75556032778E+001
-6.76694271838E+001
-6.77009884105E+001
-6.77787858278E+001
-6.78237217774E+001
-6.78985144970E+001
-6.79702852818E+001
-6.79942684139E+001
-6.80256562058E+001
-6.79430161174E+001
-6.78822763726E+001
-6.78477710884E+001
-6.79092428409E+001
-6.79196645924E+001
-6.79190612834E+001
-6.79461596610E+001
-6.80004741992E+001
-6.80138909394E+001
-6.80793836610E+001
-6.80272322197E+001
-6.81356681112E+001
-6.81106546219E+001
-6.81327727716E+001
-6.80922663567E+001
-6.80341873711E+001
-6.80092867050E+001
-6.80006142867E+001
-6.79702905446E+001
-6.78933347263E+001
-6.78546561946E+001
-6.78044895487E+001
-6.77941197321E+001
-6.77604101577E+001
-6.76947802710E+001
-6.76382807730E+001
-6.76034749819E+001
-6.75847137347E+001
-6.76319979866E+001
-6.76337566756E+001
-6.76377139321E+001
-6.75885340043E+001
-6.76046554601E+001
-6.76555731431E+001
-6.76670524776E+001
-6.76697239154E+001
-6.76574851907E+001
-6.76083275557E+001
-6.76136317494E+001
-6.76186949183E+001
-6.76643169272E+001
-6.76646906860E+001
-6.76285248098E+001
-6.76763621028E+001
-6.77258697677E+001
-6.77351648157E+001
-6.77910090781E+001
-6.77314195681E+001
-6.76971356502E+001
-6.76126552638E+001
-6.75786776610E+001
-6.75863982192E+001
-6.76191417620E+001
-6.76180897359E+001
-6.76253264510E+001
-6.76646999273E+001
-6.77280283134E+001
-6.77879365840E+001
-6.77589009795E+001
-6.77372905556E+001
-6.76914278831E+001
-6.76391652952E+001
-6.76083086047E+001
-6.75734271077E+001
-6.74963332101E+001
-6.73945642592E+001
-6.72888579020E+001
-6.73000132241E+001
-6.72468102171E+001
-6.72336978278E+001
-6.72119491181E+001
-6.72212692715E+001
-6.71032833670E+001
-6.70168943428E+001
-6.69807824543E+001
-6.69027638552E+001
-6.69268242057E+001
-6.69064875399E+001
-6.68390410239E+001
-6.68312255927E+001
-6.68505550481E+001
-6.67447408894E+001
-6.67277181589E+001
-6.67268474515E+001
-6.67205779684E+001
-6.66167583309E+001
-6.65431310588E+001
-6.64959242363E+001
-6.64180774849E+001
-6.62996645369E+001
-6.61759370086E+001
-6.61328860126E+001
-6.60920980269E+001
-6.60381110453E+001
-6.60357544567E+001
-6.60452394343E+001
-6.60083024752E+001
-6.59879802058E+001
-6.59834983327E+001
-6.58707485652E+001
-6.58090359912E+001
-6.57871123049E+001
-6.57635528671E+001
-6.57203779907E+001
-6.57512331859E+001
-6.56934110546E+001
-6.55757902056E+001
-6.55145868908E+001
-6.55102251874E+001
-6.53248362070E+001
-6.52874668118E+001
-6.52117325392E+001
-6.51926036092E+001
-6.51306610359E+001
-6.50937205629E+001
-6.50270490190E+001
-6.49809994590E+001
-6.49294601716E+001
-6.48935716348E+001
-6.48583414713E+001
-6.48440091826E+001
-6.48310875326E+001
-6.48158352573E+001
-6.48022547651E+001
-6.47900605791E+001
-6.47479598544E+001
-6.47130344587E+001
-6.45249933233E+001
-6.45040985590E+001
-6.44624166099E+001
-6.44051290072E+001
-6.43608790291E+001
-6.43342783539E+001
-6.41910295061E+001
-6.41220720810E+001
-6.41072565557E+001
-6.40948818327E+001
-6.41060493991E+001
-6.40477626743E+001
-6.39787658431E+001
-6.38942412261E+001
-6.38685282283E+001
-6.38186902658E+001
-6.37001662156E+001
-6.36790048645E+001
-6.35370945070E+001
-6.34568865184E+001
-6.33272776294E+001
-6.32444806002E+001
-6.32320905094E+001
-6.31796695650E+001
-6.31499632137E+001
-6.31384786055E+001
-6.31230733796E+001
-6.30207590832E+001
-6.29833711866E+001
-6.29576899907E+001
-6.28863138554E+001
-6.27975790214E+001
-6.27302098312E+001
-6.26345535992E+001
-6.26036773981E+001
-6.24584606708E+001
-6.24332509298E+001
-6.23866821500E+001
-6.24080793344E+001
-6.23625742158E+001
-6.22834596431E+001
-6.23006358314E+001
-6.22576698612E+001
-6.22579536383E+001
-6.22379441252E+001
-6.22371988247E+001
-6.21725140675E+001
-6.21584312611E+001
-6.21140546828E+001
-6.20877932201E+001
-6.20931941259E+001
-6.20279304135E+001
-6.19439737074E+001
-6.19213302420E+001
-6.19068637371E+001
-6.18749211144E+001
-6.18680701380E+001
-6.18234403121E+001
-6.17785100537E+001
-6.17583675606E+001
-6.17458103579E+001
-6.17509739282E+001
-6.17032279506E+001
-6.16751772469E+001
-6.16232970278E+001
-6.15450807521E+001
-6.15497803640E+001
-6.14264326369E+001
-6.13663769707E+001
-6.12795919467E+001
-6.11413818064E+001
-6.10869747629E+001
-6.10513050912E+001
-6.10336736519E+001
-6.10210343199E+001
-6.09870701079E+001
-6.09530838561E+001
-6.09417363831E+001
-6.08850798558E+001
-6.07897948366E+001
-6.07148694111E+001
-6.06158443536E+001
-6.05841457335E+001
-6.06092425146E+001
-6.05582456740E+001
-6.05575152509E+001
-6.05892776469E+001
-6.06115664380E+001
-6.05844051374E+001
-6.05436810135E+001
-6.05251217033E+001
-6.04718941130E+001
-6.04232358573E+001
-6.03775161189E+001
-6.02967878454E+001
-6.02941359175E+001
-6.03051332591E+001
-6.03148380634E+001
-6.03179684267E+001
-6.03171318494E+001
-6.02755136465E+001
-6.02585896368E+001
-6.02826858906E+001
-6.03127839210E+001
-6.02513468366E+001
-6.02729529232E+001
-6.03046505588E+001
-6.03005171927E+001
-6.03226929719E+001
-6.03264259428E+001
-6.02958706042E+001
-6.03090833432E+001
-6.03524785407E+001
-6.03366041068E+001
-6.03680839282E+001
-6.03723196844E+001
-6.03726993192E+001
-6.03699536299E+001
-6.03488218054E+001
-6.03565651578E+001
-6.03729533468E+001
-6.03677638633E+001
-6.03692099825E+001
-6.03496815451E+001
-6.03682092724E+001
-6.03819518054E+001
-6.03889735058E+001
-6.03753322724E+001
-6.03333013357E+001
-6.03442286081E+001
-6.03350554526E+001
-6.03632147723E+001
-6.04217856485E+001
-6.04306093789E+001
-6.04322209508E+001
-6.04270236969E+001
-6.04307977436E+001
-6.04386463043E+001
-6.04199710932E+001
-6.04380401266E+001
-6.04244797235E+001
-6.04496530817E+001
-6.04532848606E+001
-6.04523545274E+001
-6.04018402178E+001
-6.03713129166E+001
-6.03501448477E+001
-6.03317870953E+001
-6.03485749788E+001
-6.03477701725E+001
-6.03516955047E+001
-6.03605153400E+001
-6.03347436073E+001
-6.03286871886E+001
-6.03245942190E+001
-6.03366890912E+001
-6.03207526900E+001
-6.03032384053E+001
-6.02933953140E+001
-6.02837530864E+001
-6.02792707757E+001
-6.02951259338E+001
-6.02981552065E+001
-6.03060417125E+001
-6.02786833807E+001
-6.02685794523E+001
-6.03204023329E+001
-6.03239710605E+001
-6.02928970209E+001
-6.02944899819E+001
-6.02866000839E+001
-6.02973023481E+001
-6.03330249909E+001
-6.03207746844E+001
-6.03480564757E+001
-6.03656013043E+001
-6.03685594240E+001
-6.03817755772E+001
-6.04002410131E+001
-6.04108632354E+001
-6.04381289739E+001
-6.04244095285E+001
-6.05008524831E+001
-6.04857517862E+001
-6.04814451584E+001
-6.05169777820E+001
-6.05185833301E+001
-6.05388944989E+001
-6.05325145943E+001
-6.05057927079E+001
-6.05003620422E+001
-6.05310882379E+001
-6.04884141503E+001
-6.05425655805E+001
-6.05202196528E+001
-6.04838058091E+001
-6.04948975732E+001
-6.05339698356E+001
-6.05471517441E+001
-6.05479401126E+001
-6.05777902004E+001
-6.05757752290E+001
-6.05905496805E+001
-6.05855257868E+001
-6.05831040961E+001
-6.05656175293E+001
-6.05644472209E+001
-6.05512643844E+001
-6.05504477434E+001
-6.05675479325E+001
-6.05727483068E+001
-6.05611927896E+001
-6.05545322349E+001
-6.05455107030E+001
-6.05404219898E+001
-6.05332853339E+001
-6.05513007109E+001
-6.05512624487E+001
-6.05763393134E+001
-6.05905535486E+001
-6.05574471064E+001
-6.05883695178E+001
-6.06117191496E+001
-6.06648631273E+001
-6.06372915642E+001
-6.06361278485E+001
-6.06544648861E+001
-6.06193000895E+001
-6.06126383926E+001
-6.06263546811E+001
-6.06429181194E+001
-6.06348914497E+001
-6.06340197584E+001
-6.06581669048E+001
-6.06439465629E+001
-6.06249878001E+001
-6.05978566613E+001
-6.05863328570E+001
-6.05403587346E+001
-6.05377570592E+001
-6.05407967175E+001
-6.05901564637E+001
-6.05742333883E+001
-6.06497182746E+001
-6.06704706572E+001
-6.06783562429E+001
-6.07025590229E+001
-6.07205746236E+001
-6.07050806471E+001
-6.06997164237E+001
-6.06895547595E+001
-6.06908314718E+001
-6.06753378910E+001
-6.06844152304E+001
-6.06822870619E+001
-6.06916655402E+001
-6.06807449063E+001
-6.06738905047E+001
-6.06604263290E+001
-6.06222120778E+001
-6.06114214528E+001
-6.06592471453E+001
-6.06400017772E+001
-6.06195032900E+001
-6.06465258919E+001
-6.06632111456E+001
-6.06742306049E+001
-6.06547372757E+001
-6.06017336573E+001
-6.05947731416E+001
-6.05647094903E+001
-6.05573960036E+001
-6.05300292585E+001
-6.05037191831E+001
-6.05131200367E+001
-6.04952159947E+001
-6.04684518939E+001
-6.04662329649E+001
-6.04522642229E+001
-6.04451227934E+001
-6.04781622589E+001
-6.04550770469E+001
-6.04156507800E+001
-6.03420189561E+001
-6.03269702659E+001
-6.03033623566E+001
-6.03311843926E+001
-6.03213102174E+001
-6.03367178140E+001
-6.03438333528E+001
-6.03738300061E+001
-6.04086050745E+001
-6.03892627730E+001
-6.03920021287E+001
-6.03924841605E+001
-6.04001397400E+001
-6.04143581983E+001
-6.04323646823E+001
-6.04032516721E+001
-6.03597823861E+001
-6.03269769946E+001
-6.03093451579E+001
-6.03063736485E+001
-6.03038598842E+001
-6.03070891041E+001
-6.03232327838E+001
-6.03177473507E+001
-6.03243798762E+001
-6.03236097860E+001
-6.03626057761E+001
-6.03386932015E+001
-6.03218599924E+001
-6.02949303057E+001
-6.02759372544E+001
-6.02788042531E+001
-6.02924423486E+001
-6.02777021480E+001
-6.02563447061E+001
-6.02274546255E+001
-6.02104927092E+001
-6.01863290151E+001
-6.01981239868E+001
-6.01836246526E+001
-6.01456969291E+001
-6.01333189472E+001
-6.01261790436E+001
-6.01154406998E+001
-6.01206223469E+001
-6.00815169890E+001
-6.00992481253E+001
-6.00783169028E+001
-6.00429749775E+001
-6.00438597583E+001
-5.99469318775E+001
-5.99550722732E+001
-5.99522748762E+001
-5.99208025618E+001
-5.99135688766E+001
-5.98819875277E+001
-5.98757200955E+001
-5.98830159076E+001
-5.98557293403E+001
-5.98635902679E+001
-5.98576908013E+001
-5.98138438573E+001
-5.98408346137E+001
-5.98269579880E+001
-5.98015904142E+001
-5.97718121990E+001
-5.97421044776E+001
-5.97315141584E+001
-5.96818685414E+001
-5.96718682062E+001
-5.96600454213E+001
-5.96524708369E+001
-5.96598048751E+001
-5.96627244069E+001
-5.96453333671E+001
-5.96085366960E+001
-5.95941830954E+001
-5.95733511424E+001
-5.95498620337E+001
-5.95485935883E+001
-5.95310963283E+001
-5.95659283995E+001
-5.95465409977E+001
-5.95328405327E+001
-5.95083528813E+001
-5.94799071207E+001
-5.94514053186E+001
-5.94611478928E+001
-5.94883797118E+001
-5.94661181345E+001
-5.94753252836E+001
-5.94239677116E+001
-5.93987967317E+001
-5.93378314466E+001
-5.93527101742E+001
-5.93793529069E+001
-5.93610633398E+001
-5.93766781430E+001
-5.93834192628E+001
-5.93829248297E+001
-5.93829364736E+001
-5.93709300640E+001
-5.93415803222E+001
-5.93366501393E+001
-5.93490708938E+001
-5.93165967158E+001
-5.93224520889E+001
-5.93182830831E+001
-5.92917837012E+001
-5.92373125662E+001
-5.92402180265E+001
-5.91860231118E+001
-5.91713685146E+001
-5.91698638829E+001
-5.91309719304E+001
-5.91085106856E+001
-5.91006951585E+001
-5.91245307301E+001
-5.91274417166E+001
-5.91624268690E+001
-5.91522023999E+001
-5.91183731789E+001
-5.91008024991E+001
-5.90538328501E+001
-5.90386889630E+001
-5.90373839164E+001
-5.90353088623E+001
-5.90346918428E+001
-5.90450135543E+001
-5.89944309735E+001
-5.89881262198E+001
-5.89629879540E+001
-5.89319227675E+001
-5.89074129405E+001
-5.88971971544E+001
-5.89229040644E+001
-5.89875418742E+001
-5.89709832322E+001
-5.90220442122E+001
-5.90306359529E+001
-5.90462755527E+001
-5.90933803621E+001
-5.91251765765E+001
-5.91017640669E+001
-5.91476822136E+001
-5.91267680795E+001
-5.92006252094E+001
-5.91949217599E+001
-5.91785092468E+001
-5.91916793603E+001
-5.92274329667E+001
-5.92292221149E+001
-5.92473650902E+001
-5.92559421318E+001
-5.92234631350E+001
-5.92171169473E+001
-5.92120833517E+001
-5.92160478410E+001
-5.91946831077E+001
-5.91368375304E+001
-5.91448365212E+001
-5.91473276040E+001
-5.91232041937E+001
-5.91685212468E+001
-5.91497026714E+001
-5.91311098942E+001
-5.91449591523E+001
-5.91587617301E+001
-5.91787329249E+001
-5.91744740596E+001
-5.91411481373E+001
-5.91516285942E+001
-5.91360891213E+001
-5.91031517230E+001
-5.90859526420E+001
-5.90826482965E+001
-5.90870022729E+001
-5.90781154556E+001
-5.90629495536E+001
-5.90800968550E+001
-5.91140488021E+001
-5.91361493521E+001
-5.91230668789E+001
-5.91330410950E+001
-5.91342227647E+001
-5.91043453090E+001
-5.90890242331E+001
-5.91058842766E+001
-5.91063893590E+001
-5.90962714136E+001
-5.90968221643E+001
-5.90849749595E+001
-5.90898520306E+001
-5.91090669699E+001
-5.90910644168E+001
-5.90688439705E+001
-5.90987013973E+001
-5.90843858642E+001
-5.91010075253E+001
-5.91146403261E+001
-5.91444807759E+001
-5.91811460030E+001
-5.91798073648E+001
-5.91763835683E+001
-5.91693341441E+001
-5.91748044287E+001
-5.92105032851E+001
-5.92217876988E+001
-5.92222590176E+001
-5.92228661629E+001
-5.92248824786E+001
-5.92221412127E+001
-5.92376468358E+001
-5.92230662838E+001
-5.92520356921E+001
-5.92419769656E+001
-5.92685473442E+001
-5.92566784608E+001
-5.92881995985E+001
-5.92885101371E+001
-5.92734353377E+001
-5.92519547838E+001
-5.92397957063E+001
-5.92366515551E+001
-5.92259548453E+001
-5.92400307109E+001
-5.92199446959E+001
-5.92182111961E+001
-5.92439379374E+001
-5.92645167699E+001
-5.92561015462E+001
-5.92612655302E+001
-5.92416005636E+001
-5.92488682238E+001
-5.92530112466E+001
-5.92908328268E+001
-5.92901783719E+001
-5.92946932060E+001
-5.92984500935E+001
-5.92974188578E+001
-5.93051856526E+001
-5.92851142535E+001
-5.92899831282E+001
-5.92991891751E+001
-5.93029522820E+001
-5.92891587039E+001
-5.93018197363E+001
-5.93133154286E+001
-5.93049393820E+001
-5.92934267866E+001
-5.93054776238E+001
-5.92910674934E+001
-5.92729045451E+001
-5.92797651260E+001
-5.92810852015E+001
-5.92581568666E+001
-5.92653559442E+001
-5.92630536256E+001
-5.92833243731E+001
-5.92855929847E+001
-5.93055041216E+001
-5.93384401893E+001
-5.93208657504E+001
-5.92961692946E+001
-5.93194853892E+001
-5.93208313555E+001
-5.93127997134E+001
-5.93365057772E+001
-5.92885849695E+001
-5.92882596745E+001
-5.92785091480E+001
-5.92728439008E+001
-5.92736307632E+001
-5.92849886875E+001
-5.93075715255E+001
-5.93263318530E+001
-5.93031167440E+001
-5.93086461960E+001
-5.93263053048E+001
-5.93044031215E+001
-5.93151985666E+001
-5.94135968407E+001
-5.94162827630E+001
-5.94005471628E+001
-5.94140434858E+001
-5.93985124656E+001
-5.93784749576E+001
-5.93162825396E+001
-5.93205909371E+001
-5.92719906500E+001
-5.92529826590E+001
-5.92391945643E+001
-5.92097650120E+001
-5.91846464728E+001
-5.91950072908E+001
-5.91631083901E+001
-5.91561123188E+001
-5.91044015237E+001
-5.91071023221E+001
-5.90792358899E+001
-5.90950041903E+001
-5.90708451011E+001
-5.91063940852E+001
-5.90862146024E+001
-5.90947975732E+001
-5.90788740909E+001
-5.90879463399E+001
-5.90770772268E+001
-5.91094513188E+001
-5.91253643709E+001
-5.91467527322E+001
-5.91503914286E+001
-5.91552643085E+001
-5.91658273588E+001
-5.91263431176E+001
-5.91149348914E+001
-5.91173842514E+001
-5.91203556978E+001
-5.91163469184E+001
-5.91649569688E+001
-5.91734264336E+001
-5.91932281037E+001
-5.92052647356E+001
-5.92193775363E+001
-5.92411160988E+001
-5.92512084807E+001
-5.92740254000E+001
-5.92633739981E+001
-5.92720116451E+001
-5.92682246355E+001
-5.92849301354E+001
-5.92520507054E+001
-5.92336146524E+001
-5.92355264016E+001
-5.92365236921E+001
-5.92430294092E+001
-5.92539131431E+001
-5.92941012684E+001
-5.93004994902E+001
-5.93011149976E+001
-5.93090006460E+001
-5.93244958763E+001
-5.93470404493E+001
-5.93236248512E+001
-5.93103282970E+001
-5.93275021653E+001
-5.93154496153E+001
-5.93044459408E+001
-5.93101826690E+001
-5.93063072140E+001
-5.93136738172E+001
-5.92813046265E+001
-5.92623705472E+001
-5.92900999113E+001
-5.93111012432E+001
-5.93260038854E+001
-5.93515404937E+001
-5.93336740382E+001
-5.93160751254E+001
-5.93201863436E+001
-5.93336965990E+001
-5.93172590303E+001
-5.93111969730E+001
-5.92930169698E+001
-5.93035743237E+001
-5.93606169370E+001
-5.94160509796E+001
-5.94078024414E+001
-5.94341426311E+001
-5.93941257388E+001
-5.94261125930E+001
-5.94286724946E+001
-5.94490920095E+001
-5.94674377640E+001
-5.94616757834E+001
-5.94714223251E+001
-5.95008207868E+001
-5.95319835245E+001
-5.95238355014E+001
-5.95035269746E+001
-5.94777912467E+001
-5.94817871945E+001
-5.95223828480E+001
-5.95438099512E+001
-5.95535997861E+001
-5.95589345607E+001
-5.95521854080E+001
-5.95617324391E+001
-5.95531933310E+001
-5.95472347517E+001
-5.95355266840E+001
-5.95275771512E+001
-5.95083758419E+001
-5.95128115809E+001
-5.95123637097E+001
-5.95280035095E+001
-5.95180613505E+001
-5.94852438145E+001
-5.94973276609E+001
-5.94802139786E+001
-5.95140050561E+001
-5.94940307829E+001
-5.95029764550E+001
-5.95137538238E+001
-5.95086661362E+001
-5.95213653418E+001
-5.95529522634E+001
-5.95427344948E+001
-5.95484974730E+001
-5.95291600490E+001
-5.95572112220E+001
-5.95697833744E+001
-5.95631645893E+001
-5.95726932488E+001
-5.96061088293E+001
-5.95850898424E+001
-5.96027589941E+001
-5.96612525721E+001
-5.96734980422E+001
-5.97168398551E+001
-5.97526095720E+001
-5.97196447008E+001
-5.97659831123E+001
-5.97872218652E+001
-5.97846598838E+001
-5.97776191429E+001
-5.97607346316E+001
-5.97830505832E+001
-5.97889982623E+001
-5.97755631249E+001
-5.97635101704E+001
-5.98218786348E+001
-5.97535905581E+001
-5.97790779356E+001
-5.97908052786E+001
-5.99209235654E+001
-5.99306916053E+001
-5.99455441511E+001
-5.99593476762E+001
-5.99759920467E+001
-5.99764407559E+001
-5.99702353630E+001
-5.99826037963E+001
-6.00260140703E+001
-6.00234339148E+001
-6.00276941151E+001
-6.00344670778E+001
-6.00451872416E+001
-6.00389007947E+001
-6.00448658566E+001
-6.00423257485E+001
-6.00285863624E+001
-6.00648859702E+001
-6.00383208663E+001
-6.00459581430E+001
-6.00529696107E+001
-6.00809982723E+001
-6.00763384254E+001
-6.00798468893E+001
-6.00580761154E+001
-6.00215492743E+001
-6.00186660588E+001
-6.00165800672E+001
-6.00206563971E+001
-6.00219332462E+001
-6.00120498056E+001
-6.00394969062E+001
-6.00167916166E+001
-6.00206776043E+001
-6.00196667984E+001
-5.99572727385E+001
-5.99780971948E+001
-5.99811012409E+001
-5.99506342461E+001
-5.99885486210E+001
-6.00022198828E+001
-6.00262182417E+001
-6.00362078715E+001
-6.00456961916E+001
-6.00308460835E+001
-6.00376253849E+001
-6.00321999498E+001
-6.00768158865E+001
-6.00858855234E+001
-6.00916987785E+001
-6.01235199950E+001
-6.01313339030E+001
-6.01591332816E+001
-6.01434576403E+001
-6.01095236982E+001
-6.01301515725E+001
-6.01252804251E+001
-6.01217327726E+001
-6.01553026498E+001
-6.01551332239E+001
-6.01430195539E+001
-6.01357062411E+001
-6.01607431727E+001
-6.01576418214E+001
-6.01580395042E+001
-6.01768305840E+001
-6.02013932805E+001
-6.02214718146E+001
-6.02298359247E+001
-6.01772147335E+001
-6.01387707728E+001
-6.01530604883E+001
-6.01191848253E+001
-6.01035965873E+001
-6.01107024732E+001
-6.01241143124E+001
-6.01036186569E+001
-6.01024149317E+001
-6.00912995150E+001
-6.00971509741E+001
-6.00922125541E+001
-6.00386595979E+001
-6.00231495899E+001
-5.99762257282E+001
-5.99643555741E+001
-5.99971032241E+001
-5.99809521438E+001
-5.99948198979E+001
-5.99997316688E+001
-6.00010230352E+001
-6.00282955102E+001
-6.00461040237E+001
-6.00343299908E+001
-6.00690825131E+001
-6.00981964064E+001
-6.01018261730E+001
-6.00993795581E+001
-6.00985053837E+001
-6.00752276735E+001
-6.00301991838E+001
-6.00447705919E+001
-6.00661671567E+001
-6.00849290793E+001
-6.01139703487E+001
-6.01240389542E+001
-6.01125611380E+001
-6.01086849814E+001
-6.01044009230E+001
-6.01389832251E+001
-6.01298474670E+001
-6.01433102971E+001
-6.01657112783E+001
-6.01782934501E+001
-6.01769158576E+001
-6.01622324636E+001
-6.01572499640E+001
-6.00945530547E+001
-6.01284482742E+001
-6.01253233358E+001
-6.01185351708E+001
-6.01326930521E+001
-6.01096692855E+001
-6.00705973517E+001
-6.00761835668E+001
-6.00856053411E+001
-6.00841644896E+001
-6.00471552296E+001
-6.00545355005E+001
-6.00354855677E+001
-6.00208605913E+001
-6.00235910380E+001
-6.00186206461E+001
-6.00020221362E+001
-5.99491233271E+001
-5.99403452746E+001
-5.99116443942E+001
-5.98764530211E+001
-5.99189009182E+001
-5.99246907783E+001
-5.99191196585E+001
-5.99267451871E+001
-5.99376941726E+001
-5.99836152913E+001
-5.99616070667E+001
-5.99463993260E+001
-6.00059754605E+001
-6.00518082584E+001
-6.00320223647E+001
-6.00157239258E+001
-5.99770076596E+001
-5.99845722100E+001
-5.98527789070E+001
-5.98478159789E+001
-5.98266258615E+001
-5.98333314085E+001
-5.98548756252E+001
-5.98512308685E+001
-5.98950072345E+001
-5.99127109906E+001
-5.98780574106E+001
-5.98866898004E+001
-5.98903589738E+001
-5.98868623759E+001
-5.98791528630E+001
-5.98863558520E+001
-5.98989581305E+001
-5.98994264102E+001
-5.99289575425E+001
-5.98983689095E+001
-5.99021087849E+001
-5.99130008249E+001
-5.99305826375E+001
-5.99512850460E+001
-5.99489680674E+001
-5.99441979242E+001
-5.99275579897E+001
-5.99384673366E+001
-5.99761074437E+001
-6.00477057164E+001
-6.00736605288E+001
-6.00551870517E+001
-6.00543340640E+001
-6.00487971066E+001
-6.00652647262E+001
-6.00544877545E+001
-6.00540903140E+001
-6.00683699539E+001
-6.00699884015E+001
-6.00798579940E+001
-6.00819903623E+001
-6.00513175086E+001
-6.00248697609E+001
-5.99889426745E+001
-5.99673070085E+001
-5.99739338106E+001
-5.99695823880E+001
-5.99817758135E+001
-5.99914047586E+001
-5.99323275747E+001
-5.99340318481E+001
-5.99429995756E+001
-5.99313926736E+001
-5.99281826829E+001
-5.99319259172E+001
-5.99449653853E+001
-5.99649636369E+001
-5.99546000068E+001
-5.99502369147E+001
-5.99558076972E+001
-5.99326222019E+001
-5.99305601774E+001
-5.99496624608E+001
-5.99445897565E+001
-5.99317199583E+001
-5.99470147078E+001
-5.99271820842E+001
-5.99308977021E+001
-5.98950296166E+001
-5.98912235459E+001
-5.98773326070E+001
-5.98800742227E+001
-5.98914432632E+001
-5.99069082053E+001
-5.99479572821E+001
-5.99719790707E+001
-5.99769250634E+001
-5.99784925716E+001
-6.00043184444E+001
-6.00170495952E+001
-6.00464575405E+001
-6.00771527516E+001
-6.00644056948E+001
-6.00569323349E+001
-6.00279772283E+001
-6.00460128384E+001
-6.00633601904E+001
-6.00506192294E+001
-6.00743439500E+001
-6.00750157415E+001
-6.00763446882E+001
-6.00684371768E+001
-6.00776973633E+001
-6.01249730373E+001
-6.01058047067E+001
-6.00959571107E+001
-6.00832850636E+001
-6.00685823713E+001
-6.00911987801E+001
-6.01132529079E+001
-6.01040056215E+001
-6.01009697968E+001
-6.00823387309E+001
-6.00647339438E+001
-6.00526416507E+001
-6.00129204046E+001
-6.00155720310E+001
-6.00046115066E+001
-6.00086687354E+001
-6.00212491033E+001
-6.00047558022E+001
-6.00110923043E+001
-6.00118840247E+001
-5.99742173946E+001
-5.99772363157E+001
-5.99867101333E+001
-6.00255927595E+001
-6.00716959484E+001
-6.00868153472E+001
-6.00666765759E+001
-6.00789754132E+001
-6.00797645800E+001
-6.00354116958E+001
-6.00517371175E+001
-6.00648156531E+001
-6.00941037542E+001
-6.00613295205E+001
-6.00958888798E+001
-6.01353934198E+001
-6.00951390560E+001
-6.01004595976E+001
-6.01227153250E+001
-6.01090752704E+001
-6.00997009506E+001
-6.01199164706E+001
-6.01143610786E+001
-6.00915782511E+001
-6.01125457808E+001
-6.01430741644E+001
-6.01187076566E+001
-6.00951800917E+001
-6.00941668655E+001
-6.00729153510E+001
-6.00691537911E+001
-6.00346272195E+001
-6.00151870305E+001
-6.00179303175E+001
-5.99870366527E+001
-5.99656122960E+001
-5.99408786339E+001
-5.99289000120E+001
-5.99307106959E+001
-5.99197521704E+001
-5.99462213184E+001
-5.99613324702E+001
-5.99935835468E+001
-5.99940211495E+001
-6.00047853798E+001
-6.00082538156E+001
-5.99675037343E+001
-5.99526115353E+001
-5.99305504664E+001
-5.99462175240E+001
-5.99283241695E+001
-5.99273694483E+001
-5.99500762676E+001
-5.99725579876E+001
-5.99679075652E+001
-5.99905867727E+001
-5.99423517101E+001
-5.99234760303E+001
-5.99132234044E+001
-5.99055969865E+001
-5.98746228480E+001
-5.98368059226E+001
-5.98604579270E+001
-5.98895465902E+001
-5.98906678043E+001
-5.99120416473E+001
-5.98425415982E+001
-5.98130414774E+001
-5.97768831847E+001
-5.98182395257E+001
-5.98535971418E+001
-5.98489572690E+001
-5.98660010345E+001
-5.98653706093E+001
-5.98651022217E+001
-5.98612796816E+001
-5.98667168783E+001
-5.98596662884E+001
-5.98857532030E+001
-5.99405159137E+001
-5.99420900537E+001
-5.99448949102E+001
-5.99362362419E+001
-5.99452341922E+001
-5.99299477758E+001
-5.99156032299E+001
-5.98786297506E+001
-5.98712201862E+001
-5.98818887761E+001
-5.98919637671E+001
-5.98771304942E+001
-5.98685875073E+001
-5.98515552456E+001
-5.98200615727E+001
-5.97989742841E+001
-5.97894396611E+001
-5.97788751129E+001
-5.97739933596E+001
-5.97747919498E+001
-5.97697091285E+001
-5.97794210339E+001
-5.98008260044E+001
-5.98154072194E+001
-5.98107085960E+001
-5.98133793528E+001
-5.98045665646E+001
-5.97974522861E+001
-5.98009030728E+001
-5.98138089036E+001
-5.98383570665E+001
-5.98219085962E+001
-5.98646826127E+001
-5.98329208153E+001
-5.98273401947E+001
-5.98076351310E+001
-5.97740171478E+001
-5.97468228086E+001
-5.97196139923E+001
-5.96855583056E+001
-5.96594658268E+001
-5.96683786670E+001
-5.96813990846E+001
-5.96609707535E+001
-5.96614463934E+001
-5.96604809121E+001
-5.96453729974E+001
-5.96268739041E+001
-5.95973159754E+001
-5.95997417528E+001
-5.95930001042E+001
-5.95390324300E+001
-5.94772518974E+001
-5.94939918154E+001
-5.94843823416E+001
-5.94693042373E+001
-5.94945258300E+001
-5.94776059936E+001
-5.94680310438E+001
-5.94667828123E+001
-5.95037069965E+001
-5.94967026026E+001
-5.95042346891E+001
-5.94921153376E+001
-5.94987101469E+001
-5.95242092480E+001
-5.95355720914E+001
-5.95383333629E+001
-5.95586098813E+001
-5.95698273855E+001
-5.95713233783E+001
-5.95642921073E+001
-5.96034189036E+001
-5.95897445532E+001
-5.95898282731E+001
-5.95770372089E+001
-5.95634383667E+001
-5.96160654361E+001
-5.96326239893E+001
-5.96829659288E+001
-5.96723228280E+001
-5.97000356383E+001
-5.96924977488E+001
-5.96988173180E+001
-5.96500565048E+001
-5.96672982632E+001
-5.96286298265E+001
-5.96320586326E+001
-5.96447123374E+001
-5.96309029740E+001
-5.96312341415E+001
-5.96426573557E+001
-5.96461045096E+001
-5.96281863062E+001
-5.96345470346E+001
-5.96639477887E+001
-5.96403788656E+001
-5.96269899763E+001
-5.96705741744E+001
-5.96675387110E+001
-5.96714640444E+001
-5.97363359587E+001
-5.97260131949E+001
-5.97288661793E+001
-5.97792154370E+001
-5.97800214644E+001
-5.97719754473E+001
-5.97634429785E+001
-5.97531091506E+001
-5.97687014387E+001
-5.97590780284E+001
-5.97862731322E+001
-5.97228555340E+001
-5.96977903788E+001
-5.96714317095E+001
-5.96782407062E+001
-5.96615476970E+001
-5.96446044458E+001
-5.96763119614E+001
-5.96826442566E+001
-5.96815080892E+001
-5.96951789902E+001
-5.97169742246E+001
-5.97130212946E+001
-5.97196287625E+001
-5.97134707602E+001
-5.97207057023E+001
-5.97215498187E+001
-5.97788681055E+001
-5.98157604036E+001
-5.98219332510E+001
-5.98208124992E+001
-5.98831960480E+001
-5.98968313532E+001
-5.98989267094E+001
-5.98593895175E+001
-5.98578102511E+001
-5.98299403228E+001
-5.98671398717E+001
-5.98361798238E+001
-5.98624409160E+001
-5.98306541319E+001
-5.98042010853E+001
-5.98248390942E+001
-5.98137544271E+001
-5.98224791143E+001
-5.98489259181E+001
-5.98958980686E+001
-5.98749544138E+001
-5.98904257161E+001
-5.98610555806E+001
-5.97909149553E+001
-5.97880238876E+001
-5.98081777597E+001
-5.98218587959E+001
-5.97951960682E+001
-5.98008023360E+001
-5.97955560128E+001
-5.98198132649E+001
-5.98243420047E+001
-5.98249584854E+001
-5.98024942722E+001
-5.97919320833E+001
-5.97988809040E+001
-5.97840380434E+001
-5.98128947977E+001
-5.98370897601E+001
-5.98469070677E+001
-5.98493439935E+001
-5.98382491807E+001
-5.98248268564E+001
-5.98283438654E+001
-5.97963487474E+001
-5.98281941826E+001
-5.98248168824E+001
-5.98441561929E+001
-5.98361329119E+001
-5.98581702521E+001
-5.98860091849E+001
-5.99046528331E+001
-5.98946664847E+001
-5.98791755489E+001
-5.99093779143E+001
-5.98395990544E+001
-5.98260564671E+001
-5.98274806373E+001
-5.98271492928E+001
-5.98303159366E+001
-5.98497063462E+001
-5.98508256371E+001
-5.98679380422E+001
-5.98621510421E+001
-5.98799433505E+001
-5.98858464287E+001
-5.99079003986E+001
-5.99307091585E+001
-5.99174413503E+001
-5.99172166343E+001
-5.99078860464E+001
-5.99258553483E+001
-5.99132563581E+001
-5.99371526024E+001
-5.99430210911E+001
-5.99589681270E+001
-5.99537673180E+001
-5.99303038103E+001
-5.99556174785E+001
-6.00142558983E+001
-6.00477520938E+001
-6.00412350031E+001
-6.00177503485E+001
-5.99850983088E+001
-6.00063552826E+001
-6.00030110032E+001
-5.99981331050E+001
-5.99943980473E+001
-5.99645106960E+001
-5.99600360935E+001
-5.99392458530E+001
-5.99083020679E+001
-5.98932862352E+001
-5.98794350445E+001
-5.98791869485E+001
-5.98527667006E+001
-5.98501394145E+001
-5.98815172636E+001
-5.98608691878E+001
-5.98460625251E+001
-5.97877917382E+001
-5.97987846942E+001
-5.97903749428E+001
-5.98395367970E+001
-5.98454918368E+001
-5.98488332457E+001
-5.98472931151E+001
-5.98642963408E+001
-5.98662143482E+001
-5.98940728568E+001
-5.98665867029E+001
-5.98786428198E+001
-5.98836202960E+001
-5.98899575845E+001
-5.99093234094E+001
-5.99498927331E+001
-5.99699822031E+001
-5.99684165056E+001
-5.99444717201E+001
-5.99446697829E+001
-5.99509465512E+001
-5.99177207344E+001
-5.99030344781E+001
-5.99130778124E+001
-5.98744882829E+001
-5.99198136219E+001
-5.99499510458E+001
-5.99270474610E+001
-5.99505806866E+001
-5.99815686292E+001
-5.99901726301E+001
-6.00260691425E+001
-6.00118281403E+001
-6.00290526679E+001
-6.00211564723E+001
-6.00544380036E+001
-6.00818055433E+001
-6.00760084929E+001
-6.00617133056E+001
-6.00605332963E+001
-6.00961503999E+001
-6.00796802781E+001
-6.00973435006E+001
-6.01102392683E+001
-6.00786911303E+001
-6.01145507579E+001
-6.01235775210E+001
-6.01362346655E+001
-6.01526535197E+001
-6.01895673348E+001
-6.02077409305E+001
-6.01760496334E+001
-6.02090861676E+001
-6.02059397763E+001
-6.02108462184E+001
-6.01746197172E+001
-6.01711798226E+001
-6.01889011116E+001
-6.01935407953E+001
-6.02328980458E+001
-6.02487456257E+001
-6.02547007470E+001
-6.02241741574E+001
-6.01896599190E+001
-6.01838727659E+001
-6.02147469053E+001
-6.02154577248E+001
-6.02891362276E+001
-6.03104669354E+001
-6.02966609652E+001
-6.02414014030E+001
-6.02598462298E+001
-6.02303256103E+001
-6.02418835863E+001
-6.02380721966E+001
-6.02587568890E+001
-6.02468239863E+001
-6.02411585374E+001
-6.02736823979E+001
-6.02895488417E+001
-6.03170281241E+001
-6.03446114012E+001
-6.03628922831E+001
-6.04076769007E+001
-6.04771109308E+001
-6.05689110563E+001
-6.05491806489E+001
-6.05916539756E+001
-6.05707419893E+001
-6.05649950534E+001
-6.05855009349E+001
-6.06067312984E+001
-6.05915967839E+001
-6.05878153004E+001
-6.06788329272E+001
-6.07038229891E+001
-6.06596275634E+001
-6.06499943748E+001
-6.06180405779E+001
-6.06358972081E+001
-6.06247578488E+001
-6.06157325033E+001
-6.05813252240E+001
-6.05831940230E+001
-6.05996087013E+001
-6.06117968517E+001
-6.06250629117E+001
-6.06234789021E+001
-6.06192581335E+001
-6.06096992841E+001
-6.06326388107E+001
-6.06498590049E+001
-6.06710705012E+001
-6.06826005912E+001
-6.06733284825E+001
-6.06499833329E+001
-6.06302674222E+001
-6.06652927123E+001
-6.06631046158E+001
-6.07008882480E+001
-6.07162057605E+001
-6.07195612029E+001
-6.07349059956E+001
-6.07332474067E+001
-6.07720059363E+001
-6.08104771572E+001
-6.08060942640E+001
-6.07860561663E+001
-6.08001314234E+001
-6.08272663102E+001
-6.07574790252E+001
-6.07457448832E+001
-6.07535094072E+001
-6.07713205925E+001
-6.08381829885E+001
-6.08413171718E+001
-6.08277268427E+001
-6.08094964951E+001
-6.08237149237E+001
-6.08458242403E+001
-6.08441290644E+001
-6.08654722460E+001
-6.08955651376E+001
-6.09140968786E+001
-6.09411048887E+001
-6.09669966328E+001
-6.10135845567E+001
-6.10101697925E+001
-6.10161319994E+001
-6.10062715155E+001
-6.10188490780E+001
-6.10540156964E+001
-6.09988025154E+001
-6.09400653633E+001
-6.09186493475E+001
-6.09373264997E+001
-6.09870091101E+001
-6.09989945625E+001
-6.10227142154E+001
-6.10227327914E+001
-6.10115033438E+001
-6.10288585608E+001
-6.10418462113E+001
-6.10542927189E+001
-6.10302574709E+001
-6.10157694379E+001
-6.10232056082E+001
-6.10218694357E+001
-6.10477161269E+001
-6.10522202755E+001
-6.10812351636E+001
-6.10749949817E+001
-6.10708526265E+001
-6.10929975570E+001
-6.10878478759E+001
-6.10994349629E+001
-6.10631440250E+001
-6.10649569197E+001
-6.10744625253E+001
-6.10876793339E+001
-6.10463680400E+001
-6.10740580073E+001
-6.10414356402E+001
-6.10584626789E+001
-6.10468871475E+001
-6.10601756403E+001
-6.10574157293E+001
-6.10843018535E+001
-6.10884848267E+001
-6.11051634139E+001
-6.10859979131E+001
-6.10979831835E+001
-6.11172631257E+001
-6.11030074373E+001
-6.11014682509E+001
-6.11255773925E+001
-6.10774839419E+001
-6.10788425901E+001
-6.10434613762E+001
-6.10177322700E+001
-6.09473563026E+001
-6.09416920709E+001
-6.09668247542E+001
-6.09184133946E+001
-6.09405146250E+001
-6.09571410366E+001
-6.09509602581E+001
-6.09739695970E+001
-6.09526340006E+001
-6.10096764974E+001
-6.09879772007E+001
-6.09968655005E+001
-6.09753906703E+001
-6.10189672556E+001
-6.10539857089E+001
-6.10850418767E+001
-6.10643661162E+001
-6.10360971709E+001
-6.09845690196E+001
-6.10080323727E+001
-6.09980288327E+001
-6.10053823409E+001
-6.09942052272E+001
-6.10212069979E+001
-6.10465510886E+001
-6.10564461337E+001
-6.10507375866E+001
-6.10735886274E+001
-6.10861105819E+001
-6.10701469086E+001
-6.10633838934E+001
-6.10567634360E+001
-6.10260675986E+001
-6.09996275963E+001
-6.09393194735E+001
-6.08559615166E+001
-6.07468102787E+001
-6.07608452985E+001
-6.07523714541E+001
-6.07640750692E+001
-6.07813328734E+001
-6.07734378658E+001
-6.08060920332E+001
-6.08139593742E+001
-6.08356772327E+001
-6.07504865530E+001
-6.07664993059E+001
-6.07456971411E+001
-6.07655364307E+001
-6.08125364518E+001
-6.08215560662E+001
-6.08230971027E+001
-6.08079175633E+001
-6.08270856109E+001
-6.08252954052E+001
-6.08315834529E+001
-6.08092515174E+001
-6.08110961612E+001
-6.08196577418E+001
-6.09354447426E+001
-6.09636254511E+001
-6.09452993284E+001
-6.09271184262E+001
-6.09384132687E+001
-6.09260219202E+001
-6.09512271711E+001
-6.09519266131E+001
-6.09464348985E+001
-6.09166271771E+001
-6.09331171924E+001
-6.08846536379E+001
-6.09352393273E+001
-6.09410539069E+001
-6.09318400905E+001
-6.09372790967E+001
-6.08909167135E+001
-6.08637272349E+001
-6.08677169988E+001
-6.08661266071E+001
-6.09046076110E+001
-6.08860362476E+001
-6.08823238326E+001
-6.08537458605E+001
-6.08539532896E+001
-6.08505229131E+001
-6.08249194973E+001
-6.08109039840E+001
-6.08165422849E+001
-6.08304400836E+001
-6.08283673274E+001
-6.08056320005E+001
-6.08238795608E+001
-6.08054903249E+001
-6.08075270443E+001
-6.07906479672E+001
-6.07647587430E+001
-6.07474064610E+001
-6.07059149392E+001
-6.07203624436E+001
-6.06712175480E+001
-6.06910476204E+001
-6.06840443617E+001
-6.07061738473E+001
-6.07391520740E+001
-6.07481101801E+001
-6.07386800267E+001
-6.07054062920E+001
-6.06769923270E+001
-6.06673047239E+001
-6.06594153969E+001
-6.06692427792E+001
-6.06800075352E+001
-6.06488574930E+001
-6.06421924346E+001
-6.06295424847E+001
-6.06677897693E+001
-6.06522847618E+001
-6.06160595979E+001
-6.06142203104E+001
-6.05693463343E+001
-6.06104832117E+001
-6.05924042991E+001
-6.05880600168E+001
-6.05752677904E+001
-6.05603135764E+001
-6.05423896817E+001
-6.05382242462E+001
-6.05406298900E+001
-6.05284953406E+001
-6.05354067465E+001
-6.05206161957E+001
-6.05460812885E+001
-6.04986998781E+001
-6.04904060255E+001
-6.05219690028E+001
-6.05606028782E+001
-6.05382469294E+001
-6.05370017824E+001
-6.05148911571E+001
-6.05446779436E+001
-6.05365454252E+001
-6.05941447912E+001
-6.05703977326E+001
-6.05608781911E+001
-6.05725136337E+001
-6.05526911615E+001
-6.05429649239E+001
-6.05334527429E+001
-6.05524445102E+001
-6.05861366651E+001
-6.05789432138E+001
-6.06192860658E+001
-6.06601918605E+001
-6.06695387762E+001
-6.06716162512E+001
-6.06808063681E+001
-6.07641151172E+001
-6.07871318092E+001
-6.08541689773E+001
-6.08586872874E+001
-6.08209105847E+001
-6.08208184517E+001
-6.08378718482E+001
-6.08454012186E+001
-6.08426741397E+001
-6.08689568432E+001
-6.08585948078E+001
-6.08574081084E+001
-6.08716531327E+001
-6.08830190573E+001
-6.08453894388E+001
-6.08651813651E+001
-6.08646778132E+001
-6.08640418874E+001
-6.09043051782E+001
-6.09184852925E+001
-6.09285687111E+001
-6.09306066203E+001
-6.09504382568E+001
-6.09357367698E+001
-6.09587730143E+001
-6.09864103721E+001
-6.09828301614E+001
-6.09982061669E+001
-6.10322383634E+001
-6.10339494943E+001
-6.10618600779E+001
-6.10939546063E+001
-6.11075529190E+001
-6.11576030302E+001
-6.11686467612E+001
-6.11443663782E+001
-6.11518507581E+001
-6.11447324680E+001
-6.11864678213E+001
-6.11816718790E+001
-6.11987394623E+001
-6.11958526020E+001
-6.12284606487E+001
-6.12522654401E+001
-6.12298959342E+001
-6.12321419620E+001
-6.12350764623E+001
-6.12374116622E+001
-6.12432281334E+001
-6.12887731986E+001
-6.13026297034E+001
-6.13288864746E+001
-6.13295622804E+001
-6.13600523276E+001
-6.12507218522E+001
-6.12842472984E+001
-6.12970415987E+001
-6.13286166094E+001
-6.13013316830E+001
-6.13013697372E+001
-6.13114362376E+001
-6.13860407908E+001
-6.13937123793E+001
-6.14152756632E+001
-6.14331837261E+001
-6.14475965730E+001
-6.14359855233E+001
-6.14467629922E+001
-6.14760484755E+001
-6.14711528765E+001
-6.14782283069E+001
-6.15047708307E+001
-6.15048532964E+001
-6.15333375811E+001
-6.15060281457E+001
-6.14816206578E+001
-6.14974677302E+001
-6.15262845082E+001
-6.15291635686E+001
-6.15490042717E+001
-6.15336825887E+001
-6.15346018524E+001
-6.15359870471E+001
-6.15712143098E+001
-6.15708686328E+001
-6.15716968766E+001
-6.15686329800E+001
-6.16136735734E+001
-6.15897234567E+001
-6.16041993100E+001
-6.16470165622E+001
-6.16545176642E+001
-6.16858913098E+001
-6.16792027214E+001
-6.17561299468E+001
-6.17563123886E+001
-6.17555640652E+001
-6.17219513239E+001
-6.16944748964E+001
-6.17078721558E+001
-6.17512825287E+001
-6.17900787516E+001
-6.17999646771E+001
-6.18344175775E+001
-6.18304841566E+001
-6.18610988539E+001
-6.18597344435E+001
-6.18797962495E+001
-6.18564241735E+001
-6.18482080298E+001
-6.18062822689E+001
-6.18160307251E+001
-6.18912531205E+001
-6.18986955267E+001
-6.19225072700E+001
-6.18749069450E+001
-6.18949989691E+001
-6.18909206253E+001
-6.18955798128E+001
-6.19379341137E+001
-6.19387137750E+001
-6.19059615607E+001
-6.19353702436E+001
-6.19351550754E+001
-6.19552266717E+001
-6.19775476497E+001
-6.19687614630E+001
-6.19925454171E+001
-6.20178203332E+001
-6.20174274609E+001
-6.19934674094E+001
-6.20215959717E+001
-6.20344213871E+001
-6.20389173899E+001
-6.20135582516E+001
-6.20075864275E+001
-6.19810349274E+001
-6.19779215768E+001
-6.19610544567E+001
-6.19474612665E+001
-6.20164556904E+001
-6.20273987419E+001
-6.20656091277E+001
-6.20617795898E+001
-6.21053432431E+001
-6.21516732190E+001
-6.21534899714E+001
-6.21147815077E+001
-6.20862857943E+001
-6.20997314529E+001
-6.20816856631E+001
-6.20474412974E+001
-6.20372215118E+001
-6.19754052420E+001
-6.19771607839E+001
-6.19746453031E+001
-6.19706794664E+001
-6.19320817187E+001
-6.19373583563E+001
-6.19223721053E+001
-6.18856043031E+001
-6.19135547254E+001
-6.19025871789E+001
-6.18879222298E+001
-6.19023026007E+001
-6.19039000380E+001
-6.19181219261E+001
-6.19177168585E+001
-6.20424061291E+001
-6.20286274981E+001
-6.20033895063E+001
-6.20333517379E+001
-6.20909557493E+001
-6.20704647424E+001
-6.20503816384E+001
-6.20196630777E+001
-6.20051365417E+001
-6.20321431502E+001
-6.20191514295E+001
-6.20136697854E+001
-6.20153108706E+001
-6.20085646817E+001
-6.20085339691E+001
-6.20457462330E+001
-6.20279417679E+001
-6.20147427899E+001
-6.20437290115E+001
-6.20585731728E+001
-6.20491675449E+001
-6.20286539710E+001
-6.20147354701E+001
-6.20299479956E+001
-6.20315139436E+001
-6.20046223830E+001
-6.19582372771E+001
-6.19478696297E+001
-6.19530487437E+001
-6.19283146143E+001
-6.19485065324E+001
-6.19570521142E+001
-6.19462623053E+001
-6.19265133389E+001
-6.19007016346E+001
-6.18850563029E+001
-6.18697241978E+001
-6.18731930435E+001
-6.18375289610E+001
-6.18527596447E+001
-6.18508155716E+001
-6.18799239662E+001
-6.18958503256E+001
-6.18637565401E+001
-6.17959100812E+001
-6.18117314254E+001
-6.18278557730E+001
-6.18265790843E+001
-6.18640241330E+001
-6.18510386036E+001
-6.18497100509E+001
-6.18472489052E+001
-6.18490455265E+001
-6.18750432214E+001
-6.18848784161E+001
-6.18732164119E+001
-6.18662567234E+001
-6.18704894521E+001
-6.18727075867E+001
-6.18758250773E+001
-6.18668024993E+001
-6.18699312876E+001
-6.18688038003E+001
-6.18604723701E+001
-6.18576418549E+001
-6.18558607466E+001
-6.18000278961E+001
-6.18011314077E+001
-6.18251519097E+001
-6.18325598160E+001
-6.18373815987E+001
-6.18357462178E+001
-6.18267834225E+001
-6.18166817702E+001
-6.18228906077E+001
-6.17924126994E+001
-6.18170273100E+001
-6.17611317732E+001
-6.17670188716E+001
-6.17531013627E+001
-6.17770962560E+001
-6.18255665598E+001
-6.18252862069E+001
-6.17810106150E+001
-6.17637860366E+001
-6.18028382908E+001
-6.18239168945E+001
-6.18185749496E+001
-6.18193149959E+001
-6.18954925717E+001
-6.19252848109E+001
-6.19264703289E+001
-6.19548147830E+001
-6.20093955793E+001
-6.19910799539E+001
-6.19829283434E+001
-6.19691537380E+001
-6.19685213353E+001
-6.20012076893E+001
-6.19778479985E+001
-6.19877655613E+001
-6.19896927166E+001
-6.19451903261E+001
-6.20259470008E+001
-6.20498403017E+001
-6.20583597202E+001
-6.20567216117E+001
-6.20059415889E+001
-6.19808521613E+001
-6.19908140539E+001
-6.19698570739E+001
-6.19574444678E+001
-6.19385362690E+001
-6.19422310518E+001
-6.19388186018E+001
-6.19250088402E+001
-6.19000900598E+001
-6.19223987579E+001
-6.19206261909E+001
-6.18947555444E+001
-6.18926879099E+001
-6.18990561165E+001
-6.18921922563E+001
-6.18448230667E+001
-6.18145257479E+001
-6.18042513055E+001
-6.18072780965E+001
-6.17202459946E+001
-6.17112614122E+001
-6.17211612162E+001
-6.17215879233E+001
-6.17206184072E+001
-6.17023054204E+001
-6.16488325667E+001
-6.15456303334E+001
-6.15095376227E+001
-6.14539557905E+001
-6.14096075675E+001
-6.13884447628E+001
-6.13570310313E+001
-6.13284167374E+001
-6.12923874725E+001
-6.12592311991E+001
-6.12320460577E+001
-6.11583244317E+001
-6.11322647215E+001
-6.11055390269E+001
-6.10408921535E+001
-6.09954092223E+001
-6.09340093459E+001
-6.09042687274E+001
-6.07474194142E+001
-6.06813502599E+001
-6.06364360336E+001
-6.05710727430E+001
-6.04712717097E+001
-6.04138514898E+001
-6.04026939221E+001
-6.03968879231E+001
-6.03506122443E+001
-6.02827096853E+001
-6.02440755081E+001
-6.02082808092E+001
-6.01769701209E+001
-6.01490003452E+001
-6.01144879868E+001
-6.00397847027E+001
-5.99710079732E+001
-5.99222150680E+001
-5.98881022615E+001
-5.98365586520E+001
-5.98017554668E+001
-5.97811100052E+001
-5.97514958946E+001
-5.96808888158E+001
-5.96061780485E+001
-5.95941800924E+001
-5.95691559604E+001
-5.95249727966E+001
-5.94822055281E+001
-5.94467476071E+001
-5.94024720623E+001
-5.93467306704E+001
-5.92825521114E+001
-5.92277252795E+001
-5.92011117593E+001
-5.91863280937E+001
-5.91646989877E+001
-5.91160750857E+001
-5.90829091564E+001
-5.90257455172E+001
-5.89578769228E+001
-5.89228505606E+001
-5.88652125960E+001
-5.88353345716E+001
-5.88053711724E+001
-5.87763373833E+001
-5.87071485288E+001
-5.86342527216E+001
-5.85744358001E+001
-5.85256305388E+001
-5.84865460176E+001
-5.84333471224E+001
-5.83964032861E+001
-5.83269573020E+001
-5.82794513570E+001
-5.82554191923E+001
-5.82135482081E+001
-5.81585455260E+001
-5.81329229622E+001
-5.81047269996E+001
-5.80897317503E+001
-5.80387171598E+001
-5.79984219629E+001
-5.79514665860E+001
-5.79209099906E+001
-5.78786104720E+001
-5.78628684855E+001
-5.78306624272E+001
-5.77893445565E+001
-5.77456087271E+001
-5.76833054017E+001
-5.76405530964E+001
-5.76249576833E+001
-5.75675788650E+001
-5.75295918931E+001
-5.75069495672E+001
-5.74489199285E+001
-5.74048771362E+001
-5.73486424150E+001
-5.73125850834E+001
-5.72305255827E+001
-5.71671670014E+001
-5.71155277509E+001
-5.70933667493E+001
-5.70568772944E+001
-5.69613830035E+001
-5.68776483508E+001
-5.68355613237E+001
-5.67702985694E+001
-5.66496478976E+001
-5.66000001529E+001
-5.65894676291E+001
-5.65512671533E+001
-5.64683428065E+001
-5.64416467120E+001
-5.63279905708E+001
-5.63045907776E+001
-5.62698198543E+001
-5.62096268869E+001
-5.61632406468E+001
-5.61137880599E+001
-5.60765768060E+001
-5.60540204404E+001
-5.59424822483E+001
-5.58817430927E+001
-5.58143810715E+001
-5.57822859148E+001
-5.57695579199E+001
-5.57296578161E+001
-5.56749936308E+001
-5.56634576731E+001
-5.56288666762E+001
-5.55925746280E+001
-5.55750429779E+001
-5.55199062405E+001
-5.54871532910E+001
-5.54663238605E+001
-5.54258879471E+001
-5.53963335419E+001
-5.53714530591E+001
-5.53222161662E+001
-5.52862737486E+001
-5.52539182033E+001
-5.52248387040E+001
-5.52023885481E+001
-5.51548596322E+001
-5.51021664501E+001
-5.50944664985E+001
-5.50260925706E+001
-5.49613140337E+001
-5.49018413197E+001
-5.48752950829E+001
-5.48449437303E+001
-5.48381768182E+001
-5.48434591122E+001
-5.48153417165E+001
-5.48140078466E+001
-5.47990939552E+001
-5.47815542374E+001
-5.47896609866E+001
-5.48071149118E+001
-5.48110055493E+001
-5.48225138309E+001
-5.48125421811E+001
-5.48154470216E+001
-5.48171616834E+001
-5.48064456326E+001
-5.47988500045E+001
-5.48087848372E+001
-5.48262905390E+001
-5.48350575042E+001
-5.48231679758E+001
-5.47976995823E+001
-5.47993275220E+001
-5.47951844853E+001
-5.47916452539E+001
-5.47894320824E+001
-5.47871714642E+001
-5.47648073324E+001
-5.47528873278E+001
-5.47521657422E+001
-5.47569703265E+001
-5.47507850659E+001
-5.47553522290E+001
-5.47430425366E+001
-5.47411511108E+001
-5.47281139172E+001
-5.47006735953E+001
-5.47225148301E+001
-5.47074551473E+001
-5.46917006542E+001
-5.46680785451E+001
-5.46403655627E+001
-5.46487568427E+001
-5.46790652825E+001
-5.46894071660E+001
-5.46934964789E+001
-5.47072507031E+001
-5.47241438105E+001
-5.47422190185E+001
-5.47719930413E+001
-5.47685630089E+001
-5.47911852800E+001
-5.47920654974E+001
-5.47865258943E+001
-5.47678039585E+001
-5.47668304041E+001
-5.47510106981E+001
-5.47507115419E+001
-5.47415483359E+001
-5.47440502121E+001
-5.47625838422E+001
-5.47795246795E+001
-5.47837857082E+001
-5.47968247704E+001
-5.47940974556E+001
-5.47730770587E+001
-5.47831509861E+001
-5.47819237002E+001
-5.47780185451E+001
-5.47714546466E+001
-5.47660696665E+001
-5.47582944019E+001
-5.47673044539E+001
-5.47608637749E+001
-5.47550126100E+001
-5.47516023934E+001
-5.47673088964E+001
-5.47719806248E+001
-5.47664665757E+001
-5.47428130558E+001
-5.47179946757E+001
-5.47438564156E+001
-5.47613307385E+001
-5.47914255542E+001
-5.47961723854E+001
-5.48206172264E+001
-5.48465256795E+001
-5.48599791778E+001
-5.48612379886E+001
-5.48576735855E+001
-5.48353785282E+001
-5.48427465517E+001
-5.48421942173E+001
-5.48475288786E+001
-5.48289120894E+001
-5.48393753215E+001
-5.48295005213E+001
-5.48212705091E+001
-5.48357203496E+001
-5.48467399207E+001
-5.48721317604E+001
-5.48586997103E+001
-5.48512583525E+001
-5.48468356503E+001
-5.48495938961E+001
-5.48399355522E+001
-5.48315069493E+001
-5.48346051948E+001
-5.48361433846E+001
-5.48513316081E+001
-5.48483572200E+001
-5.48221024655E+001
-5.48298598548E+001
-5.48535826325E+001
-5.48615900814E+001
-5.48806825095E+001
-5.48569416088E+001
-5.48565681905E+001
-5.48596688934E+001
-5.48758824457E+001
-5.49066065898E+001
-5.49078087015E+001
-5.49016440561E+001
-5.49178259790E+001
-5.49307773955E+001
-5.49342010468E+001
-5.49199939895E+001
-5.49159758561E+001
-5.49285453186E+001
-5.49312379486E+001
-5.49304829646E+001
-5.49182834297E+001
-5.49276535549E+001
-5.49161523961E+001
-5.49305959931E+001
-5.49456435911E+001
-5.49576479700E+001
-5.49538497213E+001
-5.49672259567E+001
-5.49843162868E+001
-5.49913763909E+001
-5.50032045591E+001
-5.50211050976E+001
-5.50165584885E+001
-5.50184974652E+001
-5.50161310302E+001
-5.50189293044E+001
-5.50311623128E+001
-5.50451921337E+001
-5.50469996286E+001
-5.50962809631E+001
-5.50907000712E+001
-5.50911969703E+001
-5.50980989976E+001
-5.51016415702E+001
-5.51228638413E+001
-5.51282528145E+001
-5.51245993144E+001
-5.51370510892E+001
-5.51303261015E+001
-5.51133095288E+001
-5.51159662286E+001
-5.51208471465E+001
-5.51060006902E+001
-5.51299744902E+001
-5.51313252515E+001
-5.51582623885E+001
-5.51616980657E+001
-5.51633153251E+001
-5.51569972696E+001
-5.51540675465E+001
-5.51678950044E+001
-5.51857057758E+001
-5.51955249792E+001
-5.51890427071E+001
-5.52005850415E+001
-5.51966153130E+001
-5.52124753768E+001
-5.52165576366E+001
-5.52439762585E+001
-5.52411654749E+001
-5.52385464648E+001
-5.52257401999E+001
-5.52245701361E+001
-5.52508326308E+001
-5.52316588060E+001
-5.52258282548E+001
-5.52296380060E+001
-5.52017767361E+001
-5.51951489020E+001
-5.51941411475E+001
-5.51903677722E+001
-5.51977449385E+001
-5.51830208715E+001
-5.51577932881E+001
-5.51509771260E+001
-5.51438308059E+001
-5.51363544408E+001
-5.51284322919E+001
-5.50902663980E+001
-5.50817320146E+001
-5.50663768603E+001
-5.50501875108E+001
-5.50394277273E+001
-5.50570464800E+001
-5.50549313497E+001
-5.50450450381E+001
-5.50514390289E+001
-5.50432492284E+001
-5.50343344752E+001
-5.50250324703E+001
-5.50201966075E+001
-5.49861793586E+001
-5.49800898589E+001
-5.49701978876E+001
-5.49637340552E+001
-5.49662402993E+001
-5.49514150752E+001
-5.49546994781E+001
-5.49267577828E+001
-5.49366879643E+001
-5.49239708146E+001
-5.49338824507E+001
-5.49267809690E+001
-5.49345344135E+001
-5.49203428838E+001
-5.49138331330E+001
-5.48938283231E+001
-5.49072530239E+001
-5.49089762083E+001
-5.49060001972E+001
-5.49096594341E+001
-5.48869544467E+001
-5.48540325315E+001
-5.48283745114E+001
-5.48129765746E+001
-5.47960782004E+001
-5.47758536280E+001
-5.47631361278E+001
-5.47438601287E+001
-5.47161691375E+001
-5.47235481928E+001
-5.47227510273E+001
-5.47056911432E+001
-5.46968225323E+001
-5.46963319312E+001
-5.46850102077E+001
-5.46738775674E+001
-5.46798039404E+001
-5.46545103282E+001
-5.46545890049E+001
-5.46458620609E+001
-5.46478641440E+001
-5.46400056976E+001
-5.46400626178E+001
-5.46244485274E+001
-5.46227111766E+001
-5.46243031443E+001
-5.46329533151E+001
-5.46083022547E+001
-5.46001640050E+001
-5.45817906614E+001
-5.45671646707E+001
-5.45485245657E+001
-5.45355804121E+001
-5.45312747422E+001
-5.45100994024E+001
-5.45260161687E+001
-5.45140086937E+001
-5.44999773824E+001
-5.44878007916E+001
-5.44646933962E+001
-5.44617856291E+001
-5.44659318085E+001
-5.44447648117E+001
-5.44280825558E+001
-5.44201215423E+001
-5.44218317911E+001
-5.44048882312E+001
-5.43781685406E+001
-5.43808319805E+001
-5.43690452338E+001
-5.43618762449E+001
-5.43327936306E+001
-5.43195671063E+001
-5.43083113742E+001
-5.42964153127E+001
-5.42769107354E+001
-5.42563202650E+001
-5.42545526750E+001
-5.42236426290E+001
-5.42403795294E+001
-5.42250148918E+001
-5.42097116344E+001
-5.42084810130E+001
-5.41930235411E+001
-5.42000341209E+001
-5.41917485163E+001
-5.41663349273E+001
-5.41492450631E+001
-5.41419299352E+001
-5.40851926129E+001
-5.40677440396E+001
-5.40519205263E+001
-5.40682120459E+001
-5.40585411679E+001
-5.40431240427E+001
-5.40326147176E+001
-5.40327594609E+001
-5.40125604705E+001
-5.39906071525E+001
-5.39777571840E+001
-5.39547892643E+001
-5.39212758627E+001
-5.39095778382E+001
-5.38740947130E+001
-5.38582194809E+001
-5.38453635138E+001
-5.38379078801E+001
-5.38313078010E+001
-5.38111383323E+001
-5.37992567209E+001
-5.37840741050E+001
-5.37684619106E+001
-5.37488884107E+001
-5.37578115506E+001
-5.37478011634E+001
-5.37622597953E+001
-5.37413058644E+001
-5.37512982779E+001
-5.37205626182E+001
-5.37097694292E+001
-5.36935470203E+001
-5.37055636257E+001
-5.36964594231E+001
-5.36660571680E+001
-5.36774803430E+001
-5.36809871586E+001
-5.36861622613E+001
-5.37057189142E+001
-5.36927598597E+001
-5.36864411771E+001
-5.36800751507E+001
-5.36841050779E+001
-5.36799781005E+001
-5.36858639165E+001
-5.36840780583E+001
-5.36787499107E+001
-5.36656776405E+001
-5.36675746195E+001
-5.36727111554E+001
-5.36597991981E+001
-5.36586387370E+001
-5.36467982781E+001
-5.36428926539E+001
-5.36346080555E+001
-5.36464004143E+001
-5.36401035160E+001
-5.36322510237E+001
-5.36359113928E+001
-5.36455132324E+001
-5.36488351524E+001
-5.36196601616E+001
-5.36248761318E+001
-5.36262225314E+001
-5.36352448248E+001
-5.36405818850E+001
-5.36130719982E+001
-5.36083227870E+001
-5.36045377274E+001
-5.36088850137E+001
-5.35894589325E+001
-5.35880811607E+001
-5.35763178283E+001
-5.35884860660E+001
-5.35923633051E+001
-5.35864348117E+001
-5.35807533623E+001
-5.35885389189E+001
-5.35844009921E+001
-5.35674618959E+001
-5.35765000678E+001
-5.35689965832E+001
-5.35592132905E+001
-5.35651058930E+001
-5.35746692060E+001
-5.35861066155E+001
-5.35863974642E+001
-5.36020593398E+001
-5.35993042915E+001
-5.36121524972E+001
-5.36283207997E+001
-5.36255014022E+001
-5.36237220993E+001
-5.36345546472E+001
-5.36272908159E+001
-5.36296347528E+001
-5.36132131154E+001
-5.36414687039E+001
-5.36428943218E+001
-5.36554555484E+001
-5.36513081072E+001
-5.36512655499E+001
-5.36539296484E+001
-5.36651063695E+001
-5.36536013750E+001
-5.36471773114E+001
-5.36644510924E+001
-5.36489778701E+001
-5.36350298208E+001
-5.36416036492E+001
-5.36371281309E+001
-5.36404117193E+001
-5.36517707845E+001
-5.36509919128E+001
-5.36438193926E+001
-5.36421148821E+001
-5.36444463001E+001
-5.36410411485E+001
-5.36477326982E+001
-5.36572682576E+001
-5.36574848092E+001
-5.36725545814E+001
-5.36606264178E+001
-5.36420292758E+001
-5.36487611590E+001
-5.36626617721E+001
-5.36513976332E+001
-5.36409237636E+001
-5.36445618903E+001
-5.36528357920E+001
-5.36395136279E+001
-5.36334622078E+001
-5.36528134847E+001
-5.36525276279E+001
-5.36576337642E+001
-5.36522335023E+001
-5.36452337213E+001
-5.36432059724E+001
-5.36522226399E+001
-5.36414242029E+001
-5.36566643534E+001
-5.36472890282E+001
-5.36350400796E+001
-5.36294546865E+001
-5.36142250152E+001
-5.36217357087E+001
-5.36207263988E+001
-5.36219713274E+001
-5.36250194735E+001
-5.36407181616E+001
-5.36498521424E+001
-5.36562069541E+001
-5.36821453900E+001
-5.36852755674E+001
-5.36581513273E+001
-5.36631397761E+001
-5.36698655080E+001
-5.36666202331E+001
-5.36741623473E+001
-5.37065895077E+001
-5.37184700365E+001
-5.37252256427E+001
-5.37354639588E+001
-5.37357602554E+001
-5.37449586152E+001
-5.37568698098E+001
-5.37626191468E+001
-5.37457656586E+001
-5.37355288534E+001
-5.37260302807E+001
-5.37349042685E+001
-5.37222746683E+001
-5.37276592198E+001
-5.37370021601E+001
-5.37397019979E+001
-5.37274335191E+001
-5.37211838693E+001
-5.37120779729E+001
-5.37124061783E+001
-5.37036885092E+001
-5.37084022159E+001
-5.37186208181E+001
-5.37208878923E+001
-5.37188855200E+001
-5.37128741817E+001
-5.37282426789E+001
-5.37258884078E+001
-5.37267855837E+001
-5.37180736798E+001
-5.37060774579E+001
-5.37172095275E+001
-5.37338281269E+001
-5.37413620214E+001
-5.37343235307E+001
-5.37360592090E+001
-5.37310753888E+001
-5.37367054646E+001
-5.37330352921E+001
-5.37496332058E+001
-5.37506966068E+001
-5.37604919563E+001
-5.37538349370E+001
-5.37522078264E+001
-5.37540192389E+001
-5.37730156369E+001
-5.37632120930E+001
-5.37535012487E+001
-5.37538118394E+001
-5.37496557168E+001
-5.37627625039E+001
-5.37661743247E+001
-5.37619955851E+001
-5.37816062844E+001
-5.37775246864E+001
-5.37753696052E+001
-5.37535825575E+001
-5.37464552179E+001
-5.37814499165E+001
-5.37958235254E+001
-5.38229225641E+001
-5.38424514178E+001
-5.38839901809E+001
-5.39266568857E+001
-5.39390481298E+001
-5.39478831369E+001
-5.39714471716E+001
-5.39998026040E+001
-5.40061299783E+001
-5.40040068656E+001
-5.40162465514E+001
-5.40650207703E+001
-5.40764028688E+001
-5.40985150574E+001
-5.41421710418E+001
-5.41503052940E+001
-5.41820533602E+001
-5.42056925042E+001
-5.42173395209E+001
-5.42122175645E+001
-5.42522287556E+001
-5.42403638574E+001
-5.43044801797E+001
-5.43254077722E+001
-5.43563541983E+001
-5.43875906745E+001
-5.44187078566E+001
-5.44369811844E+001
-5.44896274115E+001
-5.44906998584E+001
-5.45007686097E+001
-5.45573498586E+001
-5.45889328844E+001
-5.46391404592E+001
-5.46630966687E+001
-5.46904121927E+001
-5.47135443019E+001
-5.47481129882E+001
-5.47685271702E+001
-5.47973870062E+001
-5.48212302006E+001
-5.49104207342E+001
-5.49344841855E+001
-5.49762778208E+001
-5.50172631022E+001
-5.50320920411E+001
-5.50557876645E+001
-5.50643702358E+001
-5.51228193558E+001
-5.51287271348E+001
-5.51505126583E+001
-5.51762502403E+001
-5.52250146445E+001
-5.52340013195E+001
-5.52683184793E+001
-5.52941737670E+001
-5.53211955312E+001
-5.53382531007E+001
-5.53656009138E+001
-5.53940517143E+001
-5.54316367131E+001
-5.54571028068E+001
-5.54791560350E+001
-5.55221226362E+001
-5.55568421206E+001
-5.55985291673E+001
-5.56212834948E+001
-5.56465957865E+001
-5.56878001328E+001
-5.56957597501E+001
-5.57140244341E+001
-5.57387157791E+001
-5.57697083815E+001
-5.57719973227E+001
-5.58071913975E+001
-5.58373540077E+001
-5.58628320636E+001
-5.58782034831E+001
-5.58998195487E+001
-5.59071370754E+001
-5.59349087440E+001
-5.59461009231E+001
-5.59839543387E+001
-5.60216857107E+001
-5.60158087655E+001
-5.60453800534E+001
-5.60733383928E+001
-5.60822135240E+001
-5.61137812144E+001
-5.61759598805E+001
-5.62106108158E+001
-5.62075693550E+001
-5.62136956964E+001
-5.62480536474E+001
-5.62622047007E+001
-5.63024590783E+001
-5.63402407431E+001
-5.63756350986E+001
-5.63933741811E+001
-5.64121933112E+001
-5.64602300484E+001
-5.65132603469E+001
-5.65349258450E+001
-5.65645827680E+001
-5.66016767962E+001
-5.66261531143E+001
-5.66424305799E+001
-5.66643107248E+001
-5.66990854006E+001
-5.67279783562E+001
-5.67440657755E+001
-5.67600027217E+001
-5.67983155060E+001
-5.68377210839E+001
-5.68697855784E+001
-5.68712991823E+001
-5.69216311989E+001
-5.69495482093E+001
-5.69737471757E+001
-5.70058237051E+001
-5.70504961503E+001
-5.70665539938E+001
-5.70849016955E+001
-5.71072698052E+001
-5.71489220217E+001
-5.71745654952E+001
-5.72123085281E+001
-5.72316294712E+001
-5.72771763987E+001
-5.73313978428E+001
-5.73379832748E+001
-5.73663929820E+001
-5.73911686044E+001
-5.74271387299E+001
-5.74841999605E+001
-5.75361033462E+001
-5.75351858840E+001
-5.75783994435E+001
-5.75799942318E+001
-5.76037883438E+001
-5.76642613989E+001
-5.76970442858E+001
-5.77327989861E+001
-5.77544171865E+001
-5.77974347940E+001
-5.78288107183E+001
-5.78480287674E+001
-5.78949007899E+001
-5.79450412008E+001
-5.79505566159E+001
-5.79789999350E+001
-5.79723676394E+001
-5.79939375796E+001
-5.79924339731E+001
-5.79783058024E+001
-5.79697433724E+001
-5.79748699690E+001
-5.79659085257E+001
-5.79724187786E+001
-5.79828686779E+001
-5.79918263939E+001
-5.80094326465E+001
-5.79953096937E+001
-5.79996053454E+001
-5.80016025560E+001
-5.80587435323E+001
-5.80688184420E+001
-5.80513094684E+001
-5.80507499032E+001
-5.80447547506E+001
-5.80536563069E+001
-5.80745124607E+001
-5.80963562458E+001
-5.80412455389E+001
-5.80570304098E+001
-5.80605373948E+001
-5.80406070591E+001
-5.80332784783E+001
-5.80710180768E+001
-5.80682409816E+001
-5.80715027871E+001
-5.80952622336E+001
-5.81094613755E+001
-5.81115899298E+001
-5.80629488294E+001
-5.80435911295E+001
-5.80537668790E+001
-5.80497136894E+001
-5.80350499270E+001
-5.80374868828E+001
-5.80670843811E+001
-5.80572836425E+001
-5.80163350703E+001
-5.80262424060E+001
-5.80061676946E+001
-5.79938741651E+001
-5.80189482372E+001
-5.80325076989E+001
-5.80392557543E+001
-5.80300820519E+001
-5.80737696592E+001
-5.80596925893E+001
-5.80425863191E+001
-5.80336851394E+001
-5.80220190810E+001
-5.80129861182E+001
-5.80260861355E+001
-5.80065240154E+001
-5.80112272429E+001
-5.80348268423E+001
-5.80553824763E+001
-5.80598738187E+001
-5.80537583193E+001
-5.80509030132E+001
-5.80563875356E+001
-5.80500820314E+001
-5.80459038649E+001
-5.80640235026E+001
-5.80594689292E+001
-5.80726674924E+001
-5.81153229498E+001
-5.81384287369E+001
-5.81308199965E+001
-5.81109638147E+001
-5.81327530035E+001
-5.81210627113E+001
-5.81195794524E+001
-5.81206585616E+001
-5.81377288603E+001
-5.81385910336E+001
-5.81750477471E+001
-5.81801796465E+001
-5.82050406021E+001
-5.81738923193E+001
-5.81628176215E+001
-5.82095148910E+001
-5.82185318131E+001
-5.82486278735E+001
-5.82484643803E+001
-5.82399610480E+001
-5.82032761787E+001
-5.81992649198E+001
-5.81912484373E+001
-5.82083939597E+001
-5.82053304267E+001
-5.82604623482E+001
-5.82412382781E+001
-5.82151046056E+001
-5.82144494981E+001
-5.82220942895E+001
-5.82348647329E+001
-5.82251218439E+001
-5.81871042489E+001
-5.81847297309E+001
-5.81729258281E+001
-5.81505827474E+001
-5.81410520794E+001
-5.81393795842E+001
-5.81636156899E+001
-5.81629109598E+001
-5.81485002076E+001
-5.81447796253E+001
-5.81469430164E+001
-5.81329840422E+001
-5.81177759548E+001
-5.81331566159E+001
-5.81701687324E+001
-5.81537880180E+001
-5.81476707050E+001
-5.81509362420E+001
-5.81432297414E+001
-5.81274309219E+001
-5.81294754704E+001
-5.81192905939E+001
-5.80942381077E+001
-5.80671619256E+001
-5.80686802777E+001
-5.80512596546E+001
-5.80932608835E+001
-5.80800549902E+001
-5.80855364668E+001
-5.81033216412E+001
-5.80962654037E+001
-5.80916099035E+001
-5.81039215797E+001
-5.80821700676E+001
-5.80687198728E+001
-5.80698817464E+001
-5.80662878962E+001
-5.81009154882E+001
-5.81085551837E+001
-5.80862052291E+001
-5.80898128662E+001
-5.80713241799E+001
-5.80816933015E+001
-5.80532047370E+001
-5.80352325211E+001
-5.80504884822E+001
-5.80370597203E+001
-5.80145047700E+001
-5.79976319882E+001
-5.80042464753E+001
-5.80159191183E+001
-5.80073116168E+001
-5.79974220821E+001
-5.79874407162E+001
-5.80076489708E+001
-5.80094401172E+001
-5.80155040808E+001
-5.79971073066E+001
-5.80008899026E+001
-5.80107139621E+001
-5.80101815786E+001
-5.80096473883E+001
-5.80158504086E+001
-5.80159027267E+001
-5.79478335961E+001
-5.79408105120E+001
-5.79560750861E+001
-5.79461537274E+001
-5.79567705376E+001
-5.79562117011E+001
-5.79291391149E+001
-5.79407401613E+001
-5.79744164589E+001
-5.79668233514E+001
-5.79564285757E+001
-5.79615723134E+001
-5.79983710783E+001
-5.79663315121E+001
-5.79895697417E+001
-5.80363139085E+001
-5.81867946659E+001
-5.82169994642E+001
-5.82309485702E+001
-5.83275252478E+001
-5.84302023128E+001
-5.85039800148E+001
-5.86306272520E+001
-5.87541331950E+001
-5.88033343083E+001
-5.88168651166E+001
-5.88965275721E+001
-5.89659558551E+001
-5.90197955174E+001
-5.91171676400E+001
-5.92131155553E+001
-5.92388067120E+001
-5.92673996082E+001
-5.93023184963E+001
-5.93519433478E+001
-5.93456236717E+001
-5.94601827682E+001
-5.95874759909E+001
-5.96039863665E+001
-5.97302775092E+001
-5.98568839130E+001
-5.99019046212E+001
-5.99839026183E+001
-6.00186119033E+001
-6.00735574463E+001
-6.01782181802E+001
-6.02125869831E+001
-6.03025890322E+001
-6.04130941902E+001
-6.05091710215E+001
-6.05981391822E+001
-6.06568944169E+001
-6.07246834710E+001
-6.08340585494E+001
-6.08978593720E+001
-6.09409814158E+001
-6.09873439742E+001
-6.10301809180E+001
-6.10621575463E+001
-6.11186355876E+001
-6.12003822224E+001
-6.13101495449E+001
-6.14027250529E+001
-6.14558086149E+001
-6.15234757401E+001
-6.15559465215E+001
-6.16931192623E+001
-6.17794254806E+001
-6.18534427776E+001
-6.19377345176E+001
-6.20102123145E+001
-6.20671925895E+001
-6.20952328835E+001
-6.21908192850E+001
-6.22677307209E+001
-6.23586535492E+001
-6.24039648941E+001
-6.25047472402E+001
-6.25593267898E+001
-6.26439651691E+001
-6.26267554742E+001
-6.26910165697E+001
-6.27555801786E+001
-6.27934774129E+001
-6.29192880339E+001
-6.30006053205E+001
-6.30369568464E+001
-6.30831350011E+001
-6.31045635012E+001
-6.32196809729E+001
-6.33021160998E+001
-6.33904170449E+001
-6.34790753798E+001
-6.35094071209E+001
-6.35416632736E+001
-6.36470352225E+001
-6.37577217345E+001
-6.37958722717E+001
-6.38885033102E+001
-6.39455864018E+001
-6.40513446749E+001
-6.41069747359E+001
-6.41333785723E+001
-6.41717333885E+001
-6.41941324792E+001
-6.42337996796E+001
-6.43065133739E+001
-6.43872433191E+001
-6.45192119013E+001
-6.45959290801E+001
-6.46657047915E+001
-6.47338061037E+001
-6.48054305252E+001
-6.48017067759E+001
-6.48490107093E+001
-6.48973006228E+001
-6.49112738352E+001
-6.49960095736E+001
-6.50500240210E+001
-6.51107324766E+001
-6.51983480766E+001
-6.52619866618E+001
-6.53265396292E+001
-6.53705795507E+001
-6.54904411327E+001
-6.55739132827E+001
-6.55996848495E+001
-6.56620707771E+001
-6.57736769005E+001
-6.58544622543E+001
-6.59492201828E+001
-6.60120273898E+001
-6.60689381246E+001
-6.61373474188E+001
-6.63241574841E+001
-6.63927567651E+001
-6.65391428984E+001
-6.65831368366E+001
-6.66558908089E+001
-6.66730017967E+001
-6.67763836852E+001
-6.68815760541E+001
-6.69598028992E+001
-6.70525842253E+001
-6.71185782019E+001
-6.71990788493E+001
-6.72704467411E+001
-6.73098325438E+001
-6.73581929584E+001
-6.75237632493E+001
-6.75585418037E+001
-6.75956600394E+001
-6.76939234208E+001
-6.78015152918E+001
-6.79046068916E+001
-6.79865672786E+001
-6.81124409769E+001
-6.81496701807E+001
-6.82185750783E+001
-6.82349249319E+001
-6.82836279117E+001
-6.83747402510E+001
-6.84386252828E+001
-6.84539907145E+001
-6.85047148285E+001
-6.85510252818E+001
-6.86238523502E+001
-6.86120040500E+001
-6.85961449957E+001
-6.86004204617E+001
-6.85815860604E+001
-6.85352044395E+001
-6.85601248727E+001
-6.84960676634E+001
-6.84528101845E+001
-6.84614667540E+001
-6.84987692239E+001
-6.84973146909E+001
-6.84910033608E+001
-6.85204210311E+001
-6.84793640685E+001
-6.84093480887E+001
-6.84238153279E+001
-6.84299178987E+001
-6.85135577813E+001
-6.84920000025E+001
-6.85443636459E+001
-6.84816733499E+001
-6.84111053757E+001
-6.85468449058E+001
-6.84924703616E+001
-6.84159138761E+001
-6.84148931300E+001
-6.84016030358E+001
-6.84418967445E+001
-6.84177224625E+001
-6.84080873623E+001
-6.85692766565E+001
-6.85634062258E+001
-6.86026063041E+001
-6.85480293394E+001
-6.85765898129E+001
-6.85872006914E+001
-6.85709107701E+001
-6.85235849293E+001
-6.84465482122E+001
-6.84460450134E+001
-6.84662741997E+001
-6.86116895396E+001
-6.86628782855E+001
-6.86359540593E+001
-6.87327377826E+001
-6.86812423496E+001
-6.86381663013E+001
-6.86082730775E+001
-6.86308199230E+001
-6.85807388694E+001
-6.85166515692E+001
-6.84363599561E+001
-6.84794678079E+001
-6.84565303508E+001
-6.84352661978E+001
-6.84443762771E+001
-6.85544923158E+001
-6.85441243464E+001
-6.85644559805E+001
-6.85325796137E+001
-6.85434788042E+001
-6.84981951597E+001
-6.84891234126E+001
-6.84907289648E+001
-6.85243178999E+001
-6.85100909485E+001
-6.86134481401E+001
-6.86115176233E+001
-6.85578426011E+001
-6.85981018738E+001
-6.86740674341E+001
-6.86578120930E+001
-6.86856186943E+001
-6.86282072064E+001
-6.85846214846E+001
-6.86426103235E+001
-6.85960921360E+001
-6.86068678750E+001
-6.86014802258E+001
-6.85413071260E+001
-6.85065483054E+001
-6.85378289542E+001
-6.84604215764E+001
-6.85074423760E+001
-6.83986571205E+001
-6.83674690919E+001
-6.83860006577E+001
-6.84282579602E+001
-6.84203360968E+001
-6.84358807188E+001
-6.85194686931E+001
-6.85848468967E+001
-6.85419418812E+001
-6.85254495002E+001
-6.85316270253E+001
-6.85479944148E+001
-6.85420822132E+001
-6.85515842079E+001
-6.85372490438E+001
-6.85759218826E+001
-6.86177772626E+001
-6.85891730736E+001
-6.85894939528E+001
-6.85233921237E+001
-6.85021427987E+001
-6.85713274097E+001
-6.85839712890E+001
-6.85637331155E+001
-6.85153952819E+001
-6.85764541238E+001
-6.85845290739E+001
-6.85980549672E+001
-6.85248191460E+001
-6.84639506857E+001
-6.84118741694E+001
-6.84273513225E+001
-6.83916395932E+001
-6.83978704116E+001
-6.82600551064E+001
-6.82243493867E+001
-6.81178475475E+001
-6.81846226108E+001
-6.81859364295E+001
-6.81912128250E+001
-6.81574015640E+001
-6.81289129202E+001
-6.80845476205E+001
-6.80479505518E+001
-6.80465413648E+001
-6.80513978444E+001
-6.80717799958E+001
-6.80605910459E+001
-6.80981913175E+001
-6.79953034590E+001
-6.80075464028E+001
-6.80075659951E+001
-6.79688362446E+001
-6.79085826067E+001
-6.79510536099E+001
-6.79355562602E+001
-6.78777478568E+001
-6.79158111243E+001
-6.79780193629E+001
-6.80408930779E+001
-6.80593168041E+001
-6.80682983857E+001
-6.80744861075E+001
-6.80636007715E+001
-6.80917770622E+001
-6.81344796619E+001
-6.80976415696E+001
-6.81142353303E+001
-6.80812336851E+001
-6.81112846815E+001
-6.81006268407E+001
-6.80996738978E+001
-6.80739257802E+001
-6.80797168774E+001
-6.80720398320E+001
-6.80213712147E+001
-6.80635642844E+001
-6.81278638551E+001
-6.81225499303E+001
-6.81042373823E+001
-6.81032276345E+001
-6.81240087752E+001
-6.83981539038E+001
-6.83731761003E+001
-6.83216276111E+001
-6.83796959564E+001
-6.83646115477E+001
-6.83624813340E+001
-6.83448655772E+001
-6.82652853496E+001
-6.82320630171E+001
-6.82181416596E+001
-6.82451293174E+001
-6.82729152238E+001
-6.83426229095E+001
-6.83529202668E+001
-6.82820622422E+001
-6.81681025669E+001
-6.81087370644E+001
-6.79761467654E+001
-6.79464941120E+001
-6.78705734071E+001
-6.78297828771E+001
-6.77770459833E+001
-6.77707186987E+001
-6.77930644825E+001
-6.77632156096E+001
-6.77122425963E+001
-6.75321609535E+001
-6.74858733258E+001
-6.74783229003E+001
-6.73225848707E+001
-6.72732380333E+001
-6.72461574491E+001
-6.72663373189E+001
-6.72360406170E+001
-6.72460737818E+001
-6.71683530257E+001
-6.71739926265E+001
-6.70648006526E+001
-6.70478940580E+001
-6.69656390530E+001
-6.69725101546E+001
-6.68521648498E+001
-6.67979893239E+001
-6.67233010445E+001
-6.66636701442E+001
-6.66258366063E+001
-6.66233418132E+001
-6.66245857296E+001
-6.65461337983E+001
-6.66076450030E+001
-6.65980700668E+001
-6.65273215627E+001
-6.64981344390E+001
-6.64524529064E+001
-6.63691178300E+001
-6.62898654074E+001
-6.63044348159E+001
-6.62945185290E+001
-6.62684294135E+001
-6.62896004070E+001
-6.61594546059E+001
-6.61529272651E+001
-6.61142408306E+001
-6.60887343496E+001
-6.60562287302E+001
-6.60128230375E+001
-6.59518205052E+001
-6.59670318357E+001
-6.58738624518E+001
-6.58665984764E+001
-6.58258067646E+001
-6.57930294904E+001
-6.57247411826E+001
-6.57233353935E+001
-6.56948178050E+001
-6.55624413296E+001
-6.54319006612E+001
-6.53901660037E+001
-6.53419019391E+001
-6.52881194527E+001
-6.52334141902E+001
-6.51782785298E+001
-6.51540238717E+001
-6.51260065771E+001
-6.50489844870E+001
-6.50085211326E+001
-6.49913146476E+001
-6.49566814530E+001
-6.50024069426E+001
-6.49480312296E+001
-6.48165319068E+001
-6.47700814058E+001
-6.47437789436E+001
-6.46814948712E+001
-6.45573342371E+001
-6.45121652458E+001
-6.44670322353E+001
-6.44457172331E+001
-6.44438802034E+001
-6.44575210999E+001
-6.44208068557E+001
-6.44208942320E+001
-6.43805402904E+001
-6.43411535649E+001
-6.43591558894E+001
-6.42987668735E+001
-6.42259652933E+001
-6.41537905675E+001
-6.41585413356E+001
-6.41120831238E+001
-6.40367960415E+001
-6.40161669495E+001
-6.39960362018E+001
-6.39999850610E+001
-6.39250415384E+001
-6.38576790612E+001
-6.38468930920E+001
-6.37962391184E+001
-6.37546874930E+001
-6.37234190911E+001
-6.37121412899E+001
-6.37190289831E+001
-6.36552468599E+001
-6.35459119054E+001
-6.36216746654E+001
-6.36105960807E+001
-6.35273708896E+001
-6.34072160421E+001
-6.33265828642E+001
-6.32900720192E+001
-6.32154343461E+001
-6.31543126154E+001
-6.31436288593E+001
-6.31029912692E+001
-6.30011584306E+001
-6.29537669040E+001
-6.27984972297E+001
-6.27925288386E+001
-6.27484956838E+001
-6.27083616027E+001
-6.26924180225E+001
-6.26149553693E+001
-6.25653094376E+001
-6.25160153968E+001
-6.25275007262E+001
-6.24324567427E+001
-6.23214465409E+001
-6.22704270536E+001
-6.23037515724E+001
-6.23260647773E+001
-6.23300468710E+001
-6.20251066896E+001
-6.20138020604E+001
-6.19605863822E+001
-6.18670193756E+001
-6.18212398638E+001
-6.17989356486E+001
-6.18008875470E+001
-6.17154607932E+001
-6.16984771570E+001
-6.17287421659E+001
-6.17017760426E+001
-6.16190685234E+001
-6.14675122743E+001
-6.14454600254E+001
-6.14298198657E+001
-6.13735978240E+001
-6.13758820366E+001
-6.13900915055E+001
-6.13864028470E+001
-6.13755081724E+001
-6.13549017843E+001
-6.13580463067E+001
-6.13144843770E+001
-6.12869911100E+001
-6.12880109735E+001
-6.13196419732E+001
-6.13457609499E+001
-6.13695754636E+001
-6.13817695151E+001
-6.13964533194E+001
-6.14058613915E+001
-6.14140767432E+001
-6.13953689063E+001
-6.13426279518E+001
-6.13483209709E+001
-6.13572186223E+001
-6.14111619375E+001
-6.15373423013E+001
-6.15653925471E+001
-6.15965523838E+001
-6.15397871261E+001
-6.15140305155E+001
-6.15206961207E+001
-6.14923771418E+001
-6.15457077856E+001
-6.15366558201E+001
-6.15409663752E+001
-6.15086917349E+001
-6.15118088247E+001
-6.14688535905E+001
-6.14645768756E+001
-6.14077906443E+001
-6.14278539169E+001
-6.14019454041E+001
-6.13811202832E+001
-6.13748527757E+001
-6.13609656397E+001
-6.13575996825E+001
-6.13707604325E+001
-6.13793036734E+001
-6.13779014218E+001
-6.13812559738E+001
-6.14353080212E+001
-6.14363519570E+001
-6.14457902409E+001
-6.15459773214E+001
-6.15402428424E+001
-6.15484615521E+001
-6.15617949922E+001
-6.15689149483E+001
-6.15843751518E+001
-6.16051490815E+001
-6.15942485246E+001
-6.15959486441E+001
-6.15903566448E+001
-6.15910518582E+001
-6.16002373570E+001
-6.15627893930E+001
-6.15758806696E+001
-6.15985406775E+001
-6.15925353518E+001
-6.16284948371E+001
-6.15962030529E+001
-6.15989186462E+001
-6.15734176524E+001
-6.15586229132E+001
-6.15310200303E+001
-6.15338191029E+001
-6.15030637155E+001
-6.15681209377E+001
-6.15618410328E+001
-6.15384828810E+001
-6.15664219668E+001
-6.15835745882E+001
-6.15801811002E+001
-6.16747009250E+001
-6.16613642497E+001
-6.16660206928E+001
-6.17002229134E+001
-6.16689398358E+001
-6.16581409972E+001
-6.16503284841E+001
-6.16259723316E+001
-6.16419195624E+001
-6.16246695851E+001
-6.16410891600E+001
-6.15997285490E+001
-6.16006900635E+001
-6.16075871884E+001
-6.16349430116E+001
-6.16852625383E+001
-6.16848576767E+001
-6.16867441375E+001
-6.16370255369E+001
-6.16461019083E+001
-6.16489460928E+001
-6.16684461345E+001
-6.16412897310E+001
-6.16380161211E+001
-6.16296883988E+001
-6.16167259292E+001
-6.16031540773E+001
-6.16168344816E+001
-6.16252635456E+001
-6.15399304747E+001
-6.15071907148E+001
-6.15121438152E+001
-6.15291625735E+001
-6.15286793190E+001
-6.15208030434E+001
-6.15078717746E+001
-6.15239634353E+001
-6.15422131160E+001
-6.15130666586E+001
-6.14934052147E+001
-6.14893576447E+001
-6.15029901628E+001
-6.14768341177E+001
-6.15065368826E+001
-6.15165870855E+001
-6.14916293445E+001
-6.15382709084E+001
-6.15230622833E+001
-6.15289806853E+001
-6.15406513786E+001
-6.15258325177E+001
-6.15264535157E+001
-6.15172665436E+001
-6.14664206195E+001
-6.14051223243E+001
-6.13701221811E+001
-6.13687899057E+001
-6.13929881782E+001
-6.14378780050E+001
-6.14427435508E+001
-6.14241385186E+001
-6.14182789264E+001
-6.13961015030E+001
-6.13935603304E+001
-6.13848022485E+001
-6.13683467433E+001
-6.13379779143E+001
-6.13429982295E+001
-6.13476463838E+001
-6.13190828706E+001
-6.13058700271E+001
-6.12778251971E+001
-6.12841381162E+001
-6.12550349646E+001
-6.12499207868E+001
-6.12508903632E+001
-6.12522849842E+001
-6.12382113447E+001
-6.12535958353E+001
-6.12352666476E+001
-6.12224590974E+001
-6.11592842393E+001
-6.11230928777E+001
-6.11033758878E+001
-6.11013445011E+001
-6.11192788589E+001
-6.11484917007E+001
-6.11383695007E+001
-6.11283128009E+001
-6.11344613929E+001
-6.11228507652E+001
-6.11310331550E+001
-6.10464997341E+001
-6.09601018782E+001
-6.10139441167E+001
-6.09985881107E+001
-6.09807254010E+001
-6.09698596504E+001
-6.09728111415E+001
-6.09943079569E+001
-6.09622867338E+001
-6.09692048496E+001
-6.09032916248E+001
-6.09223245708E+001
-6.09685515632E+001
-6.09063640513E+001
-6.09120154471E+001
-6.08847458360E+001
-6.08546295506E+001
-6.08494911998E+001
-6.08563781775E+001
-6.08628167784E+001
-6.08596259145E+001
-6.08548048208E+001
-6.08812291772E+001
-6.08348921521E+001
-6.08235804044E+001
-6.08067036929E+001
-6.07372390833E+001
-6.07372522203E+001
-6.07303676893E+001
-6.06061636246E+001
-6.06182370710E+001
-6.05760689755E+001
-6.05651422834E+001
-6.05489315504E+001
-6.05502646389E+001
-6.05614449936E+001
-6.06054113935E+001
-6.05730974266E+001
-6.05408047961E+001
-6.05229209586E+001
-6.05137238489E+001
-6.05132505353E+001
-6.05093021695E+001
-6.04787019556E+001
-6.04464239877E+001
-6.04193095561E+001
-6.04575357060E+001
-6.04549931237E+001
-6.04625720231E+001
-6.04551756242E+001
-6.04494220462E+001
-6.04312871461E+001
-6.04259875726E+001
-6.03725500064E+001
-6.03636731811E+001
-6.03822525811E+001
-6.03845241232E+001
-6.03647176901E+001
-6.03920617846E+001
-6.03068945184E+001
-6.02793410374E+001
-6.02659312968E+001
-6.02299819359E+001
-6.02282753932E+001
-6.02420214520E+001
-6.02271135870E+001
-6.02483722107E+001
-6.02530658414E+001
-6.02721584443E+001
-6.02966370178E+001
-6.02825427179E+001
-6.02920301493E+001
-6.02631982217E+001
-6.02352632187E+001
-6.02048016386E+001
-6.02173738566E+001
-6.01812996879E+001
-6.02006503430E+001
-6.02076807252E+001
-6.01843131022E+001
-6.01333741884E+001
-6.01392338481E+001
-6.01679646384E+001
-6.02612961981E+001
-6.02810356403E+001
-6.02529290245E+001
-6.02840077230E+001
-6.02940046806E+001
-6.02628878003E+001
-6.02682199032E+001
-6.02711221631E+001
-6.02782309781E+001
-6.02451708272E+001
-6.02325994392E+001
-6.02479701365E+001
-6.02389239527E+001
-6.02220772454E+001
-6.02160365759E+001
-6.02312374634E+001
-6.02302746204E+001
-6.02497868043E+001
-6.03038367506E+001
-6.02840258383E+001
-6.02559547249E+001
-6.02728054386E+001
-6.02486158944E+001
-6.02525041020E+001
-6.02549309294E+001
-6.02534361058E+001
-6.02714906609E+001
-6.02679861455E+001
-6.02767079735E+001
-6.02421120892E+001
-6.02545787604E+001
-6.02653410059E+001
-6.02627893918E+001
-6.02342965280E+001
-6.01870165516E+001
-6.02000808302E+001
-6.02046480443E+001
-6.01920704140E+001
-6.01829606918E+001
-6.02086801457E+001
-6.02319054798E+001
-6.02006222464E+001
-6.02064535303E+001
-6.02006486864E+001
-6.02277034188E+001
-6.02287792955E+001
-6.02302680229E+001
-6.02495387478E+001
-6.02559075672E+001
-6.02804827477E+001
-6.02797425645E+001
-6.02489077566E+001
-6.02389377374E+001
-6.02748705800E+001
-6.02760358905E+001
-6.03298829066E+001
-6.03125111294E+001
-6.03375831375E+001
-6.03794431775E+001
-6.03719289774E+001
-6.03832608035E+001
-6.03803054750E+001
-6.03365817773E+001
-6.03202481338E+001
-6.02985774964E+001
-6.02954109151E+001
-6.03021846344E+001
-6.02781143178E+001
-6.02726355755E+001
-6.02491196397E+001
-6.01251707714E+001
-6.01110578312E+001
-6.01248048024E+001
-6.01680491165E+001
-6.01486717438E+001
-6.01265099405E+001
-6.01126995439E+001
-6.01299488823E+001
-6.02016103819E+001
-6.02073100465E+001
-6.01550771324E+001
-6.01621043231E+001
-6.01523826368E+001
-6.01505443772E+001
-6.01586967982E+001
-6.01880225174E+001
-6.01822634053E+001
-6.01662412647E+001
-6.01704003429E+001
-6.01393021033E+001
-6.00879153525E+001
-6.00661220065E+001
-6.00884266585E+001
-6.00970552104E+001
-6.01130848948E+001
-6.00829407030E+001
-6.00787328775E+001
-6.01634968653E+001
-6.01854307149E+001
-6.02310699804E+001
-6.02609420227E+001
-6.02803538726E+001
-6.02679943659E+001
-6.02320249105E+001
-6.01986872194E+001
-6.02485230906E+001
-6.03079190431E+001
-6.03454503663E+001
-6.03465152105E+001
-6.03641601835E+001
-6.03700029540E+001
-6.03734866352E+001
-6.03767109615E+001
-6.03557589999E+001
-6.03309137229E+001
-6.03133830342E+001
-6.02817406225E+001
-6.02861561585E+001
-6.02739267098E+001
-6.02785507033E+001
-6.02713316503E+001
-6.03038982888E+001
-6.03115288445E+001
-6.03071307557E+001
-6.02776104486E+001
-6.02950896333E+001
-6.02443487200E+001
-6.02862486369E+001
-6.02753155553E+001
-6.03099515423E+001
-6.03344731009E+001
-6.03461388279E+001
-6.03312421792E+001
-6.03477443177E+001
-6.03098219788E+001
-6.02905067435E+001
-6.02620934976E+001
-6.02569838031E+001
-6.02713701051E+001
-6.02952963241E+001
-6.03025550034E+001
-6.02967467212E+001
-6.02844373021E+001
-6.03228073399E+001
-6.03336472736E+001
-6.03442687485E+001
-6.03632949719E+001
-6.03653069777E+001
-6.03719938070E+001
-6.03568038294E+001
-6.03267283004E+001
-6.02501576433E+001
-6.02325704007E+001
-6.02523716850E+001
-6.02364428180E+001
-6.02052078841E+001
-6.02169555855E+001
-6.01827046331E+001
-6.01965097171E+001
-6.01776485546E+001
-6.02123230084E+001
-6.02675464997E+001
-6.02391232109E+001
-6.02176166556E+001
-6.01963886217E+001
-6.02205870786E+001
-6.02167661096E+001
-6.02393007326E+001
-6.02024425656E+001
-6.01727995516E+001
-6.01478753156E+001
-6.01657262315E+001
-6.01525340321E+001
-6.01344989086E+001
-6.01565213648E+001
-6.02671502238E+001
-6.02179725836E+001
-6.02074922747E+001
-6.01972761120E+001
-6.01751419612E+001
-6.01523209182E+001
-6.01460450157E+001
-6.01086557286E+001
-6.01175354438E+001
-6.01596944090E+001
-6.01469701571E+001
-6.01162729117E+001
-6.01229741014E+001
-6.01266987457E+001
-6.01587789782E+001
-6.01430609973E+001
-6.01566894944E+001
-6.01917772520E+001
-6.01692228792E+001
-6.01918193336E+001
-6.01793637815E+001
-6.01931130164E+001
-6.01815387600E+001
-6.01553122776E+001
-6.01528550431E+001
-6.01622790328E+001
-6.01711465537E+001
-6.01737837113E+001
-6.01847034065E+001
-6.01588297767E+001
-6.02082916959E+001
-6.01703847967E+001
-6.01847172318E+001
-6.01926599294E+001
-6.01899320378E+001
-6.01678677926E+001
-6.01809688198E+001
-6.01415752163E+001
-6.01739777590E+001
-6.01950060718E+001
-6.02164901447E+001
-6.02078813296E+001
-6.01938011707E+001
-6.02290300615E+001
-6.02302513183E+001
-6.02321427590E+001
-6.02412099744E+001
-6.02887500936E+001
-6.02730011956E+001
-6.02505023149E+001
-6.02749816312E+001
-6.02801208439E+001
-6.02871101686E+001
-6.02449688431E+001
-6.01900064989E+001
-6.01389246552E+001
-6.01403727961E+001
-6.01273415801E+001
-6.01279796488E+001
-6.01563956499E+001
-6.01689880783E+001
-6.01627998869E+001
-6.01757342416E+001
-6.01583008569E+001
-6.01590060634E+001
-6.01813236840E+001
-6.02013397700E+001
-6.02112571282E+001
-6.02128409274E+001
-6.01971189779E+001
-6.01663042743E+001
-6.01972499264E+001
-6.02357192188E+001
-6.01820558285E+001
-6.01548316674E+001
-6.01473336472E+001
-6.01178142399E+001
-6.00863749109E+001
-6.00786400359E+001
-6.01233654476E+001
-6.01357442575E+001
-6.01153519820E+001
-6.01141640128E+001
-6.01097984400E+001
-6.01382750177E+001
-6.01324154884E+001
-6.02001457950E+001
-6.02714017188E+001
-6.03426168277E+001
-6.04599799375E+001
-6.05858724825E+001
-6.06003570604E+001
-6.07952763467E+001
-6.08141140731E+001
-6.08613900809E+001
-6.09765300501E+001
-6.10195143382E+001
-6.10212505127E+001
-6.11416752716E+001
-6.11902398389E+001
-6.12524523708E+001
-6.13061446202E+001
-6.13662647014E+001
-6.13797311334E+001
-6.15021285401E+001
-6.14798186990E+001
-6.14816748849E+001
-6.15790195432E+001
-6.15915269638E+001
-6.15905875902E+001
-6.16546912167E+001
-6.16815099814E+001
-6.17334300577E+001
-6.17368432503E+001
-6.17769589454E+001
-6.17719173333E+001
-6.18177674712E+001
-6.18850762871E+001
-6.20223859479E+001
-6.20596012660E+001
-6.21612091406E+001
-6.22141034012E+001
-6.22269049486E+001
-6.23086383234E+001
-6.23423122170E+001
-6.23929938363E+001
-6.24225089447E+001
-6.24403267720E+001
-6.24988449404E+001
-6.25080441813E+001
-6.25078764980E+001
-6.25513659638E+001
-6.26067305832E+001
-6.26472699183E+001
-6.26815405913E+001
-6.27323023635E+001
-6.27664000805E+001
-6.28674451129E+001
-6.29501633313E+001
-6.30150107006E+001
-6.31081403462E+001
-6.30957152338E+001
-6.31551922867E+001
-6.31339664306E+001
-6.31687522593E+001
-6.32382270858E+001
-6.32999128339E+001
-6.33726740519E+001
-6.34885146176E+001
-6.35088573769E+001
-6.35122244418E+001
-6.34366464115E+001
-6.35279696990E+001
-6.35690375305E+001
-6.36335539155E+001
-6.36944298341E+001
-6.37415453316E+001
-6.37729297290E+001
-6.38295566051E+001
-6.38666135704E+001
-6.38417938118E+001
-6.39529850919E+001
-6.39793966253E+001
-6.40090310025E+001
-6.40638829412E+001
-6.41012568584E+001
-6.41676476275E+001
-6.41864637955E+001
-6.41737527738E+001
-6.42329809007E+001
-6.42681026019E+001
-6.43596671820E+001
-6.44189437770E+001
-6.44366968320E+001
-6.45430372545E+001
-6.45508742582E+001
-6.45751979668E+001
-6.46597449190E+001
-6.47017666397E+001
-6.47670610432E+001
-6.48375410333E+001
-6.48005464415E+001
-6.48524646128E+001
-6.49257894502E+001
-6.49454214222E+001
-6.49726145904E+001
-6.49862470284E+001
-6.49537430897E+001
-6.50142328464E+001
-6.50823402290E+001
-6.50973340150E+001
-6.51658232038E+001
-6.52924482954E+001
-6.53428566657E+001
-6.53342708967E+001
-6.53920609186E+001
-6.54469449876E+001
-6.54956932559E+001
-6.54991815954E+001
-6.55637930538E+001
-6.56048903081E+001
-6.56013352261E+001
-6.56720486562E+001
-6.57185661687E+001
-6.57344480776E+001
-6.57749264807E+001
-6.58706253769E+001
-6.59173880194E+001
-6.59711300507E+001
-6.60382239530E+001
-6.61012338539E+001
-6.61112094578E+001
-6.61337903744E+001
-6.61985310867E+001
-6.62424533921E+001
-6.63040042570E+001
-6.63120179250E+001
-6.63588070998E+001
-6.64196219813E+001
-6.64575728345E+001
-6.65005099219E+001
-6.65297159245E+001
-6.66137885506E+001
-6.66429899005E+001
-6.66774193531E+001
-6.66962797666E+001
-6.66941616020E+001
-6.66948043710E+001
-6.67596747645E+001
-6.67949771866E+001
-6.68119634229E+001
-6.69106761018E+001
-6.70759075845E+001
-6.70783800187E+001
-6.71162013174E+001
-6.72015796698E+001
-6.73207886236E+001
-6.73208327225E+001
-6.73133689421E+001
-6.72830891349E+001
-6.72230668478E+001
-6.71834680522E+001
-6.72138252300E+001
-6.70765548617E+001
-6.70723832355E+001
-6.71184346605E+001
-6.70519293850E+001
-6.70794137917E+001
-6.70665476130E+001
-6.69865816373E+001
-6.70030293052E+001
-6.69986467951E+001
-6.70138601803E+001
-6.70541522649E+001
-6.70493358989E+001
-6.70454805765E+001
-6.70544596263E+001
-6.70630668358E+001
-6.69935293377E+001
-6.70015147170E+001
-6.70510100724E+001
-6.70580420032E+001
-6.70419232829E+001
-6.70808098354E+001
-6.71905156924E+001
-6.71741431979E+001
-6.72037141138E+001
-6.72189365081E+001
-6.71825061016E+001
-6.70912219528E+001
-6.70315724981E+001
-6.69829426004E+001
-6.69694065748E+001
-6.69862431166E+001
-6.69693243796E+001
-6.69666084541E+001
-6.69891647359E+001
-6.70435204794E+001
-6.70776762575E+001
-6.70375080319E+001
-6.70367051444E+001
-6.70541319856E+001
-6.70592155248E+001
-6.70453114086E+001
-6.70644974811E+001
-6.70430440147E+001
-6.70191305551E+001
-6.70399188969E+001
-6.69222817401E+001
-6.68670297072E+001
-6.68815343276E+001
-6.68522738298E+001
-6.69733085837E+001
-6.69201912572E+001
-6.69545917488E+001
-6.69719142249E+001
-6.70294649194E+001
-6.70593635925E+001
-6.70516768449E+001
-6.70578017022E+001
-6.70653557668E+001
-6.71067313651E+001
-6.71166696464E+001
-6.70511217639E+001
-6.70491721612E+001
-6.71093228447E+001
-6.71172326754E+001
-6.71233408816E+001
-6.71341686093E+001
-6.71028684572E+001
-6.71260664314E+001
-6.71759032673E+001
-6.71505120292E+001
-6.71834004199E+001
-6.71823045346E+001
-6.72077861289E+001
-6.72258384321E+001
-6.71733692540E+001
-6.71839863526E+001
-6.72194483957E+001
-6.72177026093E+001
-6.72325020980E+001
-6.71606525801E+001
-6.71440856622E+001
-6.72202128616E+001
-6.71410354377E+001
-6.71634709010E+001
-6.73593615783E+001
-6.73057885146E+001
-6.73328101460E+001
-6.73459423380E+001
-6.72926322096E+001
-6.73157492028E+001
-6.73240144002E+001
-6.72922893609E+001
-6.72718712760E+001
-6.72442072195E+001
-6.72466499741E+001
-6.72420954375E+001
-6.72584014663E+001
-6.72245913893E+001
-6.72710835097E+001
-6.72031965313E+001
-6.71398227378E+001
-6.71954221470E+001
-6.72837213271E+001
-6.72641892687E+001
-6.72239861263E+001
-6.72536889449E+001
-6.73113599895E+001
-6.73353439287E+001
-6.73282915553E+001
-6.73634876032E+001
-6.73223583580E+001
-6.73149246434E+001
-6.73387849555E+001
-6.73614274091E+001
-6.73365649871E+001
-6.73281937609E+001
-6.73163849978E+001
-6.73133229443E+001
-6.72944267509E+001
-6.73256286995E+001
-6.73463092327E+001
-6.73120564620E+001
-6.73189462766E+001
-6.72463396240E+001
-6.73386960926E+001
-6.73116930528E+001
-6.72623895395E+001
-6.72410691967E+001
-6.72416582668E+001
-6.72449188317E+001
-6.72332709860E+001
-6.72597800067E+001
-6.72598816199E+001
-6.72749823469E+001
-6.73544982654E+001
-6.74126737888E+001
-6.74120533400E+001
-6.74677953258E+001
-6.74397475317E+001
-6.73722758552E+001
-6.72339866488E+001
-6.72404740030E+001
-6.71713661541E+001
-6.70917074380E+001
-6.70459471144E+001
-6.69922342212E+001
-6.70573592467E+001
-6.70852927790E+001
-6.71118743665E+001
-6.70439046232E+001
-6.70398199346E+001
-6.70487564081E+001
-6.71281444029E+001
-6.71029745673E+001
-6.71056711954E+001
-6.71140082519E+001
-6.70759280109E+001
-6.71023217107E+001
-6.71232767260E+001
-6.71273396027E+001
-6.70801547907E+001
-6.70766042935E+001
-6.70679550084E+001
-6.69760984656E+001
-6.69783843264E+001
-6.69894075651E+001
-6.70275634420E+001
-6.70806707763E+001
-6.70604687416E+001
-6.70424848118E+001
-6.71193625592E+001
-6.71055328870E+001
-6.70444156441E+001
-6.70789303876E+001
-6.70719139300E+001
-6.70301345678E+001
-6.70868329212E+001
-6.70826566017E+001
-6.70756809812E+001
-6.70521236905E+001
-6.70124315537E+001
-6.69765460466E+001
-6.69901114217E+001
-6.69912530550E+001
-6.70296324837E+001
-6.69946473665E+001
-6.69610611334E+001
-6.69493957207E+001
-6.69284674257E+001
-6.69204889502E+001
-6.69763075241E+001
-6.69466489906E+001
-6.69745875190E+001
-6.69543328844E+001
-6.69778965725E+001
-6.69310274537E+001
-6.69066079235E+001
-6.69266317836E+001
-6.69256754428E+001
-6.69799909421E+001
-6.68633423269E+001
-6.68822854187E+001
-6.68659029276E+001
-6.68573401202E+001
-6.67681475680E+001
-6.67692179883E+001
-6.67350015159E+001
-6.66790617079E+001
-6.66867480013E+001
-6.66306660397E+001
-6.66315417753E+001
-6.66309256591E+001
-6.65885341080E+001
-6.65206612753E+001
-6.64861499033E+001
-6.65270729421E+001
-6.66076728942E+001
-6.66640015021E+001
-6.66239194912E+001
-6.66450627128E+001
-6.66152319918E+001
-6.66065586372E+001
-6.65899617969E+001
-6.65837054065E+001
-6.66107348491E+001
-6.66279829923E+001
-6.65725284563E+001
-6.67019542080E+001
-6.67006247533E+001
-6.67192019183E+001
-6.67542046000E+001
-6.67517916881E+001
-6.66837407551E+001
-6.67211920530E+001
-6.67017802327E+001
-6.65392523653E+001
-6.65402067620E+001
-6.65228295804E+001
-6.66199648656E+001
-6.66976375616E+001
-6.66799015414E+001
-6.67053747514E+001
-6.66801423890E+001
-6.68324443932E+001
-6.68133706401E+001
-6.68752730336E+001
-6.69657077288E+001
-6.69605015714E+001
-6.69404193043E+001
-6.69392986028E+001
-6.69706285170E+001
-6.69241062238E+001
-6.68707370386E+001
-6.67766709353E+001
-6.67664094160E+001
-6.68168562518E+001
-6.67801730752E+001
-6.67149884915E+001
-6.66501298038E+001
-6.66279050112E+001
-6.66071627315E+001
-6.66922218723E+001
-6.67434571059E+001
-6.67933933121E+001
-6.67497192822E+001
-6.67879665614E+001
-6.68353990113E+001
-6.69290134048E+001
-6.69001107404E+001
-6.68685911732E+001
-6.69233422273E+001
-6.69669541878E+001
-6.69748433506E+001
-6.70119200304E+001
-6.70564569627E+001
-6.69984910427E+001
-6.70620074722E+001
-6.70679897554E+001
-6.70610700725E+001
-6.70423180203E+001
-6.70592713636E+001
-6.70152872202E+001
-6.69599514798E+001
-6.69308478832E+001
-6.69206316886E+001
-6.69082533230E+001
-6.69145622796E+001
-6.69033766833E+001
-6.68833373756E+001
-6.69032408281E+001
-6.68673387310E+001
-6.68591354844E+001
-6.68889876446E+001
-6.69980979281E+001
-6.70346754850E+001
-6.70362186842E+001
-6.70784049637E+001
-6.69847156196E+001
-6.69686640317E+001
-6.69289788002E+001
-6.69573887277E+001
-6.69458982146E+001
-6.69677216610E+001
-6.68967236175E+001
-6.69030318215E+001
-6.68461786661E+001
-6.68061748398E+001
-6.68338109865E+001
-6.68045629641E+001
-6.67491863240E+001
-6.67391281143E+001
-6.67231286306E+001
-6.67027923495E+001
-6.66909995901E+001
-6.67565712545E+001
-6.68276720993E+001
-6.68437052148E+001
-6.67716059857E+001
-6.67296591616E+001
-6.67296662018E+001
-6.67890258733E+001
-6.67368910428E+001
-6.67004439853E+001
-6.66619305851E+001
-6.66555503902E+001
-6.66696506480E+001
-6.66983631000E+001
-6.66413369782E+001
-6.66052839639E+001
-6.65961906922E+001
-6.65915548995E+001
-6.65942939925E+001
-6.66288440723E+001
-6.66359893493E+001
-6.66228906270E+001
-6.65380634919E+001
-6.65036625520E+001
-6.64980967433E+001
-6.66100556103E+001
-6.66059552176E+001
-6.66048134631E+001
-6.65353012154E+001
-6.65032175387E+001
-6.65116116001E+001
-6.65604279604E+001
-6.65385810502E+001
-6.66190124970E+001
-6.66159601842E+001
-6.65976256614E+001
-6.66320306397E+001
-6.65905688672E+001
-6.66071965267E+001
-6.65829078948E+001
-6.65826124149E+001
-6.65627183036E+001
-6.65372473904E+001
-6.64887915507E+001
-6.64816272478E+001
-6.64501438446E+001
-6.64996096874E+001
-6.65391621839E+001
-6.64951025059E+001
-6.65092039065E+001
-6.65948049131E+001
-6.65890380902E+001
-6.66055611858E+001
-6.65267868928E+001
-6.64315846719E+001
-6.64123282580E+001
-6.64794272520E+001
-6.64575369348E+001
-6.64781862081E+001
-6.64868894020E+001
-6.65638264954E+001
-6.65136807279E+001
-6.64558934955E+001
-6.64744153625E+001
-6.65163512700E+001
-6.63480631433E+001
-6.63786478811E+001
-6.63877208111E+001
-6.63837304018E+001
-6.63901111363E+001
-6.64027378012E+001
-6.63468738478E+001
-6.63452747925E+001
-6.63163479725E+001
-6.63336419671E+001
-6.63341208029E+001
-6.62135382946E+001
-6.62021223028E+001
-6.61864423576E+001
-6.61758316960E+001
-6.61832156304E+001
-6.60151526920E+001
-6.61141247376E+001
-6.61645049114E+001
-6.60891581361E+001
-6.60719252554E+001
-6.60631926036E+001
-6.60316915947E+001
-6.60093785704E+001
-6.60388494720E+001
-6.60510873947E+001
-6.61125163597E+001
-6.62039583043E+001
-6.61791580547E+001
-6.61973799353E+001
-6.62280365920E+001
-6.63034917582E+001
-6.63558233525E+001
-6.63902381367E+001
-6.64013447636E+001
-6.63775116470E+001
-6.63814304055E+001
-6.64340962831E+001
-6.64080900585E+001
-6.64271568280E+001
-6.63188538878E+001
-6.63259052708E+001
-6.63679729963E+001
-6.63046347488E+001
-6.62435950206E+001
-6.62493429378E+001
-6.62076894370E+001
-6.62532557825E+001
-6.62691879545E+001
-6.62415834925E+001
-6.62649082919E+001
-6.62820805753E+001
-6.62840464667E+001
-6.62984437627E+001
-6.63158587704E+001
-6.62955704182E+001
-6.63140273017E+001
-6.64345749605E+001
-6.63780736850E+001
-6.63648189636E+001
-6.63711351217E+001
-6.63593974407E+001
-6.63677197683E+001
-6.65300643797E+001
-6.65756867177E+001
-6.65632410849E+001
-6.65222812780E+001
-6.64878602291E+001
-6.64619899582E+001
-6.64622406508E+001
-6.64780109431E+001
-6.64867293394E+001
-6.65384244470E+001
-6.65470488549E+001
-6.65528655919E+001
-6.65824978023E+001
-6.65704843711E+001
-6.65197273140E+001
-6.65666543622E+001
-6.65907929301E+001
-6.66808187728E+001
-6.66940036110E+001
-6.66900493987E+001
-6.66937823175E+001
-6.67441944269E+001
-6.67132009830E+001
-6.68202589157E+001
-6.67942689251E+001
-6.67502571985E+001
-6.66986060484E+001
-6.67491832749E+001
-6.67556328255E+001
-6.67362911047E+001
-6.67053239147E+001
-6.67056654063E+001
-6.67031245898E+001
-6.67629204559E+001
-6.67256125000E+001
-6.67396708119E+001
-6.67100890453E+001
-6.67113908357E+001
-6.67231082207E+001
-6.67764242590E+001
-6.67792641538E+001
-6.67762881092E+001
-6.68558168952E+001
-6.67783243042E+001
-6.67892316678E+001
-6.68362264801E+001
-6.69336491413E+001
-6.69626368409E+001
-6.68704796865E+001
-6.70170984166E+001
-6.70443161468E+001
-6.70364799540E+001
-6.70477909072E+001
-6.69983103807E+001
-6.70024647163E+001
-6.70263605465E+001
-6.69682534597E+001
-6.70295270447E+001
-6.70529768850E+001
-6.69977832997E+001
-6.69789457424E+001
-6.69681506653E+001
-6.69965019289E+001
-6.69984538763E+001
-6.70077420880E+001
-6.70477517567E+001
-6.71323707533E+001
-6.71452570991E+001
-6.72105469086E+001
-6.71767503730E+001
-6.71693273629E+001
-6.72428473544E+001
-6.73360592217E+001
-6.72981323151E+001
-6.73039083973E+001
-6.72696631575E+001
-6.72875109170E+001
-6.73484614267E+001
-6.73701514729E+001
-6.73050394287E+001
-6.72492294776E+001
-6.71887936334E+001
-6.71881161974E+001
-6.71509895116E+001
-6.72011571403E+001
-6.72329950702E+001
-6.72017792013E+001
-6.71830531302E+001
-6.72264247141E+001
-6.72067159634E+001
-6.72341219141E+001
-6.72793660536E+001
-6.73061331137E+001
-6.73005415862E+001
-6.73265351432E+001
-6.73323613115E+001
-6.73360010510E+001
-6.73502016341E+001
-6.73477464670E+001
-6.73559266943E+001
-6.73071554041E+001
-6.73219605016E+001
-6.73842948022E+001
-6.73813562828E+001
-6.74080094001E+001
-6.73198760053E+001
-6.71999770212E+001
-6.71918126637E+001
-6.71752984833E+001
-6.71758039597E+001
-6.72208308595E+001
-6.72946791707E+001
-6.73313619833E+001
-6.73057114433E+001
-6.72861934075E+001
-6.71874669032E+001
-6.72494887552E+001
-6.72478854453E+001
-6.72519745283E+001
-6.71930800789E+001
-6.71376209724E+001
-6.70989012551E+001
-6.70620421212E+001
-6.70254073074E+001
-6.70093628860E+001
-6.70002318506E+001
-6.69583388187E+001
-6.68918415382E+001
-6.68755912031E+001
-6.68830337648E+001
-6.68564838195E+001
-6.68283832574E+001
-6.68066855319E+001
-6.68553373466E+001
-6.68937774686E+001
-6.68607873304E+001
-6.68224112140E+001
-6.68119508341E+001
-6.68056290288E+001
-6.68174232661E+001
-6.68508100105E+001
-6.68783469176E+001
-6.68670429947E+001
-6.69204226960E+001
-6.69460166688E+001
-6.68197931847E+001
-6.68279655022E+001
-6.67933498777E+001
-6.69362859249E+001
-6.69157374330E+001
-6.68717868893E+001
-6.67038759789E+001
-6.66533813487E+001
-6.66400227884E+001
-6.66263721585E+001
-6.66181922291E+001
-6.65816557554E+001
-6.65697853329E+001
-6.65750431329E+001
-6.65526288106E+001
-6.64782170772E+001
-6.64516147899E+001
-6.65344321901E+001
-6.64722272910E+001
-6.64949568373E+001
-6.65451387349E+001
-6.65267299940E+001
-6.65799987901E+001
-6.65696647056E+001
-6.66215407442E+001
-6.66867846560E+001
-6.66652456848E+001
-6.66625036113E+001
-6.67133880666E+001
-6.66540484002E+001
-6.66332507675E+001
-6.66437050205E+001
-6.66592424841E+001
-6.66994629059E+001
-6.66721930336E+001
-6.67218807031E+001
-6.67261706768E+001
-6.67174656734E+001
-6.68215946628E+001
-6.67941534771E+001
-6.67935656699E+001
-6.67461539652E+001
-6.67696602406E+001
-6.67655609885E+001
-6.68810008886E+001
-6.68758395812E+001
-6.68918724820E+001
-6.69277602759E+001
-6.68526780320E+001
-6.69469216426E+001
-6.69447831314E+001
-6.69329307301E+001
-6.68504388541E+001
-6.68348091448E+001
-6.68615573752E+001
-6.67849738371E+001
-6.67938735754E+001
-6.68355034267E+001
-6.68551946399E+001
-6.68205997639E+001
-6.68760455693E+001
-6.68594045316E+001
-6.68468524316E+001
-6.68155755526E+001
-6.68126109303E+001
-6.67798773149E+001
-6.67906396820E+001
-6.68498498895E+001
-6.68838194826E+001
-6.68667858160E+001
-6.68787876439E+001
-6.68696336949E+001
-6.68157332969E+001
-6.68166712738E+001
-6.67676225562E+001
-6.67559757108E+001
-6.68232517312E+001
-6.67553421431E+001
-6.67191823758E+001
-6.66953414060E+001
-6.66990943109E+001
-6.67352537334E+001
-6.67253851929E+001
-6.66728376016E+001
-6.66418719555E+001
-6.67024487267E+001
-6.67739718290E+001
-6.67789735253E+001
-6.67735324902E+001
-6.67356342662E+001
-6.67129971580E+001
-6.66564935081E+001
-6.66690699859E+001
-6.66788296577E+001
-6.66663529740E+001
-6.66092917250E+001
-6.65344591974E+001
-6.64677270027E+001
-6.64399757812E+001
-6.64924690931E+001
-6.65168945682E+001
-6.65826532096E+001
-6.65621253777E+001
-6.65176334125E+001
-6.64958224271E+001
-6.64280926264E+001
-6.64171234042E+001
-6.64248901985E+001
-6.63139013272E+001
-6.63607614006E+001
-6.63606147286E+001
-6.63962999587E+001
-6.64194067452E+001
-6.63788687768E+001
-6.65072400493E+001
-6.65179145954E+001
-6.64637636753E+001
-6.63865969764E+001
-6.64196907158E+001
-6.64487035516E+001
-6.65058965522E+001
-6.65543217621E+001
-6.64987592389E+001
-6.64931191179E+001
-6.65844719995E+001
-6.65713154561E+001
-6.65862548813E+001
-6.66066492887E+001
-6.66245951759E+001
-6.66682704906E+001
-6.66190716210E+001
-6.65859633803E+001
-6.65922570467E+001
-6.66319505568E+001
-6.66750502169E+001
-6.66681849911E+001
-6.66593486246E+001
-6.66940283928E+001
-6.67297830943E+001
-6.66337189205E+001
-6.66008258859E+001
-6.65339751192E+001
-6.65735225671E+001
-6.65709462691E+001
-6.66266119851E+001
-6.66362855991E+001
-6.66467379301E+001
-6.66772161991E+001
-6.66526412767E+001
-6.66383864400E+001
-6.66387404740E+001
-6.66606826200E+001
-6.66687698073E+001
-6.66931237498E+001
-6.65668061530E+001
-6.65655848026E+001
-6.66012406131E+001
-6.66071542831E+001
-6.66682323491E+001
-6.66762044109E+001
-6.66683579837E+001
-6.66881161558E+001
-6.67104243125E+001
-6.67478648116E+001
-6.68034469848E+001
-6.68224919272E+001
-6.68426466171E+001
-6.68727936563E+001
-6.68510289734E+001
-6.68909869226E+001
-6.68797816328E+001
-6.68794031586E+001
-6.69495494697E+001
-6.68850219421E+001
-6.68093407802E+001
-6.67846516677E+001
-6.67185135963E+001
-6.67829278795E+001
-6.67579553298E+001
-6.67190332058E+001
-6.66891338462E+001
-6.67790027687E+001
-6.68903627510E+001
-6.68659968792E+001
-6.68218149014E+001
-6.68402382453E+001
-6.68463093433E+001
-6.68626958942E+001
-6.68559873589E+001
-6.67699979383E+001
-6.67984494726E+001
-6.68271855953E+001
-6.68399507673E+001
-6.68313996703E+001
-6.68384345101E+001
-6.67838913350E+001
-6.68047559677E+001
-6.68113043423E+001
-6.68158826747E+001
-6.67787312612E+001
-6.67519274168E+001
-6.69085331788E+001
-6.69236573750E+001
-6.69516301119E+001
-6.69749035143E+001
-6.71933328236E+001
-6.71620657576E+001
-6.71349984598E+001
-6.71020653057E+001
-6.72365520948E+001
-6.72798687588E+001
-6.72851609176E+001
-6.72894186355E+001
-6.72987372073E+001
-6.72806786845E+001
-6.72877052270E+001
-6.72968329890E+001
-6.72750575677E+001
-6.72445223970E+001
-6.71853453455E+001
-6.72160642421E+001
-6.72551607013E+001
-6.72699185996E+001
-6.72234175647E+001
-6.72183890942E+001
-6.72157317327E+001
-6.72790504230E+001
-6.71950012517E+001
-6.72766128648E+001
-6.72363796549E+001
-6.72408553295E+001
-6.72987730252E+001
-6.72914957820E+001
-6.74374971006E+001
-6.74534512435E+001
-6.74528319428E+001
-6.74184389591E+001
-6.73977938422E+001
-6.74290024395E+001
-6.74351451879E+001
-6.75268431669E+001
-6.75428627628E+001
-6.75930038270E+001
-6.76466915944E+001
-6.76954938468E+001
-6.77238455009E+001
-6.77816311458E+001
-6.77630864581E+001
-6.77686449087E+001
-6.77420348341E+001
-6.77164039086E+001
-6.76991153966E+001
-6.76684972286E+001
-6.76569760481E+001
-6.76412848656E+001
-6.76457288381E+001
-6.77252592902E+001
-6.77673151990E+001
-6.77580176504E+001
-6.77644630102E+001
-6.77295871299E+001
-6.77454928537E+001
-6.77629012616E+001
-6.78090558889E+001
-6.78746916429E+001
-6.77821346224E+001
-6.78464227465E+001
-6.79871216755E+001
-6.80133479977E+001
-6.79142352898E+001
-6.79519464940E+001
-6.78960107919E+001
-6.78421371361E+001
-6.79114544850E+001
-6.78852823594E+001
-6.77412643083E+001
-6.77566083721E+001
-6.78191214694E+001
-6.78048286077E+001
-6.77541170342E+001
-6.77095554058E+001
-6.77536463533E+001
-6.77706641234E+001
-6.78025753441E+001
-6.77268857332E+001
-6.77186093893E+001
-6.77179833559E+001
-6.77586115457E+001
-6.77727135011E+001
-6.78784589880E+001
-6.79033704466E+001
-6.78958168309E+001
-6.79301881532E+001
-6.78855679939E+001
-6.78701904499E+001
-6.78605633865E+001
-6.78715325030E+001
-6.78503264327E+001
-6.78264084701E+001
-6.78558844254E+001
-6.78340157213E+001
-6.78941636257E+001
-6.79425147697E+001
-6.79245973428E+001
-6.79323186233E+001
-6.79039004538E+001
-6.80101606576E+001
-6.80281979001E+001
-6.80255562261E+001
-6.79877219748E+001
-6.79975580951E+001
-6.79785557517E+001
-6.79928332881E+001
-6.80429060603E+001
-6.80136972144E+001
-6.79784777277E+001
-6.79674584979E+001
-6.79841998023E+001
-6.79751325307E+001
-6.80576355946E+001
-6.80321477827E+001
-6.80561716624E+001
-6.80457308208E+001
-6.79938004374E+001
-6.79469104295E+001
-6.79682069262E+001
-6.79052996686E+001
-6.79145942611E+001
-6.78430785131E+001
-6.78647757239E+001
-6.78461005153E+001
-6.78280148006E+001
-6.77943296811E+001
-6.76959192796E+001
-6.78056435524E+001
-6.78106874981E+001
-6.77738543907E+001
-6.77829811020E+001
-6.77287995641E+001
-6.78815678757E+001
-6.78681467059E+001
-6.77905965239E+001
-6.78060731214E+001
-6.77956469953E+001
-6.78122576137E+001
-6.78077510480E+001
-6.77825342469E+001
-6.77424209713E+001
-6.77231540341E+001
-6.77855119127E+001
-6.78145254832E+001
-6.77832388777E+001
-6.76450562560E+001
-6.76308701399E+001
-6.76349615418E+001
-6.76085704774E+001
-6.73712051205E+001
-6.73774622062E+001
-6.73860342797E+001
-6.74091594905E+001
-6.73008745946E+001
-6.73072103321E+001
-6.72128455339E+001
-6.71929821908E+001
-6.71596934659E+001
-6.72071924172E+001
-6.72213477142E+001
-6.72605540055E+001
-6.72828280018E+001
-6.73044467890E+001
-6.73360707499E+001
-6.73024035826E+001
-6.73039572673E+001
-6.72677861446E+001
-6.73138956848E+001
-6.73249970454E+001
-6.73398986079E+001
-6.72502623231E+001
-6.73060967131E+001
-6.72444340240E+001
-6.72156105234E+001
-6.72523806755E+001
-6.72045388383E+001
-6.71825251005E+001
-6.70658508093E+001
-6.70772022105E+001
-6.70948393180E+001
-6.70531475178E+001
-6.70379415030E+001
-6.70472873586E+001
-6.70495355664E+001
-6.70387084606E+001
-6.70405782472E+001
-6.70911423410E+001
-6.70497118439E+001
-6.70565650213E+001
-6.70360505575E+001
-6.69679508417E+001
-6.69583067783E+001
-6.69320720312E+001
-6.69494143576E+001
-6.69065151358E+001
-6.68977932342E+001
-6.68593010737E+001
-6.68747328169E+001
-6.69299867822E+001
-6.70233757657E+001
-6.69966321150E+001
-6.69761033729E+001
-6.70641686805E+001
-6.71041489914E+001
-6.71203128490E+001
-6.71163037783E+001
-6.71575955146E+001
-6.71746994102E+001
-6.71671840151E+001
-6.71996165805E+001
-6.71436927758E+001
-6.70454744244E+001
-6.70554747515E+001
-6.71024332587E+001
-6.70996560923E+001
-6.71027018831E+001
-6.71534746950E+001
-6.70925921604E+001
-6.70940725507E+001
-6.71446514355E+001
-6.71324848442E+001
-6.70521343770E+001
-6.70792587441E+001
-6.71341416358E+001
-6.71666219288E+001
-6.71523180510E+001
-6.71543414778E+001
-6.71490949911E+001
-6.71742029800E+001
-6.71778264472E+001
-6.72396670446E+001
-6.72249519408E+001
-6.71913968659E+001
-6.71385788528E+001
-6.71765968934E+001
-6.72209498193E+001
-6.72021104223E+001
-6.72507652857E+001
-6.72369051546E+001
-6.71764930112E+001
-6.71870731690E+001
-6.72030596048E+001
-6.71516844723E+001
-6.71305013782E+001
-6.71364464067E+001
-6.70895743421E+001
-6.71093667130E+001
-6.71191730821E+001
-6.70930904722E+001
-6.71332108323E+001
-6.70298214667E+001
-6.69935630382E+001
-6.70296284027E+001
-6.69956711350E+001
-6.69387455588E+001
-6.70090798915E+001
-6.70469644329E+001
-6.69798479310E+001
-6.69931563708E+001
-6.69477655944E+001
-6.69651722918E+001
-6.70044453231E+001
-6.70340358820E+001
-6.68938486030E+001
-6.68802197241E+001
-6.68774098006E+001
-6.68731309031E+001
-6.69172832448E+001
-6.69556604704E+001
-6.69177213891E+001
-6.69824375341E+001
-6.70305820927E+001
-6.70215992219E+001
-6.69924619112E+001
-6.70080034487E+001
-6.71190225861E+001
-6.70399337835E+001
-6.69962935335E+001
-6.69436504475E+001
-6.69337874520E+001
-6.69607804437E+001
-6.68915926156E+001
-6.68644210921E+001
-6.67137863881E+001
-6.67142342459E+001
-6.67236215848E+001
-6.66800773631E+001
-6.67116511388E+001
-6.66928825454E+001
-6.66869437042E+001
-6.66772144405E+001
-6.66617291798E+001
-6.66545932251E+001
-6.65923662977E+001
-6.65637330203E+001
-6.66080049845E+001
-6.65943687382E+001
-6.65336832290E+001
-6.65261684855E+001
-6.65829318056E+001
-6.65631027423E+001
-6.65363627603E+001
-6.65290909317E+001
-6.64881662614E+001
-6.64806349470E+001
-6.64842238934E+001
-6.65161306446E+001
-6.65592435043E+001
-6.65702724330E+001
-6.65255380836E+001
-6.64676117901E+001
-6.64245662762E+001
-6.64373065095E+001
-6.64640602771E+001
-6.64286575540E+001
-6.64136889633E+001
-6.63999925008E+001
-6.63848601095E+001
-6.64459509146E+001
-6.64666787345E+001
-6.64183297832E+001
-6.64026671090E+001
-6.63707222543E+001
-6.63545156083E+001
-6.63951587709E+001
-6.64526972818E+001
-6.64483291061E+001
-6.64767641099E+001
-6.64868692047E+001
-6.64340350510E+001
-6.64060203559E+001
-6.64915587885E+001
-6.65039131367E+001
-6.64827501179E+001
-6.64758403688E+001
-6.64758880947E+001
-6.64099460120E+001
-6.63265461377E+001
-6.63460880805E+001
-6.62844350919E+001
-6.62499571437E+001
-6.62726022011E+001
-6.62963284014E+001
-6.64045226425E+001
-6.63633518896E+001
-6.64045247371E+001
-6.64185027652E+001
-6.64658583429E+001
-6.64880458109E+001
-6.65133318990E+001
-6.64599808292E+001
-6.64613379444E+001
-6.64628564865E+001
-6.63822602362E+001
-6.63199141240E+001
-6.63266527908E+001
-6.63374796507E+001
-6.62980485724E+001
-6.62552421896E+001
-6.62453670088E+001
-6.62851146848E+001
-6.64124091705E+001
-6.63931072121E+001
-6.65208908128E+001
-6.65290087146E+001
-6.65439667356E+001
-6.65650716732E+001
-6.65161670259E+001
-6.65598040001E+001
-6.65488498557E+001
-6.64905585053E+001
-6.64922090342E+001
-6.65403164333E+001
-6.65258199232E+001
-6.64427093224E+001
-6.64714361074E+001
-6.64848017494E+001
-6.64802224432E+001
-6.64425825722E+001
-6.64738017828E+001
-6.65029517088E+001
-6.64631540671E+001
-6.64807391849E+001
-6.65111857059E+001
-6.64650525008E+001
-6.64269640109E+001
-6.63431106113E+001
-6.63495135369E+001
-6.62691298995E+001
-6.62550948188E+001
-6.62458988171E+001
-6.61501003613E+001
-6.60780938951E+001
-6.60865991378E+001
-6.60663271412E+001
-6.60489118674E+001
-6.59754771952E+001
-6.58949057204E+001
-6.58729707791E+001
-6.58830688177E+001
-6.58390866916E+001
-6.58179323854E+001
-6.58047258525E+001
-6.57623693796E+001
-6.57543123947E+001
-6.57839597729E+001
-6.56857448782E+001
-6.56243861558E+001
-6.56111399568E+001
-6.55506220766E+001
-6.55084919358E+001
-6.55128187463E+001
-6.54162047989E+001
-6.53519184083E+001
-6.53296888345E+001
-6.53051811498E+001
-6.52641278693E+001
-6.52469312319E+001
-6.51563320575E+001
-6.50909131032E+001
-6.51041354293E+001
-6.50376023719E+001
-6.49879306467E+001
-6.49789931622E+001
-6.49561766986E+001
-6.49227003919E+001
-6.47719698967E+001
-6.47582538783E+001
-6.47253214474E+001
-6.46553675822E+001
-6.46279890972E+001
-6.46128892106E+001
-6.46064955793E+001
-6.46383306407E+001
-6.46213936104E+001
-6.45832232239E+001
-6.45571604371E+001
-6.45403803903E+001
-6.44833714792E+001
-6.44999586527E+001
-6.44747116178E+001
-6.44710048210E+001
-6.44632218355E+001
-6.44298992121E+001
-6.43657310779E+001
-6.43432917629E+001
-6.42838359190E+001
-6.42309270925E+001
-6.42551081921E+001
-6.41848495849E+001
-6.40949539445E+001
-6.40874962622E+001
-6.40642761382E+001
-6.40389221980E+001
-6.40211228434E+001
-6.39503870075E+001
-6.38927552678E+001
-6.38348136963E+001
-6.37653506571E+001
-6.37555476159E+001
-6.37311146591E+001
-6.37341993655E+001
-6.37209407494E+001
-6.36667828135E+001
-6.35546707150E+001
-6.35564750766E+001
-6.35363567991E+001
-6.34570356992E+001
-6.34467591876E+001
-6.33278149756E+001
-6.32765419768E+001
-6.32662012305E+001
-6.32622163467E+001
-6.32240037085E+001
-6.32017843501E+001
-6.31533137671E+001
-6.30322772948E+001
-6.29507491778E+001
-6.28972200611E+001
-6.28458735507E+001
-6.28424426604E+001
-6.28274603329E+001
-6.27095209929E+001
-6.26595646993E+001
-6.26524696685E+001
-6.26256083539E+001
-6.25604015106E+001
-6.25834826350E+001
-6.25546850916E+001
-6.24859395038E+001
-6.24653876718E+001
-6.24512478787E+001
-6.24305233316E+001
-6.24211541792E+001
-6.23371060848E+001
-6.23610771656E+001
-6.23496178463E+001
-6.23593427364E+001
-6.22671936339E+001
-6.22147352813E+001
-6.21475762881E+001
-6.20567388490E+001
-6.20079959003E+001
-6.19510464725E+001
-6.19318655457E+001
-6.19432069108E+001
-6.18782488482E+001
-6.18317540976E+001
-6.17631658593E+001
-6.17120020580E+001
-6.17066508599E+001
-6.15855725390E+001
-6.14171451589E+001
-6.13662587807E+001
-6.11787135858E+001
-6.10924937656E+001
-6.09992404818E+001
-6.09323944777E+001
-6.09262438985E+001
-6.08449091145E+001
-6.08579403520E+001
-6.08800863367E+001
-6.08846887059E+001
-6.08019827401E+001
-6.07834853376E+001
-6.07787650061E+001
-6.06725648827E+001
-6.06224950309E+001
-6.05894189790E+001
-6.05766936655E+001
-6.05246775763E+001
-6.04440640998E+001
-6.03657527215E+001
-6.03206658434E+001
-6.02764590516E+001
-6.02243231187E+001
-6.01838377989E+001
-6.02027951047E+001
-6.02107285835E+001
-6.02221036013E+001
-6.02318658412E+001
-6.02400291584E+001
-6.02451507667E+001
-6.02640312310E+001
-6.02600740571E+001
-6.02602332409E+001
-6.02459712767E+001
-6.02437053880E+001
-6.02376055372E+001
-6.02282779192E+001
-6.01893351733E+001
-6.01678462932E+001
-6.02052337001E+001
-6.01969001496E+001
-6.02004089405E+001
-6.01938422531E+001
-6.01734427188E+001
-6.01674480914E+001
-6.01340784363E+001
-6.01344865980E+001
-6.01364716638E+001
-6.01275659665E+001
-6.00759460873E+001
-6.00941140470E+001
-6.01407106231E+001
-6.01467906940E+001
-6.01339024961E+001
-6.01507678308E+001
-6.01120087506E+001
-6.01186668760E+001
-6.01551180117E+001
-6.01231699765E+001
-6.01371414265E+001
-6.01310573898E+001
-6.01484545981E+001
-6.01190882220E+001
-6.00993415960E+001
-6.01197116456E+001
-6.01250952687E+001
-6.01387485658E+001
-6.01310168241E+001
-6.01114046794E+001
-6.01205907824E+001
-6.01360721032E+001
-6.01202512803E+001
-6.01403189192E+001
-6.01621834443E+001
-6.01782098552E+001
-6.01982492916E+001
-6.02066643433E+001
-6.01731136157E+001
-6.01666566454E+001
-6.01254879295E+001
-6.00966756911E+001
-6.00977008947E+001
-6.00938408440E+001
-6.01047889792E+001
-6.00848623090E+001
-6.01053066873E+001
-6.00936890826E+001
-6.00922329492E+001
-6.01478413267E+001
-6.01758392855E+001
-6.01752257266E+001
-6.01656089479E+001
-6.01597448845E+001
-6.01892487525E+001
-6.01993454418E+001
-6.02046660923E+001
-6.02243251900E+001
-6.02278326187E+001
-6.02193632871E+001
-6.02201569769E+001
-6.02670931395E+001
-6.02606223060E+001
-6.02852474012E+001
-6.02734039833E+001
-6.02820708450E+001
-6.03125477213E+001
-6.03519315747E+001
-6.03488105716E+001
-6.03404955189E+001
-6.03318351792E+001
-6.03326430291E+001
-6.03456184022E+001
-6.03548435032E+001
-6.03608273349E+001
-6.03553809047E+001
-6.03909710752E+001
-6.04223837584E+001
-6.04401435052E+001
-6.04351304929E+001
-6.04759542076E+001
-6.04693988349E+001
-6.04921162427E+001
-6.04737743401E+001
-6.04421782430E+001
-6.04116357346E+001
-6.04433146474E+001
-6.05087501644E+001
-6.05166280507E+001
-6.05081643625E+001
-6.05142898472E+001
-6.05146151166E+001
-6.04887437096E+001
-6.04489312392E+001
-6.03959623191E+001
-6.03562481012E+001
-6.03060713188E+001
-6.03019029623E+001
-6.02949075967E+001
-6.02660826066E+001
-6.02886817182E+001
-6.02519514302E+001
-6.02491201141E+001
-6.02476509024E+001
-6.02982346108E+001
-6.03058963172E+001
-6.03002118773E+001
-6.02963375023E+001
-6.02888525579E+001
-6.03018513935E+001
-6.03059985993E+001
-6.03005592168E+001
-6.02793665666E+001
-6.03169968607E+001
-6.03387754012E+001
-6.03278781100E+001
-6.03138698006E+001
-6.03421779589E+001
-6.03049748322E+001
-6.02735128832E+001
-6.02287127946E+001
-6.01977842626E+001
-6.02320716473E+001
-6.02017342949E+001
-6.02034304410E+001
-6.02413993075E+001
-6.02155607704E+001
-6.02053950621E+001
-6.01859429768E+001
-6.01947085058E+001
-6.02115736437E+001
-6.02337834621E+001
-6.01875975090E+001
-6.02042073794E+001
-6.02012879672E+001
-6.02235901971E+001
-6.02562939551E+001
-6.02663195080E+001
-6.02587239095E+001
-6.02669674868E+001
-6.02855210829E+001
-6.03249185523E+001
-6.03221817826E+001
-6.02767626781E+001
-6.02595459872E+001
-6.02714643652E+001
-6.02800964024E+001
-6.02899389820E+001
-6.03237248485E+001
-6.03312697106E+001
-6.03414905069E+001
-6.03154824448E+001
-6.03292125014E+001
-6.03255820273E+001
-6.03272610457E+001
-6.03194368429E+001
-6.03364125899E+001
-6.03415270405E+001
-6.03392292684E+001
-6.03415419077E+001
-6.03853509626E+001
-6.03744943916E+001
-6.03637499720E+001
-6.03022788702E+001
-6.02991577874E+001
-6.03882147730E+001
-6.03862911158E+001
-6.04153639986E+001
-6.05022588926E+001
-6.05225943095E+001
-6.05442986216E+001
-6.05874479867E+001
-6.06203565953E+001
-6.06930009153E+001
-6.07099265196E+001
-6.07706083963E+001
-6.08321234100E+001
-6.08394853096E+001
-6.08770197576E+001
-6.08983148908E+001
-6.09284952346E+001
-6.09686986901E+001
-6.09757539537E+001
-6.10656154279E+001
-6.11301417051E+001
-6.11302237252E+001
-6.12775252728E+001
-6.13092063559E+001
-6.13412454552E+001
-6.13667780715E+001
-6.14404501115E+001
-6.14614901498E+001
-6.15479078176E+001
-6.15975055912E+001
-6.16300157994E+001
-6.16681149574E+001
-6.18141529668E+001
-6.18709284666E+001
-6.18840853822E+001
-6.19060555008E+001
-6.19199615170E+001
-6.19249157913E+001
-6.19810062410E+001
-6.20151627814E+001
-6.20757765514E+001
-6.21191190882E+001
-6.21908058793E+001
-6.22356972470E+001
-6.22883325625E+001
-6.22872127585E+001
-6.23509074986E+001
-6.24269631248E+001
-6.24159053877E+001
-6.24265455300E+001
-6.24757922707E+001
-6.25032187272E+001
-6.25609227517E+001
-6.25721066515E+001
-6.25431804220E+001
-6.26009798373E+001
-6.26875124510E+001
-6.27153596683E+001
-6.27317183132E+001
-6.27447124547E+001
-6.28268775023E+001
-6.28475223376E+001
-6.29664052502E+001
-6.29821022834E+001
-6.29986605365E+001
-6.30285938747E+001
-6.30435124334E+001
-6.30265584941E+001
-6.30557787154E+001
-6.30740389382E+001
-6.32166644565E+001
-6.32637846761E+001
-6.33282172205E+001
-6.34748006472E+001
-6.34677958201E+001
-6.35104209081E+001
-6.35420523169E+001
-6.36065189415E+001
-6.36194167460E+001
-6.36371615956E+001
-6.36318570948E+001
-6.37169601552E+001
-6.37564751141E+001
-6.38341107015E+001
-6.38855941490E+001
-6.39205820609E+001
-6.40405147726E+001
-6.40499413752E+001
-6.40977073086E+001
-6.41054038583E+001
-6.42016251725E+001
-6.41905669614E+001
-6.42156442026E+001
-6.42610219459E+001
-6.42827524162E+001
-6.43239049018E+001
-6.43522220914E+001
-6.43841255079E+001
-6.44252416067E+001
-6.44859064372E+001
-6.44763053046E+001
-6.44893978258E+001
-6.45213496232E+001
-6.46675749233E+001
-6.46875947277E+001
-6.47350380283E+001
-6.48793175866E+001
-6.49560275283E+001
-6.51518634590E+001
-6.52482483530E+001
-6.53012354321E+001
-6.53719988649E+001
-6.54306062391E+001
-6.55161205006E+001
-6.55872003205E+001
-6.56392038522E+001
-6.57438997130E+001
-6.57917018566E+001
-6.57920625638E+001
-6.58488400586E+001
-6.58316576391E+001
-6.58745656694E+001
-6.58720443427E+001
-6.58665294097E+001
-6.58615065215E+001
-6.59630629917E+001
-6.59518068757E+001
-6.59320271512E+001
-6.60111397262E+001
-6.60406845861E+001
-6.61055760233E+001
-6.61522504520E+001
-6.61951744596E+001
-6.62506097187E+001
-6.62530495254E+001
-6.62362030689E+001
-6.62978449850E+001
-6.63072079880E+001
-6.63302644930E+001
-6.63748315413E+001
-6.64130338229E+001
-6.65154900019E+001
-6.65239279387E+001
-6.66074475546E+001
-6.66125927123E+001
-6.66551048391E+001
-6.67258250765E+001
-6.67184227594E+001
-6.67537693604E+001
-6.68325258818E+001
-6.68597682167E+001
-6.68827063049E+001
-6.67963504910E+001
-6.67780096728E+001
-6.67764339157E+001
-6.67438270744E+001
-6.67819685948E+001
-6.68021696002E+001
-6.67555317870E+001
-6.67369994287E+001
-6.66822633659E+001
-6.67144821609E+001
-6.67052876402E+001
-6.67063296624E+001
-6.67294686159E+001
-6.67346086028E+001
-6.67644602876E+001
-6.67416820554E+001
-6.67092930421E+001
-6.67317730769E+001
-6.67215970812E+001
-6.66445332746E+001
-6.66665053122E+001
-6.65992164965E+001
-6.66871803632E+001
-6.67554403938E+001
-6.67737188841E+001
-6.67391305808E+001
-6.68186049994E+001
-6.67854815489E+001
-6.67888993705E+001
-6.68184496827E+001
-6.68115272767E+001
-6.67020996658E+001
-6.66990708632E+001
-6.69226676911E+001
-6.70128660573E+001
-6.69320954800E+001
-6.68952696896E+001
-6.69025619087E+001
-6.68834902653E+001
-6.68883916838E+001
-6.68540224471E+001
-6.67933612263E+001
-6.67760766935E+001
-6.67857143669E+001
-6.68077733946E+001
-6.68707211293E+001
-6.68045661079E+001
-6.68021787340E+001
-6.68192289438E+001
-6.67956847714E+001
-6.67942180682E+001
-6.67850246298E+001
-6.68082880965E+001
-6.68377084520E+001
-6.68075618325E+001
-6.67828128930E+001
-6.68161589004E+001
-6.68427683305E+001
-6.68367683031E+001
-6.67682459318E+001
-6.68024485738E+001
-6.67542023373E+001
-6.67491988151E+001
-6.67578489256E+001
-6.67885569036E+001
-6.68008420585E+001
-6.68647044352E+001
-6.68766651118E+001
-6.68747040665E+001
-6.67946209826E+001
-6.68062872697E+001
-6.68612618995E+001
-6.66971455737E+001
-6.66610987379E+001
-6.66384996582E+001
-6.66580452969E+001
-6.66878537029E+001
-6.68878770676E+001
-6.70229602476E+001
-6.70876318997E+001
-6.70296386129E+001
-6.70729872029E+001
-6.70197181085E+001
-6.70360399633E+001
-6.70972436602E+001
-6.69967688694E+001
-6.70030904387E+001
-6.70388098988E+001
-6.70725425854E+001
-6.70003578555E+001
-6.69909130958E+001
-6.69814034954E+001
-6.70236425579E+001
-6.70394752872E+001
-6.70540270239E+001
-6.71020088978E+001
-6.71609267888E+001
-6.70719729855E+001
-6.70003015582E+001
-6.68262420547E+001
-6.67515911688E+001
-6.66797201425E+001
-6.66393351311E+001
-6.65768317789E+001
-6.66036652006E+001
-6.66439432601E+001
-6.66876154422E+001
-6.67380071199E+001
-6.67308019644E+001
-6.67135982420E+001
-6.67362257020E+001
-6.67614795868E+001
-6.67711737299E+001
-6.67914291134E+001
-6.68571127653E+001
-6.68423808658E+001
-6.68181149310E+001
-6.68167786374E+001
-6.67808639348E+001
-6.68751206746E+001
-6.69018120248E+001
-6.70209919541E+001
-6.71773147266E+001
-6.71305762913E+001
-6.72259104474E+001
-6.72751669024E+001
-6.73295194516E+001
-6.73405705786E+001
-6.73790070455E+001
-6.75098018887E+001
-6.74348032908E+001
-6.75416188542E+001
-6.72676701662E+001
-6.71270494054E+001
-6.70827174424E+001
-6.70930084030E+001
-6.71192876725E+001
-6.71533240007E+001
-6.65346660688E+001
-6.68228905679E+001
-6.68978449055E+001
-6.69541012173E+001
-6.71322333402E+001
-6.70891618727E+001
-6.69914708866E+001
-6.70806139875E+001
-6.72475757767E+001
-6.73086461930E+001
-6.74452927639E+001
-6.74330898957E+001
-6.76416370796E+001
-6.77973552827E+001
-6.79234489472E+001
-6.78799614996E+001
-6.77924499721E+001
-6.81065353345E+001
-6.82385353176E+001
-6.80142836664E+001
-6.86580450508E+001
-6.83456017347E+001
-6.55985566848E+001
-6.59096172375E+001
-6.56561297537E+001
-6.43817744889E+001
-6.50184933247E+001
-6.46211764381E+001
-6.34393942880E+001
